0 785 5060 575 928 0 5595 50 0 0 0 12 0 0 0 0 0 0 0 0 0 0 0 0 0 0 0 0 0 0 0 25 0 2258 0 93 2 0 39 0 0 2 0 6 1 0 0 3 0 0 0 0 0 0 0 0 0 0 0 0 0 0 0 0 0 0 0 0 0 0 0 0 0 0 0 0 0 0 0 0 0 0 0 
785 0 0 0 0 0 0 0 0 0 0 0 0 0 0 0 0 0 0 0 0 0 0 0 0 0 0 248 0 0 0 543 0 5282 0 0 182 0 0 0 0 0 0 0 0 0 0 0 0 0 0 0 0 0 0 0 0 0 0 0 0 0 0 0 0 0 0 0 0 0 0 0 0 0 0 0 0 0 0 0 0 0 0 
5060 0 0 0 0 0 0 0 0 0 0 0 0 0 0 0 0 0 0 0 0 0 0 0 0 0 0 0 0 0 0 0 0 850 0 540 1033 0 1 0 0 49 0 416 45 0 0 620 101 0 0 0 0 0 0 0 0 0 0 0 0 0 0 0 0 0 0 0 0 0 0 0 0 0 0 0 0 0 0 0 0 0 0 
575 0 0 0 0 0 0 706 0 0 0 114 0 0 0 0 0 0 0 0 0 0 0 0 0 0 0 0 0 0 0 0 0 0 1 0 0 0 23 0 0 38 0 1023 600 0 0 675 489 0 0 0 2 6 0 0 0 0 0 0 0 0 0 0 0 0 0 0 0 0 0 0 0 0 0 0 0 0 0 0 0 0 1 
928 0 0 0 0 178 127 0 2 0 0 0 0 0 0 0 0 0 0 0 0 0 0 0 0 0 0 16 0 0 0 833 0 4632 0 0 3022 1 0 0 0 0 0 0 0 0 0 0 0 0 0 0 0 0 0 0 0 0 0 0 0 0 0 0 0 0 0 0 0 0 0 0 0 0 0 0 0 0 0 0 0 0 0 
0 0 0 0 178 0 0 1 2548 3435 0 0 0 0 0 0 1 0 0 0 0 0 0 0 0 0 0 0 0 0 0 2 0 1479 0 0 1439 0 0 0 0 0 0 0 0 0 0 0 0 0 0 0 0 0 0 0 0 0 0 0 0 0 0 0 0 0 0 0 0 0 0 0 0 0 0 0 0 0 0 0 0 0 0 
5595 0 0 0 127 0 0 4167 1242 3 0 4 243 0 0 0 0 0 0 0 0 0 0 0 0 0 0 1370 0 0 0 1478 0 9635 2838 7168 11860 5162 0 0 0 0 0 21 0 0 0 4342 10369 0 0 0 0 15 0 0 0 0 0 0 0 0 0 0 0 0 0 0 0 0 0 0 0 0 0 0 0 0 0 0 0 0 146 
50 0 0 706 0 1 4167 0 3421 155 124 1192 24597 10088 0 0 0 0 0 5 0 0 0 0 0 0 0 1 0 0 0 0 0 1093 9290 3210 7138 498 0 0 0 0 0 598 305 0 0 2891 28295 0 1 721 3 565 365 0 0 0 0 0 0 0 0 0 0 0 0 0 0 0 0 0 0 0 0 0 0 2 0 0 0 0 363 
0 0 0 0 2 2548 1242 3421 0 7965 0 0 26 0 0 0 0 0 0 0 0 0 0 0 0 0 0 0 0 0 0 7 0 1777 41 0 3306 20 0 0 0 0 0 0 0 0 0 0 29 0 0 0 0 1 0 0 0 0 0 0 0 0 0 0 0 0 0 0 0 0 0 0 0 0 0 0 0 0 0 0 0 0 3 
0 0 0 0 0 3435 3 155 7965 0 955 0 0 12104 0 3008 5131 8 0 0 0 0 0 0 0 0 0 0 3 1 397 1861 0 5458 19374 2257 12169 1429 0 16 0 0 0 0 0 0 0 0 200 0 2737 1511 0 0 717 0 4 0 0 0 1 0 0 0 0 0 0 0 0 0 0 0 0 0 0 0 0 0 0 0 0 0 5878 
0 0 0 0 0 0 0 124 0 955 0 0 0 1404 0 22 0 21 0 245 0 0 0 0 0 0 0 0 0 0 0 0 0 0 0 0 0 0 0 0 0 0 0 0 0 0 0 0 15 0 0 11 0 0 32 0 0 0 0 0 0 0 0 0 0 0 0 0 0 0 0 0 0 0 0 0 0 0 0 0 0 0 0 
12 0 0 114 0 0 4 1192 0 0 0 0 7 0 0 0 0 0 0 0 0 0 0 0 0 0 0 0 0 0 0 0 0 0 0 0 0 0 9 0 0 9 0 20 43 0 0 414 920 0 0 0 0 12 0 0 0 0 0 0 0 0 0 0 0 0 0 0 0 0 0 0 0 0 0 0 0 0 0 0 0 0 0 
0 0 0 0 0 0 243 24597 26 0 0 7 0 55 0 0 0 0 0 4 0 0 0 0 0 0 0 0 0 0 0 0 0 0 15 0 16 3 0 0 0 0 0 2 0 0 0 246 506 0 0 0 0 1 0 0 0 0 0 0 0 0 0 0 0 0 0 0 0 0 0 0 0 0 0 0 0 0 0 0 0 0 20 
0 0 0 0 0 0 0 10088 0 12104 1404 0 55 0 400 1499 0 7998 0 7046 0 0 0 0 0 0 0 0 0 0 0 0 0 0 108 92 0 0 0 0 0 0 0 0 0 0 0 0 0 0 5 10 0 0 0 1 0 0 0 0 61 0 0 0 0 0 0 0 0 0 0 0 0 0 0 0 0 0 0 0 0 0 0 
0 0 0 0 0 0 0 0 0 0 0 0 0 400 0 0 0 6830 0 11939 20 0 0 79 8 2 0 0 0 0 0 70 8 46 40 0 1111 0 0 7 0 0 0 0 0 0 0 0 0 0 0 0 0 0 0 1 0 1 0 0 141 1 0 0 8 0 0 0 0 0 0 0 2 30 15 8 0 42 2 0 7 0 20 
0 0 0 0 0 0 0 0 0 3008 22 0 0 1499 0 0 4423 16 0 0 0 0 0 0 0 0 0 0 0 17 422 41 0 1930 9329 347 5259 236 0 0 0 0 0 0 0 0 0 0 0 0 0 15 0 0 47 0 1 0 0 0 0 0 0 0 0 0 0 0 0 0 0 0 0 0 0 0 0 0 0 0 0 0 6062 
0 0 0 0 0 1 0 0 0 5131 0 0 0 0 0 4423 0 3216 706 0 0 0 0 0 0 0 0 0 970 2027 2868 209 0 533 0 0 511 0 0 0 0 0 0 0 0 0 0 0 0 0 0 0 0 0 0 0 0 0 0 0 0 0 0 0 0 0 0 0 0 0 0 0 0 0 0 0 0 0 0 0 0 0 0 
0 0 0 0 0 0 0 0 0 8 21 0 0 7998 6830 16 3216 0 11094 1923 11 1205 3224 288 259 0 0 0 4318 1429 1890 5964 1029 1174 10395 1657 8212 0 0 18 0 0 0 0 0 0 0 0 0 0 0 66 0 0 174 685 6 19 3011 0 3220 912 313 8 394 0 0 0 0 0 0 0 393 739 53 208 0 170 1 0 4 0 5259 
0 0 0 0 0 0 0 0 0 0 0 0 0 0 0 0 706 11094 0 0 0 0 1585 0 45 0 0 0 4824 3347 846 1387 101 1 0 0 31 0 0 0 0 0 0 0 0 0 0 0 0 0 0 0 0 0 0 0 0 0 0 0 0 0 0 0 0 0 0 0 0 0 0 0 0 0 0 0 0 0 0 0 0 0 0 
0 0 0 0 0 0 0 5 0 0 245 0 4 7046 11939 0 0 1923 0 0 6 266 0 43 0 0 0 0 0 0 0 0 0 0 0 0 0 0 0 0 0 0 0 0 0 0 0 0 0 0 0 0 0 0 1 966 0 0 791 0 1427 687 45 0 11 0 0 0 0 0 0 0 17 5 0 0 0 7 0 0 0 0 0 
0 0 0 0 0 0 0 0 0 0 0 0 0 0 20 0 0 11 0 6 0 606 290 1590 19 0 0 0 7 0 0 8 0 0 0 0 0 0 0 0 0 0 0 0 0 0 0 0 0 0 0 0 0 0 0 28 0 0 123 0 52 294 142 11 104 0 0 0 0 0 0 0 36 7 0 0 0 0 0 0 0 0 0 
0 0 0 0 0 0 0 0 0 0 0 0 0 0 0 0 0 1205 0 266 606 0 326 167 1 0 0 0 205 194 11 447 1 0 0 0 0 0 0 0 0 0 0 0 0 0 0 0 0 0 0 0 0 0 0 3 0 0 628 0 98 406 1752 19 657 0 0 0 0 0 0 0 238 68 0 0 0 0 0 0 0 0 0 
0 0 0 0 0 0 0 0 0 0 0 0 0 0 0 0 0 3224 1585 0 290 326 0 67 1501 0 0 0 6837 2242 44 6198 61 0 0 0 2 0 0 0 0 0 0 0 0 0 0 0 0 0 0 0 0 0 0 0 0 0 608 0 197 85 1004 47 1187 0 0 0 0 0 0 0 545 126 0 0 0 0 0 0 0 0 0 
0 0 0 0 0 0 0 0 0 0 0 0 0 0 79 0 0 288 0 43 1590 167 67 0 377 17 4 0 1888 495 12 32 0 0 0 0 2 0 0 25 0 0 0 0 0 0 0 0 0 0 0 0 0 0 0 36 0 0 117 0 45 158 1489 11 1456 0 0 0 0 0 0 0 260 42 0 0 0 0 0 0 0 0 0 
0 0 0 0 0 0 0 0 0 0 0 0 0 0 8 0 0 259 45 0 19 1 1501 377 0 58 0 750 3314 2664 1 3539 13 35 0 0 385 0 0 51 0 0 0 0 0 0 0 0 0 0 0 0 0 0 0 3 0 0 1 0 30 157 34 0 1 0 0 0 0 0 0 0 2 2 6 0 0 0 0 0 0 0 0 
0 0 0 0 0 0 0 0 0 0 0 0 0 0 2 0 0 0 0 0 0 0 0 17 58 0 5 279 55 17 0 145 0 3 0 0 58 0 0 83 0 0 0 0 0 0 0 0 0 0 0 0 0 0 0 0 0 0 0 0 0 0 0 0 0 0 0 0 0 0 0 0 2 0 5 0 0 1 0 0 0 0 0 
0 0 0 0 0 0 0 0 0 0 0 0 0 0 0 0 0 0 0 0 0 0 0 4 0 5 0 1 0 0 0 0 0 0 0 0 0 0 0 178 1 0 0 0 0 0 0 0 0 0 0 0 0 0 0 0 0 0 0 0 0 0 0 0 0 0 0 0 0 0 0 0 0 0 0 0 0 0 0 0 0 0 0 
0 248 0 0 16 0 1370 1 0 0 0 0 0 0 0 0 0 0 0 0 0 0 0 0 750 279 1 0 59 0 0 0 0 0 0 0 399 23 0 66 197 0 0 0 0 0 0 0 0 0 0 0 0 0 0 0 0 0 0 0 0 0 0 0 0 0 0 0 0 0 0 0 0 0 0 0 0 0 0 0 0 0 0 
0 0 0 0 0 0 0 0 0 3 0 0 0 0 0 0 970 4318 4824 0 7 205 6837 1888 3314 55 0 59 0 3874 1 3123 30 9 0 0 42 0 0 9 0 0 0 0 0 0 0 0 0 0 0 0 0 0 0 0 0 0 4 0 631 13 171 0 1506 0 0 0 0 0 38 0 2698 666 0 0 0 0 0 0 0 0 0 
0 0 0 0 0 0 0 0 0 1 0 0 0 0 0 17 2027 1429 3347 0 0 194 2242 495 2664 17 0 0 3874 0 573 39 0 0 0 0 0 0 0 1 0 0 0 0 0 0 0 0 0 0 0 0 0 0 0 0 0 0 14 0 588 3 18 0 372 0 0 0 0 0 26 0 3924 510 0 0 0 0 0 0 0 0 0 
0 0 0 0 0 0 0 0 0 397 0 0 0 0 0 422 2868 1890 846 0 0 11 44 12 1 0 0 0 1 573 0 780 0 0 0 0 65 0 0 0 0 0 0 0 0 0 0 0 0 0 0 0 0 0 0 0 0 0 0 0 36 0 0 0 5 0 0 0 0 0 0 0 76 22 0 0 0 0 0 0 0 0 0 
25 543 0 0 833 2 1478 0 7 1861 0 0 0 0 70 41 209 5964 1387 0 8 447 6198 32 3539 145 0 0 3123 39 780 0 1 140 9 0 2124 55 0 1655 0 0 0 0 0 0 0 0 0 0 0 0 0 0 0 931 0 0 0 0 869 0 0 0 29 0 0 0 0 0 19 0 19344 1233 192 0 0 508 0 0 0 0 5 
0 0 0 0 0 0 0 0 0 0 0 0 0 0 8 0 0 1029 101 0 0 1 61 0 13 0 0 0 30 0 0 1 0 34 0 0 0 0 0 0 0 0 0 0 0 0 0 0 0 0 0 0 0 0 0 0 0 0 0 0 0 0 0 0 0 0 0 0 0 0 0 0 0 0 0 0 0 0 0 0 0 0 0 
2258 5282 850 0 4632 1479 9635 1093 1777 5458 0 0 0 0 46 1930 533 1174 1 0 0 0 0 0 35 3 0 0 9 0 0 140 34 0 0 0 204 0 16 12 0 0 0 0 0 0 0 0 0 0 0 0 0 0 0 150 0 0 0 0 287 0 0 0 0 0 0 0 0 0 0 0 3330 38 372 17 0 216 1 0 2 0 12 
0 0 0 1 0 0 2838 9290 41 19374 0 0 15 108 40 9329 0 10395 0 0 0 0 0 0 0 0 0 0 0 0 0 9 0 0 0 43 192 82 0 124 2 0 0 0 0 0 0 0 521 0 0 8 0 0 75 61 0 68 7 0 2365 0 0 0 0 0 0 0 0 0 0 0 4 300 1103 1762 27 1902 128 0 201 0 1733 
93 0 540 0 0 0 7168 3210 0 2257 0 0 0 92 0 347 0 1657 0 0 0 0 0 0 0 0 0 0 0 0 0 0 0 0 43 0 11 0 1 0 0 0 0 0 0 0 0 5 54 0 18 435 0 0 110 25 6 0 202 0 1088 0 0 0 0 0 0 0 0 0 0 0 1 1 44 910 69 452 7 0 16 0 7 
2 182 1033 0 3022 1439 11860 7138 3306 12169 0 0 16 0 1111 5259 511 8212 31 0 0 0 2 2 385 58 0 399 42 0 65 2124 0 204 192 11 0 0 1 146 1 0 0 0 0 0 0 0 1092 0 0 0 0 0 0 413 0 6 0 0 487 0 0 0 0 0 0 0 0 0 0 0 1811 188 577 1824 20 1644 47 0 182 0 2174 
0 0 0 0 1 0 5162 498 20 1429 0 0 3 0 0 236 0 0 0 0 0 0 0 0 0 0 0 23 0 0 0 55 0 0 82 0 0 0 0 45 0 0 0 0 0 0 0 0 127 0 0 0 0 0 0 0 0 0 0 0 0 0 0 0 0 0 0 0 0 0 0 0 0 0 0 0 0 0 0 0 0 0 1354 
39 0 1 23 0 0 0 0 0 0 0 9 0 0 0 0 0 0 0 0 0 0 0 0 0 0 0 0 0 0 0 0 0 16 0 1 1 0 0 0 0 0 0 0 0 0 0 0 0 0 0 0 0 0 0 0 0 0 0 0 0 0 0 0 0 0 0 0 0 0 0 0 0 0 0 0 0 0 0 0 0 0 0 
0 0 0 0 0 0 0 0 0 16 0 0 0 0 7 0 0 18 0 0 0 0 0 25 51 83 178 66 9 1 0 1655 0 12 124 0 146 45 0 0 8 0 0 0 0 0 0 0 0 0 0 0 0 0 0 12 0 0 0 0 0 0 0 0 1 0 0 0 0 0 0 0 295 0 236 7 3 1 1 0 10 0 2 
0 0 0 0 0 0 0 0 0 0 0 0 0 0 0 0 0 0 0 0 0 0 0 0 0 0 1 197 0 0 0 0 0 0 2 0 1 0 0 8 0 0 0 0 0 0 0 0 0 0 0 0 0 0 0 0 0 0 0 0 0 0 0 0 0 0 0 0 0 0 0 0 0 0 0 0 0 0 0 0 0 0 2 
2 0 49 38 0 0 0 0 0 0 0 9 0 0 0 0 0 0 0 0 0 0 0 0 0 0 0 0 0 0 0 0 0 0 0 0 0 0 0 0 0 0 2473 408 353 2742 0 9752 123 0 0 0 0 0 0 0 0 0 0 0 0 0 0 0 0 0 0 0 0 0 0 0 0 0 389 8 8 1 0 8 0 0 0 
0 0 0 0 0 0 0 0 0 0 0 0 0 0 0 0 0 0 0 0 0 0 0 0 0 0 0 0 0 0 0 0 0 0 0 0 0 0 0 0 0 2473 0 0 0 0 0 0 0 0 0 0 0 0 0 0 0 0 0 0 0 0 0 0 0 1 0 0 0 0 0 0 23 0 2208 0 0 7 0 0 0 0 0 
6 0 416 1023 0 0 21 598 0 0 0 20 2 0 0 0 0 0 0 0 0 0 0 0 0 0 0 0 0 0 0 0 0 0 0 0 0 0 0 0 0 408 0 0 164 0 0 0 3 0 0 0 18 0 0 0 0 0 0 0 0 0 0 0 0 0 0 0 0 0 0 0 0 0 34 5 77 47 0 1 0 0 0 
1 0 45 600 0 0 0 305 0 0 0 43 0 0 0 0 0 0 0 0 0 0 0 0 0 0 0 0 0 0 0 0 0 0 0 0 0 0 0 0 0 353 0 164 0 0 0 43 220 0 0 0 146 198 0 0 0 0 0 0 0 0 0 0 0 0 0 0 0 0 0 0 0 0 0 0 0 0 0 4 0 0 0 
0 0 0 0 0 0 0 0 0 0 0 0 0 0 0 0 0 0 0 0 0 0 0 0 0 0 0 0 0 0 0 0 0 0 0 0 0 0 0 0 0 2742 0 0 0 0 1161 533 372 0 0 0 0 0 0 0 0 0 0 0 0 0 0 0 0 17 0 0 0 0 0 0 97 0 4282 0 0 791 0 0 1 0 0 
0 0 0 0 0 0 0 0 0 0 0 0 0 0 0 0 0 0 0 0 0 0 0 0 0 0 0 0 0 0 0 0 0 0 0 0 0 0 0 0 0 0 0 0 0 1161 0 10 3275 1539 3102 0 0 0 0 0 689 0 0 0 0 0 0 0 0 0 0 0 0 0 0 0 0 0 3946 0 0 153 0 0 0 0 0 
3 0 620 675 0 0 4342 2891 0 0 0 414 246 0 0 0 0 0 0 0 0 0 0 0 0 0 0 0 0 0 0 0 0 0 0 5 0 0 0 0 0 9752 0 0 43 533 10 0 5740 4569 313 0 0 0 0 0 17 0 0 0 0 0 0 0 0 42 0 0 0 0 1 0 20 0 5742 471 4378 6488 377 46 3 0 0 
0 0 101 489 0 0 10369 28295 29 200 15 920 506 0 0 0 0 0 0 0 0 0 0 0 0 0 0 0 0 0 0 0 0 0 521 54 1092 127 0 0 0 123 0 3 220 372 3275 5740 0 295 1673 651 1017 8709 6215 0 87 0 0 0 0 0 0 0 0 0 0 0 0 0 0 0 4 0 8354 5214 7173 20877 358 3 0 0 1224 
0 0 0 0 0 0 0 0 0 0 0 0 0 0 0 0 0 0 0 0 0 0 0 0 0 0 0 0 0 0 0 0 0 0 0 0 0 0 0 0 0 0 0 0 0 0 1539 4569 295 0 1906 0 0 0 0 0 84 0 0 0 0 0 0 0 0 0 0 0 0 0 0 0 0 0 46 0 0 1 0 0 0 0 0 
0 0 0 0 0 0 0 1 0 2737 0 0 0 5 0 0 0 0 0 0 0 0 0 0 0 0 0 0 0 0 0 0 0 0 0 18 0 0 0 0 0 0 0 0 0 0 3102 313 1673 1906 0 388 0 0 950 0 884 2310 0 0 0 0 0 0 0 0 0 0 0 0 49 0 811 0 4718 5540 2277 27614 565 0 1144 0 5769 
0 0 0 0 0 0 0 721 0 1511 11 0 0 10 0 15 0 66 0 0 0 0 0 0 0 0 0 0 0 0 0 0 0 0 8 435 0 0 0 0 0 0 0 0 0 0 0 0 651 0 388 0 0 1 5754 0 1 0 0 0 117 0 0 0 0 0 0 0 0 0 0 0 0 0 0 2313 382 26 0 0 0 0 107 
0 0 0 2 0 0 0 3 0 0 0 0 0 0 0 0 0 0 0 0 0 0 0 0 0 0 0 0 0 0 0 0 0 0 0 0 0 0 0 0 0 0 0 18 146 0 0 0 1017 0 0 0 0 368 0 0 0 0 0 0 0 0 0 0 0 0 0 0 0 0 0 0 0 0 0 0 0 0 0 0 0 0 0 
0 0 0 6 0 0 15 565 1 0 0 12 1 0 0 0 0 0 0 0 0 0 0 0 0 0 0 0 0 0 0 0 0 0 0 0 0 0 0 0 0 0 0 0 198 0 0 0 8709 0 0 1 368 0 60 0 0 0 0 0 0 0 0 0 0 0 0 0 0 0 0 0 0 0 0 0 0 0 0 0 0 0 0 
0 0 0 0 0 0 0 365 0 717 32 0 0 0 0 47 0 174 0 1 0 0 0 0 0 0 0 0 0 0 0 0 0 0 75 110 0 0 0 0 0 0 0 0 0 0 0 0 6215 0 950 5754 0 60 0 187 114 0 633 0 4734 0 0 0 0 0 0 0 0 0 0 0 0 0 0 207 0 13 0 0 0 0 0 
0 0 0 0 0 0 0 0 0 0 0 0 0 1 1 0 0 685 0 966 28 3 0 36 3 0 0 0 0 0 0 931 0 150 61 25 413 0 0 12 0 0 0 0 0 0 0 0 0 0 0 0 0 0 187 0 0 0 1 0 7852 88 0 0 54 0 0 0 0 0 0 0 105 54 68 12 0 170 0 0 58 0 41 
0 0 0 0 0 0 0 0 0 4 0 0 0 0 0 1 0 6 0 0 0 0 0 0 0 0 0 0 0 0 0 0 0 0 0 6 0 0 0 0 0 0 0 0 0 0 689 17 87 84 884 1 0 0 114 0 0 10906 465 0 1 0 0 0 0 0 0 0 0 0 354 33 990 0 2047 1331 31 8454 0 0 0 0 144 
0 0 0 0 0 0 0 0 0 0 0 0 0 0 1 0 0 19 0 0 0 0 0 0 0 0 0 0 0 0 0 0 0 0 68 0 6 0 0 0 0 0 0 0 0 0 0 0 0 0 2310 0 0 0 0 0 10906 0 1996 242 868 0 0 0 0 0 0 0 0 0 1980 8389 5112 0 205 0 0 260 0 0 0 0 3 
0 0 0 0 0 0 0 0 0 0 0 0 0 0 0 0 0 3011 0 791 123 628 608 117 1 0 0 0 4 14 0 0 0 0 7 202 0 0 0 0 0 0 0 0 0 0 0 0 0 0 0 0 0 0 633 1 465 1996 0 5524 42 38 1379 255 4 5 0 0 0 1 3692 331 4765 3138 1340 3246 9 6396 4 0 12 0 89 
0 0 0 0 0 0 0 0 0 0 0 0 0 0 0 0 0 0 0 0 0 0 0 0 0 0 0 0 0 0 0 0 0 0 0 0 0 0 0 0 0 0 0 0 0 0 0 0 0 0 0 0 0 0 0 0 0 242 5524 0 306 0 233 4145 117 838 0 0 0 2410 9345 5090 1690 43 0 0 0 0 0 0 0 0 0 
0 0 0 0 0 0 0 0 0 1 0 0 0 61 141 0 0 3220 0 1427 52 98 197 45 30 0 0 0 631 588 36 869 0 287 2365 1088 487 0 0 0 0 0 0 0 0 0 0 0 0 0 0 117 0 0 4734 7852 1 868 42 306 0 75 52 5 199 0 0 0 0 0 497 12 2467 3006 1153 1887 3 3172 43 0 391 0 734 
0 0 0 0 0 0 0 0 0 0 0 0 0 0 1 0 0 912 0 687 294 406 85 158 157 0 0 0 13 3 0 0 0 0 0 0 0 0 0 0 0 0 0 0 0 0 0 0 0 0 0 0 0 0 0 88 0 0 38 0 75 0 1215 340 30 0 0 0 0 0 0 0 0 0 0 0 0 0 0 0 0 0 0 
0 0 0 0 0 0 0 0 0 0 0 0 0 0 0 0 0 313 0 45 142 1752 1004 1489 34 0 0 0 171 18 0 0 0 0 0 0 0 0 0 0 0 0 0 0 0 0 0 0 0 0 0 0 0 0 0 0 0 0 1379 233 52 1215 0 1823 21 0 0 0 0 0 776 55 576 2 0 0 0 0 0 0 0 0 0 
0 0 0 0 0 0 0 0 0 0 0 0 0 0 0 0 0 8 0 0 11 19 47 11 0 0 0 0 0 0 0 0 0 0 0 0 0 0 0 0 0 0 0 0 0 0 0 0 0 0 0 0 0 0 0 0 0 0 255 4145 5 340 1823 0 195 17 0 0 0 340 3103 27 379 0 0 0 0 0 0 0 0 0 0 
0 0 0 0 0 0 0 0 0 0 0 0 0 0 8 0 0 394 0 11 104 657 1187 1456 1 0 0 0 1506 372 5 29 0 0 0 0 0 0 0 1 0 0 0 0 0 0 0 0 0 0 0 0 0 0 0 54 0 0 4 117 199 30 21 195 0 171 38 0 0 1511 4216 27 3061 7 0 0 0 0 0 0 426 0 0 
0 0 0 0 0 0 0 0 0 0 0 0 0 0 0 0 0 0 0 0 0 0 0 0 0 0 0 0 0 0 0 0 0 0 0 0 0 0 0 0 0 0 1 0 0 17 0 42 0 0 0 0 0 0 0 0 0 0 5 838 0 0 0 17 171 0 130 12 1371 573 2878 0 814 0 13 0 0 29 0 0 82 0 0 
0 0 0 0 0 0 0 0 0 0 0 0 0 0 0 0 0 0 0 0 0 0 0 0 0 0 0 0 0 0 0 0 0 0 0 0 0 0 0 0 0 0 0 0 0 0 0 0 0 0 0 0 0 0 0 0 0 0 0 0 0 0 0 0 38 130 0 65 724 0 0 0 0 0 0 0 0 0 0 0 351 0 0 
0 0 0 0 0 0 0 0 0 0 0 0 0 0 0 0 0 0 0 0 0 0 0 0 0 0 0 0 0 0 0 0 0 0 0 0 0 0 0 0 0 0 0 0 0 0 0 0 0 0 0 0 0 0 0 0 0 0 0 0 0 0 0 0 0 12 65 0 88 0 0 0 0 0 0 0 0 0 0 0 0 0 0 
0 0 0 0 0 0 0 0 0 0 0 0 0 0 0 0 0 0 0 0 0 0 0 0 0 0 0 0 0 0 0 0 0 0 0 0 0 0 0 0 0 0 0 0 0 0 0 0 0 0 0 0 0 0 0 0 0 0 0 0 0 0 0 0 0 1371 724 88 0 413 0 0 0 0 0 0 0 0 0 0 583 203 0 
0 0 0 0 0 0 0 0 0 0 0 0 0 0 0 0 0 0 0 0 0 0 0 0 0 0 0 0 0 0 0 0 0 0 0 0 0 0 0 0 0 0 0 0 0 0 0 0 0 0 0 0 0 0 0 0 0 0 1 2410 0 0 0 340 1511 573 0 0 413 0 4665 0 2641 0 0 0 0 0 0 0 19 0 0 
0 0 0 0 0 0 0 0 0 0 0 0 0 0 0 0 0 0 0 0 0 0 0 0 0 0 0 0 38 26 0 19 0 0 0 0 0 0 0 0 0 0 0 0 0 0 0 1 0 0 49 0 0 0 0 0 354 1980 3692 9345 497 0 776 3103 4216 2878 0 0 0 4665 0 597 104 0 1 0 0 1 0 0 131 0 0 
0 0 0 0 0 0 0 0 0 0 0 0 0 0 0 0 0 0 0 0 0 0 0 0 0 0 0 0 0 0 0 0 0 0 0 0 0 0 0 0 0 0 0 0 0 0 0 0 0 0 0 0 0 0 0 0 33 8389 331 5090 12 0 55 27 27 0 0 0 0 0 597 0 380 0 0 0 0 0 0 0 0 0 0 
0 0 0 0 0 0 0 0 0 0 0 0 0 0 2 0 0 393 0 17 36 238 545 260 2 2 0 0 2698 3924 76 19344 0 3330 4 1 1811 0 0 295 0 0 23 0 0 97 0 20 4 0 811 0 0 0 0 105 990 5112 4765 1690 2467 0 576 379 3061 814 0 0 0 2641 104 380 0 10 26 123 0 74 0 0 1541 6 1 
0 0 0 0 0 0 0 0 0 0 0 0 0 0 30 0 0 739 0 5 7 68 126 42 2 0 0 0 666 510 22 1233 0 38 300 1 188 0 0 0 0 0 0 0 0 0 0 0 0 0 0 0 0 0 0 54 0 0 3138 43 3006 0 2 0 7 0 0 0 0 0 0 0 10 0 1 0 0 0 0 0 0 0 142 
0 0 0 0 0 0 0 0 0 0 0 0 0 0 15 0 0 53 0 0 0 0 0 0 6 5 0 0 0 0 0 192 0 372 1103 44 577 0 0 236 0 389 2208 34 0 4282 3946 5742 8354 46 4718 0 0 0 0 68 2047 205 1340 0 1153 0 0 0 0 13 0 0 0 0 1 0 26 1 0 565 17 29 0 0 70 0 85 
0 0 0 0 0 0 0 0 0 0 0 0 0 0 8 0 0 208 0 0 0 0 0 0 0 0 0 0 0 0 0 0 0 17 1762 910 1824 0 0 7 0 8 0 5 0 0 0 471 5214 0 5540 2313 0 0 207 12 1331 0 3246 0 1887 0 0 0 0 0 0 0 0 0 0 0 123 0 565 0 202 855 50 0 5 0 1131 
0 0 0 0 0 0 0 0 0 0 0 0 0 0 0 0 0 0 0 0 0 0 0 0 0 0 0 0 0 0 0 0 0 0 27 69 20 0 0 3 0 8 0 77 0 0 0 4378 7173 0 2277 382 0 0 0 0 31 0 9 0 3 0 0 0 0 0 0 0 0 0 0 0 0 0 17 202 0 115 0 0 0 0 22 
0 0 0 0 0 0 0 2 0 0 0 0 0 0 42 0 0 170 0 7 0 0 0 0 0 1 0 0 0 0 0 508 0 216 1902 452 1644 0 0 1 0 1 7 47 0 791 153 6488 20877 1 27614 26 0 0 13 170 8454 260 6396 0 3172 0 0 0 0 29 0 0 0 0 1 0 74 0 29 855 115 0 0 0 310 0 1744 
0 0 0 0 0 0 0 0 0 0 0 0 0 0 2 0 0 1 0 0 0 0 0 0 0 0 0 0 0 0 0 0 0 1 128 7 47 0 0 1 0 0 0 0 0 0 0 377 358 0 565 0 0 0 0 0 0 0 4 0 43 0 0 0 0 0 0 0 0 0 0 0 0 0 0 50 0 0 0 0 0 0 307 
0 0 0 0 0 0 0 0 0 0 0 0 0 0 0 0 0 0 0 0 0 0 0 0 0 0 0 0 0 0 0 0 0 0 0 0 0 0 0 0 0 8 0 1 4 0 0 46 3 0 0 0 0 0 0 0 0 0 0 0 0 0 0 0 0 0 0 0 0 0 0 0 0 0 0 0 0 0 0 0 0 0 0 
0 0 0 0 0 0 0 0 0 0 0 0 0 0 7 0 0 4 0 0 0 0 0 0 0 0 0 0 0 0 0 0 0 2 201 16 182 0 0 10 0 0 0 0 0 1 0 3 0 0 1144 0 0 0 0 58 0 0 12 0 391 0 0 0 426 82 351 0 583 19 131 0 1541 0 70 5 0 310 0 0 0 0 112 
0 0 0 0 0 0 0 0 0 0 0 0 0 0 0 0 0 0 0 0 0 0 0 0 0 0 0 0 0 0 0 0 0 0 0 0 0 0 0 0 0 0 0 0 0 0 0 0 0 0 0 0 0 0 0 0 0 0 0 0 0 0 0 0 0 0 0 0 203 0 0 0 6 0 0 0 0 0 0 0 0 0 0 
0 0 0 1 0 0 146 363 3 5878 0 0 20 0 20 6062 0 5259 0 0 0 0 0 0 0 0 0 0 0 0 0 5 0 12 1733 7 2174 1354 0 2 2 0 0 0 0 0 0 0 1224 0 5769 107 0 0 0 41 144 3 89 0 734 0 0 0 0 0 0 0 0 0 0 0 1 142 85 1131 22 1744 307 0 112 0 0 
