0 975 693 385 1057 0 1295 0 0 0 0 61 0 0 0 0 0 0 0 3 14 104 16 9 27 0 0 112 11 65 2 95 0 1246 0 6 208 0 1 0 0 16 0 7 1 0 0 5 0 0 0 0 0 0 0 0 0 0 0 0 0 0 0 0 0 0 0 0 0 1 0 0 0 0 4 0 0 0 0 0 64 0 0 
975 0 0 0 21 0 40 0 0 0 0 0 0 0 0 0 0 0 0 2 9 21 14 3 0 0 0 0 0 0 0 2 0 802 0 142 2468 2 0 0 0 0 0 0 0 0 0 0 0 0 0 0 0 0 0 0 0 0 0 0 0 0 0 0 0 0 0 0 0 0 0 0 0 0 0 0 0 0 0 0 0 0 0 
693 0 0 1111 0 0 0 0 0 0 0 907 0 0 0 0 0 0 0 0 0 0 0 0 0 0 0 9 0 0 0 0 0 228 0 340 309 0 34 0 0 0 0 0 1 0 0 325 0 0 0 0 0 0 0 0 0 0 0 0 0 0 0 0 0 0 0 0 0 0 0 0 0 0 0 0 0 0 0 0 0 0 0 
385 0 1111 0 0 0 325 166 0 0 0 30 0 0 0 0 0 0 0 0 0 0 0 0 0 0 0 0 0 0 0 0 0 1 0 17 0 0 3 0 0 16 0 0 0 0 0 4 0 0 38 0 0 0 0 0 0 0 0 0 0 0 0 0 0 0 0 0 1 0 0 0 0 0 10 0 0 0 0 0 0 0 1 
1057 21 0 0 0 724 821 19 57 0 0 0 0 0 0 0 0 0 0 0 0 0 0 0 0 0 0 0 0 0 0 0 0 4436 0 65 3291 11 0 0 0 0 0 0 0 0 0 0 0 0 0 0 0 0 0 0 0 0 0 0 0 0 0 0 0 0 0 0 0 0 0 0 0 0 0 0 0 0 0 0 0 0 0 
0 0 0 0 724 0 157 3364 5191 3785 0 0 0 0 0 372 142 0 1914 0 0 0 0 0 0 0 0 0 1845 917 0 0 0 361 0 0 389 0 0 0 0 0 0 0 0 0 0 0 0 0 0 0 0 0 0 0 0 0 0 0 0 0 0 0 0 0 0 0 0 0 0 0 0 0 0 0 0 0 0 0 0 0 0 
1295 40 0 325 821 157 0 2615 1438 10 0 3826 646 0 0 0 0 3 0 5 30 238 13 273 36 0 0 501 22 235 5 518 0 3003 340 11812 12077 194 67 59 0 0 0 0 4 0 0 1025 1205 0 0 0 0 0 0 0 0 0 2 0 0 0 0 0 0 0 0 0 0 25 4 0 0 0 0 30 0 0 0 0 552 0 101 
0 0 0 166 19 3364 2615 0 106 407 15 135 14692 5421 0 7 0 0 0 0 0 0 0 0 0 0 0 0 0 0 0 0 0 309 13052 3235 8016 4 0 0 0 0 0 0 0 0 0 211 8380 0 798 0 0 36 183 0 0 0 0 0 0 0 0 0 0 0 0 0 0 0 0 0 0 0 0 829 1028 0 0 0 0 0 7 
0 0 0 0 57 5191 1438 106 0 405 0 0 0 0 0 3 0 0 0 0 0 0 0 0 0 0 0 0 0 0 0 0 0 255 347 273 1243 0 0 0 0 0 0 0 0 0 0 0 0 0 0 0 0 0 0 0 0 0 0 0 0 0 0 0 0 0 0 0 0 0 0 0 0 0 0 0 0 0 0 0 0 0 1 
0 0 0 0 0 3785 10 407 405 0 2527 0 0 12744 0 580 729 0 2390 0 0 0 0 0 0 0 0 0 357 276 0 0 0 1381 28809 2041 16527 108 0 0 0 0 0 0 0 0 0 0 2882 0 2748 216 0 0 374 4 33 0 0 0 0 0 0 0 0 0 0 0 0 0 0 0 0 0 0 263 482 0 0 0 0 0 2308 
0 0 0 0 0 0 0 15 0 2527 0 0 0 2621 3 24 0 335 0 152 0 0 0 0 0 0 0 0 0 0 0 0 0 0 0 0 0 0 0 0 0 0 0 0 0 0 0 0 0 0 0 0 0 0 0 0 0 0 0 0 0 0 0 0 0 0 0 0 0 0 0 0 0 0 0 0 0 0 0 0 0 0 0 
61 0 907 30 0 0 3826 135 0 0 0 0 0 0 0 0 0 0 0 0 0 0 0 0 0 0 0 0 0 0 0 0 0 0 0 189 16 0 23 0 0 50 0 105 12 0 0 314 152 0 0 0 0 0 0 0 0 0 0 0 0 0 0 0 0 0 0 0 0 0 0 0 0 0 17 1 0 2 0 0 0 0 0 
0 0 0 0 0 0 646 14692 0 0 0 0 0 12 0 0 0 0 0 0 0 0 0 0 0 0 0 0 0 0 0 0 0 0 46 3 27 0 0 0 0 0 0 0 0 0 0 5 1210 0 0 0 0 0 0 0 0 0 0 0 0 0 0 0 0 0 0 0 0 0 0 0 0 0 0 0 0 0 0 0 0 0 0 
0 0 0 0 0 0 0 5421 0 12744 2621 0 12 0 1171 380 0 3610 0 3902 0 0 0 0 0 0 0 0 0 0 0 0 0 1 213 10 34 0 0 0 0 0 0 0 0 0 0 0 134 0 184 118 0 0 56 0 56 0 0 0 1 0 0 0 0 0 0 0 0 0 0 0 0 0 0 105 9 0 0 0 0 0 27 
0 0 0 0 0 0 0 0 0 0 3 0 0 1171 0 0 0 1001 0 5034 0 0 0 6 0 0 0 0 0 0 0 0 0 0 1081 2 286 3 0 7 0 0 0 0 0 0 0 0 0 0 0 0 0 0 0 2 0 0 166 71 78 207 0 41 0 0 0 0 0 4 5 0 20 0 0 36 0 9 0 0 0 0 191 
0 0 0 0 0 372 0 7 3 580 24 0 0 380 0 0 5936 337 1290 1 0 0 0 0 0 0 0 0 740 1115 95 6 12 2884 2061 70 4216 0 0 0 0 0 0 0 0 0 0 0 0 0 47 0 0 0 2 0 229 0 0 0 0 0 0 0 0 0 0 0 0 0 0 0 0 0 0 214 24 0 0 0 0 0 0 
0 0 0 0 0 142 0 0 0 729 0 0 0 0 0 5936 0 362 5135 0 0 0 0 0 0 0 0 0 0 1413 157 194 1 705 0 0 1 0 0 0 0 0 0 0 0 0 0 0 0 0 0 0 0 0 0 0 0 0 0 0 0 0 0 0 0 0 0 0 0 0 0 0 0 0 0 0 0 0 0 0 0 0 0 
0 0 0 0 0 0 3 0 0 0 335 0 0 3610 1001 337 362 0 4768 518 10 9 5089 2 1442 3 0 0 2048 589 914 5483 41 955 3262 8 4711 267 0 0 4 0 0 0 0 0 0 0 0 0 0 0 0 0 0 123 1 0 1258 882 532 470 0 0 0 0 0 0 0 3 26 0 69 0 4 689 5 114 0 0 19 0 1047 
0 0 0 0 0 1914 0 0 0 2390 0 0 0 0 0 1290 5135 4768 0 0 0 0 609 0 8 0 0 0 1769 1104 74 1316 0 2000 0 0 32 4 0 0 3 0 0 0 0 0 0 0 0 0 0 0 0 0 0 0 0 0 1 5 1 0 0 0 0 0 0 0 0 0 0 0 0 0 0 0 0 0 0 0 0 0 0 
3 2 0 0 0 0 5 0 0 0 152 0 0 3902 5034 1 0 518 0 0 33 0 1231 68 580 14 0 0 527 77 0 719 0 294 5 0 12 0 0 0 0 0 0 0 0 0 0 0 0 0 0 0 0 0 0 148 0 0 1514 246 1056 1252 0 18 0 0 0 0 0 1 6 2 37 0 7 135 0 143 0 0 8 0 0 
14 9 0 0 0 0 30 0 0 0 0 0 0 0 0 0 0 10 0 33 0 2307 1881 35 1909 0 0 0 955 323 0 1089 0 405 0 0 5 0 0 0 0 0 0 0 0 0 0 0 0 0 0 0 0 0 0 0 0 0 11 0 9 1 0 0 0 0 0 0 0 0 0 0 0 0 0 1 0 0 0 0 1 0 0 
104 21 0 0 0 0 238 0 0 0 0 0 0 0 0 0 0 9 0 0 2307 0 224 1512 1547 2 0 0 1400 386 10 657 0 303 0 0 77 0 0 1 0 0 0 0 0 0 0 0 0 0 0 0 0 0 0 0 0 0 0 0 0 0 0 0 0 0 0 0 0 0 0 0 0 0 0 0 0 0 0 0 0 0 0 
16 14 0 0 0 0 13 0 0 0 0 0 0 0 0 0 0 5089 609 1231 1881 224 0 177 6192 0 0 0 2094 101 0 961 0 483 0 0 15 0 0 0 0 0 0 0 0 0 0 0 0 0 0 0 0 0 0 0 0 0 0 0 0 0 0 0 0 0 0 0 0 0 0 0 0 0 0 0 0 0 0 0 0 0 0 
9 3 0 0 0 0 273 0 0 0 0 0 0 0 6 0 0 2 0 68 35 1512 177 0 1390 19 0 0 55 168 3 352 0 220 2 0 166 0 0 1 0 0 0 0 0 0 0 0 0 0 0 0 0 0 0 5 0 0 0 0 0 0 0 0 0 0 0 0 0 0 0 0 0 0 0 0 0 0 0 0 0 0 0 
27 0 0 0 0 0 36 0 0 0 0 0 0 0 0 0 0 1442 8 580 1909 1547 6192 1390 0 79 70 5 668 29 0 15 0 236 56 0 1102 204 0 12 145 0 0 0 0 0 0 0 0 0 0 0 0 0 0 3 0 0 0 0 0 0 0 0 0 0 0 0 0 0 0 0 0 0 0 0 0 0 0 0 0 0 0 
0 0 0 0 0 0 0 0 0 0 0 0 0 0 0 0 0 3 0 14 0 2 0 19 79 0 0 0 0 0 0 0 0 0 0 0 0 0 0 1 0 0 0 0 0 0 0 0 0 0 0 0 0 0 0 1 0 0 0 0 0 0 0 0 0 0 0 0 0 0 0 0 0 0 0 0 0 0 0 0 0 0 0 
0 0 0 0 0 0 0 0 0 0 0 0 0 0 0 0 0 0 0 0 0 0 0 0 70 0 0 0 0 0 0 0 0 5 0 0 0 0 0 9 29 0 0 0 0 0 0 0 0 0 0 0 0 0 0 0 0 0 0 0 0 0 0 0 0 0 0 0 0 0 0 0 0 0 0 0 0 0 0 0 0 0 0 
112 0 9 0 0 0 501 0 0 0 0 0 0 0 0 0 0 0 0 0 0 0 0 0 5 0 0 0 62 0 0 2 0 550 0 0 785 0 0 0 0 0 0 0 0 0 0 0 0 0 0 0 0 0 0 0 0 0 0 0 0 0 0 0 0 0 0 0 0 0 0 0 0 0 0 0 0 0 0 0 0 0 0 
11 0 0 0 0 1845 22 0 0 357 0 0 0 0 0 740 0 2048 1769 527 955 1400 2094 55 668 0 0 62 0 609 23 260 0 517 0 0 110 0 0 4 0 0 0 0 0 0 0 0 0 0 0 0 0 0 0 0 0 0 0 0 0 0 0 0 0 0 0 0 0 0 0 0 0 0 0 0 0 0 0 0 0 0 0 
65 0 0 0 0 917 235 0 0 276 0 0 0 0 0 1115 1413 589 1104 77 323 386 101 168 29 0 0 0 609 0 21 1522 0 3239 0 0 324 2 0 0 0 0 0 0 0 0 0 0 0 0 0 0 0 0 0 0 0 0 0 1 0 0 0 0 0 0 0 0 0 0 0 0 1 0 0 5 0 2 0 0 1 0 0 
2 0 0 0 0 0 5 0 0 0 0 0 0 0 0 95 157 914 74 0 0 10 0 3 0 0 0 0 23 21 0 1647 58 207 0 0 0 0 0 0 0 0 0 0 0 0 0 0 0 0 0 0 0 0 0 0 0 0 0 0 0 0 0 0 0 0 0 0 0 0 0 0 1 0 0 24 0 6 0 0 0 0 0 
95 2 0 0 0 0 518 0 0 0 0 0 0 0 0 6 194 5483 1316 719 1089 657 961 352 15 0 0 2 260 1522 1647 0 646 1973 3 0 518 0 0 89 0 0 0 0 0 0 0 0 0 0 0 0 0 0 0 5 0 0 0 58 0 0 0 0 0 0 0 0 0 4 0 0 20 0 1 642 0 43 0 0 47 0 0 
0 0 0 0 0 0 0 0 0 0 0 0 0 0 0 12 1 41 0 0 0 0 0 0 0 0 0 0 0 0 58 646 0 11 0 0 0 0 0 0 0 0 0 0 0 0 0 0 0 0 0 0 0 0 0 0 0 0 0 0 0 0 0 0 0 0 0 0 0 0 0 0 0 0 0 0 0 0 0 0 0 0 0 
1246 802 228 1 4436 361 3003 309 255 1381 0 0 0 1 0 2884 705 955 2000 294 405 303 483 220 236 0 5 550 517 3239 207 1973 11 0 1 0 322 0 1 17 0 0 0 0 0 0 0 0 0 0 0 0 0 0 0 0 0 0 15 32 1 0 0 0 0 0 0 0 0 26 4 0 0 0 0 179 0 25 0 0 594 0 0 
0 0 0 0 0 0 340 13052 347 28809 0 0 46 213 1081 2061 0 3262 0 5 0 0 0 2 56 0 0 0 0 0 0 3 0 1 0 848 90 13 0 311 103 0 0 0 0 0 0 0 261 0 174 0 0 0 0 186 159 0 3 4 0 0 0 0 0 0 0 0 0 16 8 0 1 0 0 3103 235 34 0 0 1585 0 486 
6 142 340 17 65 0 11812 3235 273 2041 0 189 3 10 2 70 0 8 0 0 0 0 0 0 0 0 0 0 0 0 0 0 0 0 848 0 1 0 150 2 0 5 0 176 0 0 0 1303 19 0 420 0 0 0 0 0 96 0 0 0 0 0 0 0 0 0 0 0 0 0 0 0 0 0 1 545 627 0 0 0 0 0 227 
208 2468 309 0 3291 389 12077 8016 1243 16527 0 16 27 34 286 4216 1 4711 32 12 5 77 15 166 1102 0 0 785 110 324 0 518 0 322 90 1 0 2 0 393 1 0 0 1 0 0 0 27 176 0 0 0 0 0 0 6 0 0 39 156 2 0 0 0 0 0 0 0 0 20 2 0 3 0 0 1136 0 99 0 0 142 0 2537 
0 2 0 0 11 0 194 4 0 108 0 0 0 0 3 0 0 267 4 0 0 0 0 0 204 0 0 0 0 2 0 0 0 0 13 0 2 0 0 20 3 0 0 0 0 0 0 0 0 0 0 0 0 0 0 17 0 0 0 4 0 0 0 0 0 0 0 0 0 2 0 0 2 0 0 208 0 4 0 0 16 0 6912 
1 0 34 3 0 0 67 0 0 0 0 23 0 0 0 0 0 0 0 0 0 0 0 0 0 0 0 0 0 0 0 0 0 1 0 150 0 0 0 0 0 0 0 0 0 0 0 18 0 0 0 0 0 0 0 0 0 0 0 0 0 0 0 0 0 0 0 0 0 0 0 0 0 0 0 0 0 0 0 0 0 0 0 
0 0 0 0 0 0 59 0 0 0 0 0 0 0 7 0 0 0 0 0 0 1 0 1 12 1 9 0 4 0 0 89 0 17 311 2 393 20 0 0 15 0 0 0 0 0 0 0 0 0 0 0 0 0 0 291 0 0 0 0 0 0 0 0 0 0 0 0 0 0 0 0 0 0 0 5 2 0 0 0 50 0 0 
0 0 0 0 0 0 0 0 0 0 0 0 0 0 0 0 0 4 3 0 0 0 0 0 145 0 29 0 0 0 0 0 0 0 103 0 1 3 0 15 0 0 0 0 0 0 0 0 0 0 0 0 0 0 0 0 0 0 0 1 0 0 0 0 0 0 0 0 0 0 0 0 0 0 0 19 0 0 0 0 2 0 6 
16 0 0 16 0 0 0 0 0 0 0 50 0 0 0 0 0 0 0 0 0 0 0 0 0 0 0 0 0 0 0 0 0 0 0 5 0 0 0 0 0 0 518 323 920 157 0 3312 0 0 0 0 111 0 0 0 0 0 0 0 0 0 0 0 0 0 0 0 4 0 0 0 80 0 559 0 33 0 0 5 0 0 0 
0 0 0 0 0 0 0 0 0 0 0 0 0 0 0 0 0 0 0 0 0 0 0 0 0 0 0 0 0 0 0 0 0 0 0 0 0 0 0 0 0 518 0 0 0 0 0 0 0 0 0 0 0 0 0 0 0 0 0 0 0 0 0 0 0 0 0 0 0 0 0 0 0 0 1806 0 0 0 0 0 0 0 0 
7 0 0 0 0 0 0 0 0 0 0 105 0 0 0 0 0 0 0 0 0 0 0 0 0 0 0 0 0 0 0 0 0 0 0 176 1 0 0 0 0 323 0 0 943 0 0 5 0 0 0 0 94 0 0 0 0 0 0 0 0 0 0 0 0 0 0 0 24 1 1 0 78 0 507 0 53 26 0 0 0 0 0 
1 0 1 0 0 0 4 0 0 0 0 12 0 0 0 0 0 0 0 0 0 0 0 0 0 0 0 0 0 0 0 0 0 0 0 0 0 0 0 0 0 920 0 943 0 0 0 428 187 0 0 0 2 0 0 0 0 0 0 0 0 0 0 0 0 0 0 0 0 0 0 0 0 0 85 0 0 0 0 0 0 0 21 
0 0 0 0 0 0 0 0 0 0 0 0 0 0 0 0 0 0 0 0 0 0 0 0 0 0 0 0 0 0 0 0 0 0 0 0 0 0 0 0 0 157 0 0 0 0 476 1150 90 174 0 0 0 0 0 0 0 0 0 0 0 0 0 0 0 0 0 0 0 0 0 0 0 0 3861 0 0 0 0 0 0 0 0 
0 0 0 0 0 0 0 0 0 0 0 0 0 0 0 0 0 0 0 0 0 0 0 0 0 0 0 0 0 0 0 0 0 0 0 0 0 0 0 0 0 0 0 0 0 476 0 2255 2496 2218 350 0 0 0 0 0 49 395 0 2 0 0 0 5 0 0 0 0 0 643 166 307 0 0 460 0 0 63 0 0 0 0 0 
5 0 325 4 0 0 1025 211 0 0 0 314 5 0 0 0 0 0 0 0 0 0 0 0 0 0 0 0 0 0 0 0 0 0 0 1303 27 0 18 0 0 3312 0 5 428 1150 2255 0 722 1144 0 0 564 482 0 0 0 0 0 0 0 0 0 0 0 0 0 0 14 0 0 0 132 0 17581 265 10329 10765 16 0 0 0 4 
0 0 0 0 0 0 1205 8380 0 2882 0 152 1210 134 0 0 0 0 0 0 0 0 0 0 0 0 0 0 0 0 0 0 0 0 261 19 176 0 0 0 0 0 0 0 187 90 2496 722 0 174 1643 101 1935 5799 7922 0 0 0 0 0 0 0 0 0 0 0 0 0 0 0 0 0 0 0 4108 15588 3334 13405 9 0 0 0 1411 
0 0 0 0 0 0 0 0 0 0 0 0 0 0 0 0 0 0 0 0 0 0 0 0 0 0 0 0 0 0 0 0 0 0 0 0 0 0 0 0 0 0 0 0 0 174 2218 1144 174 0 4993 0 0 0 0 0 0 0 0 0 0 0 0 0 0 0 0 0 0 0 0 0 0 0 2126 0 0 317 0 0 0 0 0 
0 0 0 38 0 0 0 798 0 2748 0 0 0 184 0 47 0 0 0 0 0 0 0 0 0 0 0 0 0 0 0 0 0 0 174 420 0 0 0 0 0 0 0 0 0 0 350 0 1643 4993 0 1235 0 0 4904 119 874 2098 0 1 0 0 0 15 0 0 0 0 0 2285 1196 1296 10 0 1645 23003 1694 14671 0 0 0 0 1267 
0 0 0 0 0 0 0 0 0 216 0 0 0 118 0 0 0 0 0 0 0 0 0 0 0 0 0 0 0 0 0 0 0 0 0 0 0 0 0 0 0 0 0 0 0 0 0 0 101 0 1235 0 0 0 6011 14 960 0 36 0 165 0 0 0 0 0 0 0 0 0 0 0 0 0 0 0 0 0 0 0 0 0 0 
0 0 0 0 0 0 0 0 0 0 0 0 0 0 0 0 0 0 0 0 0 0 0 0 0 0 0 0 0 0 0 0 0 0 0 0 0 0 0 0 0 111 0 94 2 0 0 564 1935 0 0 0 0 0 0 0 0 0 0 0 0 0 0 0 0 0 0 0 2 0 0 0 0 0 165 0 0 0 0 0 0 0 0 
0 0 0 0 0 0 0 36 0 0 0 0 0 0 0 0 0 0 0 0 0 0 0 0 0 0 0 0 0 0 0 0 0 0 0 0 0 0 0 0 0 0 0 0 0 0 0 482 5799 0 0 0 0 0 11 0 0 0 0 0 0 0 0 0 0 0 0 0 0 0 0 0 0 0 0 0 0 0 0 0 0 0 0 
0 0 0 0 0 0 0 183 0 374 0 0 0 56 0 2 0 0 0 0 0 0 0 0 0 0 0 0 0 0 0 0 0 0 0 0 0 0 0 0 0 0 0 0 0 0 0 0 7922 0 4904 6011 0 11 0 1040 1995 0 268 0 7324 0 0 0 0 0 0 0 0 0 0 0 0 0 0 45 17 0 0 0 0 0 0 
0 0 0 0 0 0 0 0 0 4 0 0 0 0 2 0 0 123 0 148 0 0 0 5 3 1 0 0 0 0 0 5 0 0 186 0 6 17 0 291 0 0 0 0 0 0 0 0 0 0 119 14 0 0 1040 0 64 0 1734 790 4443 156 0 164 40 9 401 0 0 219 320 10 323 0 52 1808 19 204 0 0 25 0 14 
0 0 0 0 0 0 0 0 0 33 0 0 0 56 0 229 0 1 0 0 0 0 0 0 0 0 0 0 0 0 0 0 0 0 159 96 0 0 0 0 0 0 0 0 0 0 49 0 0 0 874 960 0 0 1995 64 0 6040 1275 112 0 0 0 17 0 0 0 0 0 571 179 135 1 0 1611 2983 77 4616 0 0 0 0 0 
0 0 0 0 0 0 0 0 0 0 0 0 0 0 0 0 0 0 0 0 0 0 0 0 0 0 0 0 0 0 0 0 0 0 0 0 0 0 0 0 0 0 0 0 0 0 395 0 0 0 2098 0 0 0 0 0 6040 0 3713 1713 292 0 0 5 0 0 0 0 0 2628 565 5814 829 25 173 3 0 437 0 0 0 0 0 
0 0 0 0 0 0 2 0 0 0 0 0 0 0 166 0 0 1258 1 1514 11 0 0 0 0 0 0 0 0 0 0 0 0 15 3 0 39 0 0 0 0 0 0 0 0 0 0 0 0 0 0 36 0 0 268 1734 1275 3713 0 3121 4023 81 32 3776 57 2865 132 0 0 2204 662 30 512 0 650 917 1 303 0 0 0 0 0 
0 0 0 0 0 0 0 0 0 0 0 0 0 0 71 0 0 882 5 246 0 0 0 0 0 0 0 0 0 1 0 58 0 32 4 0 156 4 0 0 1 0 0 0 0 0 2 0 0 0 1 0 0 0 0 790 112 1713 3121 0 640 0 0 1573 21 5091 51 0 0 3298 2165 385 1110 0 485 723 0 310 0 0 1 0 0 
0 0 0 0 0 0 0 0 0 0 0 0 0 1 78 0 0 532 1 1056 9 0 0 0 0 0 0 0 0 0 0 0 0 1 0 0 2 0 0 0 0 0 0 0 0 0 0 0 0 0 0 165 0 0 7324 4443 0 292 4023 640 0 1172 5 940 28 120 62 0 0 784 1249 112 574 0 143 1051 5 262 0 0 0 0 0 
0 0 0 0 0 0 0 0 0 0 0 0 0 0 207 0 0 470 0 1252 1 0 0 0 0 0 0 0 0 0 0 0 0 0 0 0 0 0 0 0 0 0 0 0 0 0 0 0 0 0 0 0 0 0 0 156 0 0 81 0 1172 0 539 300 34 124 0 0 0 79 29 0 45 0 85 8 0 14 0 0 0 0 0 
0 0 0 0 0 0 0 0 0 0 0 0 0 0 0 0 0 0 0 0 0 0 0 0 0 0 0 0 0 0 0 0 0 0 0 0 0 0 0 0 0 0 0 0 0 0 0 0 0 0 0 0 0 0 0 0 0 0 32 0 5 539 0 3057 860 42 0 0 0 0 0 0 0 0 0 0 0 0 0 0 0 0 0 
0 0 0 0 0 0 0 0 0 0 0 0 0 0 41 0 0 0 0 18 0 0 0 0 0 0 0 0 0 0 0 0 0 0 0 0 0 0 0 0 0 0 0 0 0 0 5 0 0 0 15 0 0 0 0 164 17 5 3776 1573 940 300 3057 0 2266 6030 0 0 0 1002 664 0 23 0 40 153 0 61 0 0 0 0 0 
0 0 0 0 0 0 0 0 0 0 0 0 0 0 0 0 0 0 0 0 0 0 0 0 0 0 0 0 0 0 0 0 0 0 0 0 0 0 0 0 0 0 0 0 0 0 0 0 0 0 0 0 0 0 0 40 0 0 57 21 28 34 860 2266 0 118 22 0 0 0 0 0 0 0 0 0 0 0 0 0 0 0 0 
0 0 0 0 0 0 0 0 0 0 0 0 0 0 0 0 0 0 0 0 0 0 0 0 0 0 0 0 0 0 0 0 0 0 0 0 0 0 0 0 0 0 0 0 0 0 0 0 0 0 0 0 0 0 0 9 0 0 2865 5091 120 124 42 6030 118 0 64 1 29 1104 90 0 85 0 208 98 0 115 1 0 35 0 0 
0 0 0 0 0 0 0 0 0 0 0 0 0 0 0 0 0 0 0 0 0 0 0 0 0 0 0 0 0 0 0 0 0 0 0 0 0 0 0 0 0 0 0 0 0 0 0 0 0 0 0 0 0 0 0 401 0 0 132 51 62 0 0 0 22 64 0 240 0 1 0 0 0 0 0 0 0 16 0 0 206 19 0 
0 0 0 0 0 0 0 0 0 0 0 0 0 0 0 0 0 0 0 0 0 0 0 0 0 0 0 0 0 0 0 0 0 0 0 0 0 0 0 0 0 0 0 0 0 0 0 0 0 0 0 0 0 0 0 0 0 0 0 0 0 0 0 0 0 1 240 0 29 0 0 0 0 0 32 55 0 381 22 0 281 2 0 
0 0 0 1 0 0 0 0 0 0 0 0 0 0 0 0 0 0 0 0 0 0 0 0 0 0 0 0 0 0 0 0 0 0 0 0 0 0 0 0 0 4 0 24 0 0 0 14 0 0 0 0 2 0 0 0 0 0 0 0 0 0 0 0 0 29 0 29 0 0 0 0 0 0 355 0 7 252 196 0 0 0 0 
1 0 0 0 0 0 25 0 0 0 0 0 0 0 4 0 0 3 0 1 0 0 0 0 0 0 0 0 0 0 0 4 0 26 16 0 20 2 0 0 0 0 0 1 0 0 643 0 0 0 2285 0 0 0 0 219 571 2628 2204 3298 784 79 0 1002 0 1104 1 0 0 0 2108 177 386 0 195 761 2 1002 214 0 372 0 0 
0 0 0 0 0 0 4 0 0 0 0 0 0 0 5 0 0 26 0 6 0 0 0 0 0 0 0 0 0 0 0 0 0 4 8 0 2 0 0 0 0 0 0 1 0 0 166 0 0 0 1196 0 0 0 0 320 179 565 662 2165 1249 29 0 664 0 90 0 0 0 2108 0 386 1460 7 86 143 0 588 199 0 14 0 0 
0 0 0 0 0 0 0 0 0 0 0 0 0 0 0 0 0 0 0 2 0 0 0 0 0 0 0 0 0 0 0 0 0 0 0 0 0 0 0 0 0 0 0 0 0 0 307 0 0 0 1296 0 0 0 0 10 135 5814 30 385 112 0 0 0 0 0 0 0 0 177 386 0 3494 5 31 70 0 154 0 0 0 0 1 
0 0 0 0 0 0 0 0 0 0 0 0 0 0 20 0 0 69 0 37 0 0 0 0 0 0 0 0 0 1 1 20 0 0 1 0 3 2 0 0 0 80 0 78 0 0 0 132 0 0 10 0 0 0 0 323 1 829 512 1110 574 45 0 23 0 85 0 0 0 386 1460 3494 0 253 210 53 2 573 6 0 0 0 0 
0 0 0 0 0 0 0 0 0 0 0 0 0 0 0 0 0 0 0 0 0 0 0 0 0 0 0 0 0 0 0 0 0 0 0 0 0 0 0 0 0 0 0 0 0 0 0 0 0 0 0 0 0 0 0 0 0 25 0 0 0 0 0 0 0 0 0 0 0 0 7 5 253 0 1 0 0 0 0 0 0 0 0 
4 0 0 10 0 0 0 0 0 0 0 17 0 0 0 0 0 4 0 7 0 0 0 0 0 0 0 0 0 0 0 1 0 0 0 1 0 0 0 0 0 559 1806 507 85 3861 460 17581 4108 2126 1645 0 165 0 0 52 1611 173 650 485 143 85 0 40 0 208 0 32 355 195 86 31 210 1 0 3 211 176 0 23 0 0 5 
0 0 0 0 0 0 30 829 0 263 0 1 0 105 36 214 0 689 0 135 1 0 0 0 0 0 0 0 0 5 24 642 0 179 3103 545 1136 208 0 5 19 0 0 0 0 0 0 265 15588 0 23003 0 0 0 45 1808 2983 3 917 723 1051 8 0 153 0 98 0 55 0 761 143 70 53 0 3 0 198 17 20 0 549 93 2783 
0 0 0 0 0 0 0 1028 0 482 0 0 0 9 0 24 0 5 0 0 0 0 0 0 0 0 0 0 0 0 0 0 0 0 235 627 0 0 0 2 0 33 0 53 0 0 0 10329 3334 0 1694 0 0 0 17 19 77 0 1 0 5 0 0 0 0 0 0 0 7 2 0 0 2 0 211 198 0 0 1 3 0 0 376 
0 0 0 0 0 0 0 0 0 0 0 2 0 0 9 0 0 114 0 143 0 0 0 0 0 0 0 0 0 2 6 43 0 25 34 0 99 4 0 0 0 0 0 26 0 0 63 10765 13405 317 14671 0 0 0 0 204 4616 437 303 310 262 14 0 61 0 115 16 381 252 1002 588 154 573 0 176 17 0 0 2 0 0 0 5828 
0 0 0 0 0 0 0 0 0 0 0 0 0 0 0 0 0 0 0 0 0 0 0 0 0 0 0 0 0 0 0 0 0 0 0 0 0 0 0 0 0 0 0 0 0 0 0 16 9 0 0 0 0 0 0 0 0 0 0 0 0 0 0 0 0 1 0 22 196 214 199 0 6 0 0 20 1 2 0 0 0 0 985 
0 0 0 0 0 0 0 0 0 0 0 0 0 0 0 0 0 0 0 0 0 0 0 0 0 0 0 0 0 0 0 0 0 0 0 0 0 0 0 0 0 5 0 0 0 0 0 0 0 0 0 0 0 0 0 0 0 0 0 0 0 0 0 0 0 0 0 0 0 0 0 0 0 0 23 0 3 0 0 0 0 0 0 
64 0 0 0 0 0 552 0 0 0 0 0 0 0 0 0 0 19 0 8 1 0 0 0 0 0 0 0 0 1 0 47 0 594 1585 0 142 16 0 50 2 0 0 0 0 0 0 0 0 0 0 0 0 0 0 25 0 0 0 1 0 0 0 0 0 35 206 281 0 372 14 0 0 0 0 549 0 0 0 0 0 291 12 
0 0 0 0 0 0 0 0 0 0 0 0 0 0 0 0 0 0 0 0 0 0 0 0 0 0 0 0 0 0 0 0 0 0 0 0 0 0 0 0 0 0 0 0 0 0 0 0 0 0 0 0 0 0 0 0 0 0 0 0 0 0 0 0 0 0 19 2 0 0 0 0 0 0 0 93 0 0 0 0 291 0 24 
0 0 0 1 0 0 101 7 1 2308 0 0 0 27 191 0 0 1047 0 0 0 0 0 0 0 0 0 0 0 0 0 0 0 0 486 227 2537 6912 0 0 6 0 0 0 21 0 0 4 1411 0 1267 0 0 0 0 14 0 0 0 0 0 0 0 0 0 0 0 0 0 0 0 1 0 0 5 2783 376 5828 985 0 12 24 0 
