0 31 0 46 17 0 42 0 0 0 0 832 0 0 0 2 0 81 0 0 102 156 505 0 95 1 29 225 43 95 0 0 0 2435 0 2 721 0 0 0 1 207 0 0 4 0 0 1 0 0 0 0 14 0 0 0 0 0 12 0 5 1 0 0 0 39 0 0 0 116 0 0 0 0 1 0 0 137 1 0 0 0 0 
31 0 0 0 0 0 0 0 0 39 0 0 0 0 0 4 0 13 0 0 0 0 0 0 0 0 0 0 0 0 0 0 0 1217 33 12 5094 52 0 0 0 0 0 0 0 0 0 0 0 0 0 0 0 0 0 0 0 0 0 0 0 0 0 0 0 0 0 0 0 0 0 0 0 0 0 0 0 1 0 0 0 0 2 
0 0 0 32 0 0 0 0 0 0 0 1252 0 0 0 0 0 0 0 0 0 0 0 0 0 0 0 0 0 0 0 0 0 4 0 0 0 0 0 0 0 529 0 0 3 0 0 2 0 0 0 0 10 0 0 0 0 0 0 0 0 0 0 0 0 0 0 0 0 0 0 0 0 0 0 0 0 0 0 0 0 0 0 
46 0 32 0 0 0 58 46 0 0 0 4 3 0 0 0 0 0 0 0 0 0 0 0 0 0 0 0 0 0 0 0 0 5 0 0 0 0 0 0 0 0 0 0 0 0 0 0 0 0 0 0 0 0 0 0 0 0 0 0 0 0 0 0 0 0 0 0 0 0 0 0 0 0 0 0 0 0 0 0 0 0 0 
17 0 0 0 0 57 860 1395 136 417 0 0 0 0 0 0 0 0 0 0 0 0 0 0 0 0 0 0 0 0 0 0 0 3072 0 0 2189 0 0 0 0 0 0 0 0 0 0 3 0 0 0 0 0 0 0 0 0 0 0 0 0 0 0 0 0 0 0 0 0 0 0 0 0 0 0 0 0 0 0 0 0 0 0 
0 0 0 0 57 0 31 3478 2822 6639 0 0 0 0 0 0 2 0 83 0 0 0 0 0 0 0 0 0 0 0 0 0 0 1036 0 0 0 0 0 0 0 0 0 0 0 0 0 0 0 0 0 0 0 0 0 0 0 0 0 0 0 0 0 0 0 0 0 0 0 0 0 0 0 0 0 0 0 0 0 0 0 0 0 
42 0 0 58 860 31 0 5074 5345 978 0 1023 162 0 0 6 0 166 0 0 188 89 172 1 1 0 0 0 0 0 0 0 0 563 2871 5743 8626 1027 46 0 0 8119 0 10 25 0 0 3509 1294 0 0 0 86 0 0 0 0 0 49 0 59 4 0 0 0 278 0 0 0 762 0 0 0 0 5 0 0 312 4 0 0 0 433 
0 0 0 46 1395 3478 5074 0 0 391 64 1674 15083 5063 0 0 0 0 16 0 0 0 0 0 0 0 0 0 0 3 0 0 0 1210 17108 2086 9903 25 0 0 0 403 0 6 0 0 0 2726 28617 0 948 399 4 39 13 0 0 0 0 0 0 0 0 0 0 0 0 0 0 0 0 0 0 0 0 0 0 0 0 0 0 0 645 
0 0 0 0 136 2822 5345 0 0 1709 0 0 0 0 0 0 0 0 0 0 0 0 0 0 0 0 0 0 0 0 0 0 0 694 149 0 5505 41 0 0 0 0 0 0 0 0 0 0 0 0 0 0 0 0 0 0 0 0 0 0 0 0 0 0 0 0 0 0 0 0 0 0 0 0 0 0 0 0 0 0 0 0 305 
0 39 0 0 417 6639 978 391 1709 0 3 0 0 1360 0 565 3456 0 2425 0 0 0 0 0 0 0 0 0 1 394 0 0 0 7941 21916 1612 16469 73 0 0 0 0 0 0 0 0 0 7 1160 0 7028 184 0 0 30 0 115 0 0 0 0 0 0 0 0 0 0 0 0 0 0 0 0 0 0 15 147 0 0 0 0 0 5135 
0 0 0 0 0 0 0 64 0 3 0 0 8 12015 0 96 0 7 0 0 0 0 0 0 0 0 0 0 0 0 0 0 0 0 3 55 1 0 0 0 0 0 0 0 0 0 0 0 231 0 5778 159 0 0 446 0 416 0 424 0 90 0 0 0 0 0 0 0 0 0 0 0 0 0 0 340 251 11 19 0 0 0 23 
832 0 1252 4 0 0 1023 1674 0 0 0 0 83 0 0 0 0 0 0 0 0 0 0 0 0 0 0 0 0 0 0 0 0 42 0 0 0 0 0 0 0 222 0 18 1 0 0 309 2 0 0 0 0 4 0 0 0 0 0 0 0 0 0 0 0 0 0 0 0 0 0 0 0 0 0 0 0 0 0 0 0 0 0 
0 0 0 3 0 0 162 15083 0 0 8 83 0 17 0 0 0 0 0 0 0 0 0 0 0 0 0 0 0 0 0 0 0 0 0 0 8 0 0 0 0 0 0 0 0 0 0 340 1164 0 0 0 116 0 0 0 0 0 0 0 0 0 0 0 0 0 0 0 0 0 0 0 0 0 0 0 0 0 0 0 0 0 0 
0 0 0 0 0 0 0 5063 0 1360 12015 0 17 0 415 1789 0 42 0 1860 0 0 0 0 0 0 0 0 0 0 0 0 0 0 0 0 0 0 0 0 0 0 0 0 0 0 0 0 107 0 258 105 0 0 0 0 20 0 1 0 0 0 0 0 0 0 0 0 0 0 0 0 0 0 0 0 0 0 0 0 0 0 0 
0 0 0 0 0 0 0 0 0 0 0 0 0 415 0 0 0 2785 0 5666 1 20 0 100 0 44 0 0 0 0 0 0 0 0 0 0 0 0 0 0 0 0 0 0 0 0 0 0 0 0 0 0 0 0 0 0 0 0 408 0 343 41 0 0 0 0 0 0 0 0 0 0 0 0 0 0 0 0 0 0 0 0 7 
2 4 0 0 0 0 6 0 0 565 96 0 0 1789 0 0 6902 124 504 0 0 0 1 0 1 0 0 0 579 4930 2195 1647 190 5148 2491 11 4032 0 0 18 82 0 0 0 0 0 0 0 0 0 172 0 0 0 6 0 1498 0 168 0 5 0 0 0 0 0 0 0 0 0 0 0 0 0 0 127 376 0 0 0 0 0 1955 
0 0 0 0 0 2 0 0 0 3456 0 0 0 0 0 6902 0 763 2182 0 0 0 0 0 0 0 0 0 0 98 1353 150 0 1889 0 0 11 0 0 0 0 0 0 0 0 0 0 0 0 0 0 0 0 0 0 0 0 0 0 0 0 0 0 0 0 0 0 0 0 0 0 0 0 0 0 0 0 0 0 0 0 0 0 
81 13 0 0 0 0 166 0 0 0 7 0 0 42 2785 124 763 0 13184 124 756 13 7246 116 1458 219 0 0 4597 6993 832 1962 11 1679 332 0 3470 22 0 81 165 21 0 0 0 0 0 30 0 0 0 0 0 0 63 14 192 0 17128 0 4560 1496 3 26 0 42 0 0 0 574 0 0 0 0 33 233 204 5191 312 0 48 0 1704 
0 0 0 0 0 83 0 16 0 2425 0 0 0 0 0 504 2182 13184 0 0 0 0 1329 0 2833 0 0 0 882 1751 3 25 0 3708 0 0 24 0 0 0 0 0 0 0 0 0 0 0 0 0 0 0 0 0 0 0 0 0 0 0 0 0 0 0 0 0 0 0 0 0 0 0 0 0 0 0 0 0 0 0 0 0 0 
0 0 0 0 0 0 0 0 0 0 0 0 0 1860 5666 0 0 124 0 0 6 1 116 120 0 257 0 0 36 51 0 94 0 10 0 0 3 0 0 2 0 1 0 0 0 0 0 1 0 0 0 0 0 0 228 42 0 0 3039 0 4227 2193 3 14 0 0 0 0 0 0 0 0 0 0 1 22 0 920 13 0 10 0 426 
102 0 0 0 0 0 188 0 0 0 0 0 0 0 1 0 0 756 0 6 0 131 36 226 169 0 0 0 471 38 0 103 0 511 0 0 0 0 0 0 0 0 0 0 0 0 0 0 0 0 0 0 0 0 0 0 0 0 118 0 347 1124 4 6 0 0 0 0 0 0 0 0 0 0 0 0 0 0 0 0 0 0 0 
156 0 0 0 0 0 89 0 0 0 0 0 0 0 20 0 0 13 0 1 131 0 6 337 3294 1 0 0 10 0 0 0 0 50 0 0 0 0 0 10 0 0 0 0 0 0 0 0 0 0 0 0 0 0 0 0 0 0 0 0 0 28 0 5 0 0 0 0 0 0 0 0 0 0 0 0 0 0 0 0 0 0 0 
505 0 0 0 0 0 172 0 0 0 0 0 0 0 0 1 0 7246 1329 116 36 6 0 89 6667 0 0 24 4522 957 0 121 0 270 0 0 0 0 0 0 0 0 0 0 0 0 0 0 0 0 0 0 0 0 0 0 0 0 100 0 1 392 26 38 0 0 0 0 0 0 0 0 0 0 0 0 0 0 0 0 0 0 0 
0 0 0 0 0 0 1 0 0 0 0 0 0 0 100 0 0 116 0 120 226 337 89 0 3638 2 0 0 0 0 0 0 0 0 0 0 0 0 0 62 0 0 0 0 0 0 0 0 0 0 0 0 0 0 0 0 0 0 0 0 0 25 0 0 0 0 0 0 0 0 0 0 0 0 0 0 0 0 0 0 0 0 0 
95 0 0 0 0 0 1 0 0 0 0 0 0 0 0 1 0 1458 2833 0 169 3294 6667 3638 0 41 2 0 291 85 0 0 0 152 56 11 630 119 0 95 0 0 0 0 0 0 0 1 0 0 0 0 0 0 0 0 0 0 0 0 0 3 0 0 0 98 0 0 0 339 0 0 0 0 3 51 0 250 52 0 2 0 0 
1 0 0 0 0 0 0 0 0 0 0 0 0 0 44 0 0 219 0 257 0 1 0 2 41 0 0 0 0 0 0 0 0 1 24 7 73 4 0 90 0 0 0 0 0 0 0 0 0 0 0 0 0 0 0 0 0 0 0 0 0 0 0 0 0 35 0 0 0 93 0 0 0 0 0 13 0 56 7 0 0 0 0 
29 0 0 0 0 0 0 0 0 0 0 0 0 0 0 0 0 0 0 0 0 0 0 0 2 0 0 0 0 0 0 0 0 0 5 0 110 14 0 64 1 2 0 0 0 0 0 0 0 0 0 0 0 0 0 0 0 0 0 0 0 0 0 0 0 0 0 0 0 0 0 0 0 0 0 0 0 0 0 0 0 0 0 
225 0 0 0 0 0 0 0 0 0 0 0 0 0 0 0 0 0 0 0 0 0 24 0 0 0 0 0 0 0 0 0 0 1188 0 0 1 0 0 0 0 4 0 0 0 0 0 0 0 0 0 0 0 0 0 0 0 0 0 0 0 0 0 0 0 0 0 0 0 0 0 0 0 0 0 0 0 0 0 0 0 0 0 
43 0 0 0 0 0 0 0 0 1 0 0 0 0 0 579 0 4597 882 36 471 10 4522 0 291 0 0 0 0 364 484 0 0 313 0 0 0 0 0 0 0 2 0 0 0 0 0 0 0 0 0 0 0 0 0 0 0 0 0 0 0 0 0 0 0 1 0 0 0 27 0 0 0 0 0 0 0 59 0 0 0 0 0 
95 0 0 0 0 0 0 3 0 394 0 0 0 0 0 4930 98 6993 1751 51 38 0 957 0 85 0 0 0 364 0 1412 250 1 621 0 0 0 0 0 0 0 6 0 0 0 0 0 14 0 0 0 0 0 0 0 0 0 0 1 0 0 0 0 0 0 44 0 0 0 373 0 0 0 0 9 0 0 924 5 0 0 0 0 
0 0 0 0 0 0 0 0 0 0 0 0 0 0 0 2195 1353 832 3 0 0 0 0 0 0 0 0 0 484 1412 0 1046 0 148 0 0 0 0 0 0 0 0 0 0 0 0 0 0 0 0 0 0 0 0 0 0 0 0 0 0 0 0 0 0 0 0 0 0 0 9 0 0 0 0 0 0 0 19 0 0 0 0 0 
0 0 0 0 0 0 0 0 0 0 0 0 0 0 0 1647 150 1962 25 94 103 0 121 0 0 0 0 0 0 250 1046 0 323 534 0 0 0 0 0 0 0 1 0 0 0 0 0 1 0 0 0 0 0 0 0 0 0 0 63 0 36 16 0 0 0 126 0 0 0 563 0 0 0 0 4 0 0 486 2 0 0 0 0 
0 0 0 0 0 0 0 0 0 0 0 0 0 0 0 190 0 11 0 0 0 0 0 0 0 0 0 0 0 1 0 323 0 19 0 0 0 0 0 0 0 0 0 0 0 0 0 0 0 0 0 0 0 0 0 0 0 0 0 0 0 0 0 0 0 0 0 0 0 0 0 0 0 0 0 0 0 0 0 0 0 0 0 
2435 1217 4 5 3072 1036 563 1210 694 7941 0 42 0 0 0 5148 1889 1679 3708 10 511 50 270 0 152 1 0 1188 313 621 148 534 19 0 0 1 4 0 0 0 0 75 0 0 0 0 0 5 3 0 0 0 0 0 0 0 0 0 85 0 56 5 0 0 0 306 0 0 0 889 0 0 0 0 9 0 0 473 2 0 0 0 0 
0 33 0 0 0 0 2871 17108 149 21916 3 0 0 0 0 2491 0 332 0 0 0 0 0 0 56 24 5 0 0 0 0 0 0 0 0 989 438 1 0 743 242 0 0 0 0 0 0 53 4 0 11 0 0 0 0 0 47 0 4 0 0 0 0 0 0 0 0 0 0 0 0 0 0 0 0 8 22 0 0 0 1 0 238 
2 12 0 0 0 0 5743 2086 0 1612 55 0 0 0 0 11 0 0 0 0 0 0 0 0 11 7 0 0 0 0 0 0 0 1 989 0 160 4 0 336 10 0 0 0 0 0 0 1 0 0 0 0 0 0 0 0 0 0 0 0 0 0 0 0 0 0 0 0 0 0 0 0 0 0 0 0 0 0 0 0 0 0 5 
721 5094 0 0 2189 0 8626 9903 5505 16469 1 0 8 0 0 4032 11 3470 24 3 0 0 0 0 630 73 110 1 0 0 0 0 0 4 438 160 0 3 5 71 0 1 0 0 0 0 0 34 4 0 0 0 0 0 0 0 5 0 50 0 5 0 0 0 0 845 0 0 0 1941 0 0 0 0 7 884 29 2160 606 0 50 0 2394 
0 52 0 0 0 0 1027 25 41 73 0 0 0 0 0 0 0 22 0 0 0 0 0 0 119 4 14 0 0 0 0 0 0 0 1 4 3 0 0 0 0 0 0 0 0 0 0 0 0 0 0 0 0 0 0 0 0 0 0 0 1 0 0 0 0 1 0 0 0 5 0 0 0 0 0 12 0 25 9 0 1 0 5387 
0 0 0 0 0 0 46 0 0 0 0 0 0 0 0 0 0 0 0 0 0 0 0 0 0 0 0 0 0 0 0 0 0 0 0 0 5 0 0 0 0 0 0 0 0 0 0 0 0 0 0 0 0 0 0 0 0 0 0 0 0 0 0 0 0 0 0 0 0 0 0 0 0 0 0 0 0 0 0 0 0 0 0 
0 0 0 0 0 0 0 0 0 0 0 0 0 0 0 18 0 81 0 2 0 10 0 62 95 90 64 0 0 0 0 0 0 0 743 336 71 0 0 0 0 0 0 0 0 0 0 0 0 0 0 0 0 0 1 0 0 0 0 0 2 0 0 0 0 478 0 0 0 1074 0 0 0 0 6 25 0 436 16 0 16 0 22 
1 0 0 0 0 0 0 0 0 0 0 0 0 0 0 82 0 165 0 0 0 0 0 0 0 0 1 0 0 0 0 0 0 0 242 10 0 0 0 0 0 0 0 0 0 0 0 0 0 0 0 0 0 0 0 0 0 0 0 0 0 0 0 0 0 0 0 0 0 22 0 0 0 0 0 25 0 14 3 0 0 0 24 
207 0 529 0 0 0 8119 403 0 0 0 222 0 0 0 0 0 21 0 1 0 0 0 0 0 0 2 4 2 6 0 1 0 75 0 0 1 0 0 0 0 0 1735 0 60 205 0 133 0 0 0 0 651 0 0 0 0 0 629 5 7 463 36 2706 7 142 0 0 90 156 209 0 36 0 2275 10 545 771 0 57 0 0 0 
0 0 0 0 0 0 0 0 0 0 0 0 0 0 0 0 0 0 0 0 0 0 0 0 0 0 0 0 0 0 0 0 0 0 0 0 0 0 0 0 0 1735 0 0 0 9 0 0 0 0 0 0 0 0 0 0 0 0 370 0 0 146 0 154 0 31 0 0 2 0 29 0 91 0 1345 140 447 4060 421 0 0 0 0 
0 0 0 0 0 0 10 6 0 0 0 18 0 0 0 0 0 0 0 0 0 0 0 0 0 0 0 0 0 0 0 0 0 0 0 0 0 0 0 0 0 0 0 0 187 0 0 0 0 0 0 0 296 0 0 0 0 0 0 0 0 0 0 0 0 0 0 0 0 0 0 0 0 0 0 0 0 0 0 0 0 0 0 
4 0 3 0 0 0 25 0 0 0 0 1 0 0 0 0 0 0 0 0 0 0 0 0 0 0 0 0 0 0 0 0 0 0 0 0 0 0 0 0 0 60 0 187 0 0 0 0 104 0 0 0 130 0 0 0 0 0 0 0 0 0 0 0 0 0 0 0 1 0 0 0 0 0 2 0 0 2 0 0 0 0 141 
0 0 0 0 0 0 0 0 0 0 0 0 0 0 0 0 0 0 0 0 0 0 0 0 0 0 0 0 0 0 0 0 0 0 0 0 0 0 0 0 0 205 9 0 0 0 0 20 82 0 0 0 0 0 0 0 0 0 0 0 0 0 0 1 0 0 0 0 0 0 0 0 0 0 4252 1 2 2366 6 0 0 0 0 
0 0 0 0 0 0 0 0 0 0 0 0 0 0 0 0 0 0 0 0 0 0 0 0 0 0 0 0 0 0 0 0 0 0 0 0 0 0 0 0 0 0 0 0 0 0 0 63 1111 3383 2004 0 0 0 0 0 0 98 0 777 0 0 0 0 0 0 0 0 0 20 1 284 0 0 903 0 0 63 0 0 0 0 0 
1 0 2 0 3 0 3509 2726 0 7 0 309 340 0 0 0 0 30 0 1 0 0 0 0 1 0 0 0 0 14 0 1 0 5 53 1 34 0 0 0 0 133 0 0 0 20 63 0 2853 4960 2304 0 347 2 0 0 0 0 425 5 3 146 8 441 1 5 0 0 6 1 41 0 7 0 597 851 6720 9243 1800 0 0 0 2 
0 0 0 0 0 0 1294 28617 0 1160 231 2 1164 107 0 0 0 0 0 0 0 0 0 0 0 0 0 0 0 0 0 0 0 3 4 0 4 0 0 0 0 0 0 0 104 82 1111 2853 0 263 27 50 1416 4453 4211 0 0 0 0 1 0 0 0 0 0 0 0 0 0 0 0 0 0 0 1098 17891 5694 12405 227 0 0 0 4349 
0 0 0 0 0 0 0 0 0 0 0 0 0 0 0 0 0 0 0 0 0 0 0 0 0 0 0 0 0 0 0 0 0 0 0 0 0 0 0 0 0 0 0 0 0 0 3383 4960 263 0 3026 0 0 0 0 0 0 0 0 9 0 0 0 0 0 0 0 0 0 0 0 0 0 0 2731 1193 0 7165 3 0 0 0 431 
0 0 0 0 0 0 0 948 0 7028 5778 0 0 258 0 172 0 0 0 0 0 0 0 0 0 0 0 0 0 0 0 0 0 0 11 0 0 0 0 0 0 0 0 0 0 0 2004 2304 27 3026 0 47 0 0 4258 0 778 1217 23 4395 0 0 0 0 0 0 0 0 0 352 138 4538 1 0 3271 20186 1378 15913 0 0 2 0 4771 
0 0 0 0 0 0 0 399 0 184 159 0 0 105 0 0 0 0 0 0 0 0 0 0 0 0 0 0 0 0 0 0 0 0 0 0 0 0 0 0 0 0 0 0 0 0 0 0 50 0 47 0 0 0 4151 0 400 0 0 0 0 0 0 0 0 0 0 0 0 0 0 0 0 0 0 0 0 0 0 0 0 0 0 
14 0 10 0 0 0 86 4 0 0 0 0 116 0 0 0 0 0 0 0 0 0 0 0 0 0 0 0 0 0 0 0 0 0 0 0 0 0 0 0 0 651 0 296 130 0 0 347 1416 0 0 0 0 12 0 0 0 0 0 0 0 0 0 0 0 0 0 0 0 0 0 0 0 0 29 0 0 49 0 0 0 0 0 
0 0 0 0 0 0 0 39 0 0 0 4 0 0 0 0 0 0 0 0 0 0 0 0 0 0 0 0 0 0 0 0 0 0 0 0 0 0 0 0 0 0 0 0 0 0 0 2 4453 0 0 0 12 0 12 0 0 0 0 0 0 0 0 0 0 0 0 0 0 0 0 0 0 0 0 0 0 0 0 0 0 0 0 
0 0 0 0 0 0 0 13 0 30 446 0 0 0 0 6 0 63 0 228 0 0 0 0 0 0 0 0 0 0 0 0 0 0 0 0 0 0 0 1 0 0 0 0 0 0 0 0 4211 0 4258 4151 0 12 0 162 2642 0 896 0 4523 0 0 0 0 0 0 0 0 0 0 0 0 0 0 42 0 8 5 0 1 0 30 
0 0 0 0 0 0 0 0 0 0 0 0 0 0 0 0 0 14 0 42 0 0 0 0 0 0 0 0 0 0 0 0 0 0 0 0 0 0 0 0 0 0 0 0 0 0 0 0 0 0 0 0 0 0 162 0 0 0 2862 0 10451 212 6 1 212 0 82 0 0 0 0 0 0 0 0 7 0 3 2 0 0 0 8 
0 0 0 0 0 0 0 0 0 115 416 0 0 20 0 1498 0 192 0 0 0 0 0 0 0 0 0 0 0 0 0 0 0 0 47 0 5 0 0 0 0 0 0 0 0 0 0 0 0 0 778 400 0 0 2642 0 0 6893 2255 1079 1 0 0 4 0 5 0 0 0 801 422 5034 25 14 1454 5435 1241 2400 1 0 0 0 651 
0 0 0 0 0 0 0 0 0 0 0 0 0 0 0 0 0 0 0 0 0 0 0 0 0 0 0 0 0 0 0 0 0 0 0 0 0 0 0 0 0 0 0 0 0 0 98 0 0 0 1217 0 0 0 0 0 6893 0 54 3249 0 0 0 5 0 13 0 0 0 231 21 985 350 0 105 0 0 0 0 0 0 0 0 
12 0 0 0 0 0 49 0 0 0 424 0 0 1 408 168 0 17128 0 3039 118 0 100 0 0 0 0 0 0 1 0 63 0 85 4 0 50 0 0 0 0 629 370 0 0 0 0 425 0 0 23 0 0 0 896 2862 2255 54 0 11424 193 1003 214 3758 0 1037 922 0 0 13286 5579 1179 1950 1339 1969 907 20 6145 59 0 12 0 1376 
0 0 0 0 0 0 0 0 0 0 0 0 0 0 0 0 0 0 0 0 0 0 0 0 0 0 0 0 0 0 0 0 0 0 0 0 0 0 0 0 0 5 0 0 0 0 777 5 1 9 4395 0 0 0 0 0 1079 3249 11424 0 151 85 0 1183 0 63 0 0 0 648 899 41 267 38 61 0 0 48 0 0 0 0 0 
5 0 0 0 0 0 59 0 0 0 90 0 0 0 343 5 0 4560 0 4227 347 0 1 0 0 0 0 0 0 0 0 36 0 56 0 0 5 1 0 2 0 7 0 0 0 0 0 3 0 0 0 0 0 0 4523 10451 1 0 193 151 0 42 0 37 0 5 1670 0 0 18 6 0 76 0 26 102 0 439 1 0 0 0 525 
1 0 0 0 0 0 4 0 0 0 0 0 0 0 41 0 0 1496 0 2193 1124 28 392 25 3 0 0 0 0 0 0 16 0 5 0 0 0 0 0 0 0 463 146 0 0 0 0 146 0 0 0 0 0 0 0 212 0 0 1003 85 42 0 1012 2439 140 286 101 0 0 651 176 0 268 0 150 0 0 369 0 0 8 0 0 
0 0 0 0 0 0 0 0 0 0 0 0 0 0 0 0 0 3 0 3 4 0 26 0 0 0 0 0 0 0 0 0 0 0 0 0 0 0 0 0 0 36 0 0 0 0 0 8 0 0 0 0 0 0 0 6 0 0 214 0 0 1012 0 536 52 2991 2 0 0 164 2 0 0 0 5 0 0 5 0 0 15 0 0 
0 0 0 0 0 0 0 0 0 0 0 0 0 0 0 0 0 26 0 14 6 5 38 0 0 0 0 0 0 0 0 0 0 0 0 0 0 0 0 0 0 2706 154 0 0 1 0 441 0 0 0 0 0 0 0 1 4 5 3758 1183 37 2439 536 0 93 6127 0 0 0 3330 890 0 19 0 257 0 2 342 1 0 0 0 0 
0 0 0 0 0 0 0 0 0 0 0 0 0 0 0 0 0 0 0 0 0 0 0 0 0 0 0 0 0 0 0 0 0 0 0 0 0 0 0 0 0 7 0 0 0 0 0 1 0 0 0 0 0 0 0 212 0 0 0 0 0 140 52 93 0 3637 6 0 0 1 0 0 0 0 0 0 0 1 0 0 410 0 0 
39 0 0 0 0 0 278 0 0 0 0 0 0 0 0 0 0 42 0 0 0 0 0 0 98 35 0 0 1 44 0 126 0 306 0 0 845 1 0 478 0 142 31 0 0 0 0 5 0 0 0 0 0 0 0 0 5 13 1037 63 5 286 2991 6127 3637 0 16 0 0 1317 325 0 61 0 646 361 5 368 350 0 39 27 0 
0 0 0 0 0 0 0 0 0 0 0 0 0 0 0 0 0 0 0 0 0 0 0 0 0 0 0 0 0 0 0 0 0 0 0 0 0 0 0 0 0 0 0 0 0 0 0 0 0 0 0 0 0 0 0 82 0 0 922 0 1670 101 2 0 6 16 0 7 0 0 0 0 0 0 0 0 0 0 0 0 215 0 0 
0 0 0 0 0 0 0 0 0 0 0 0 0 0 0 0 0 0 0 0 0 0 0 0 0 0 0 0 0 0 0 0 0 0 0 0 0 0 0 0 0 0 0 0 0 0 0 0 0 0 0 0 0 0 0 0 0 0 0 0 0 0 0 0 0 0 7 0 0 0 0 0 0 0 5 0 0 23 185 0 60 43 0 
0 0 0 0 0 0 0 0 0 0 0 0 0 0 0 0 0 0 0 0 0 0 0 0 0 0 0 0 0 0 0 0 0 0 0 0 0 0 0 0 0 90 2 0 1 0 0 6 0 0 0 0 0 0 0 0 0 0 0 0 0 0 0 0 0 0 0 0 0 15 0 0 6 0 1167 0 0 3 158 0 0 16 0 
116 0 0 0 0 0 762 0 0 0 0 0 0 0 0 0 0 574 0 0 0 0 0 0 339 93 0 0 27 373 9 563 0 889 0 0 1941 5 0 1074 22 156 0 0 0 0 20 1 0 0 352 0 0 0 0 0 801 231 13286 648 18 651 164 3330 1 1317 0 0 15 0 185 162 545 3 436 1066 5 1209 463 0 17 14 0 
0 0 0 0 0 0 0 0 0 0 0 0 0 0 0 0 0 0 0 0 0 0 0 0 0 0 0 0 0 0 0 0 0 0 0 0 0 0 0 0 0 209 29 0 0 0 1 41 0 0 138 0 0 0 0 0 422 21 5579 899 6 176 2 890 0 325 0 0 0 185 0 155 1117 429 688 0 0 0 0 0 0 0 0 
0 0 0 0 0 0 0 0 0 0 0 0 0 0 0 0 0 0 0 0 0 0 0 0 0 0 0 0 0 0 0 0 0 0 0 0 0 0 0 0 0 0 0 0 0 0 284 0 0 0 4538 0 0 0 0 0 5034 985 1179 41 0 0 0 0 0 0 0 0 0 162 155 0 896 2 99 0 0 0 0 0 0 0 0 
0 0 0 0 0 0 0 0 0 0 0 0 0 0 0 0 0 0 0 0 0 0 0 0 0 0 0 0 0 0 0 0 0 0 0 0 0 0 0 0 0 36 91 0 0 0 0 7 0 0 1 0 0 0 0 0 25 350 1950 267 76 268 0 19 0 61 0 0 6 545 1117 896 0 621 247 0 0 2 0 0 0 0 0 
0 0 0 0 0 0 0 0 0 0 0 0 0 0 0 0 0 0 0 0 0 0 0 0 0 0 0 0 0 0 0 0 0 0 0 0 0 0 0 0 0 0 0 0 0 0 0 0 0 0 0 0 0 0 0 0 14 0 1339 38 0 0 0 0 0 0 0 0 0 3 429 2 621 0 114 0 0 0 0 0 0 0 0 
1 0 0 0 0 0 5 0 0 0 0 0 0 0 0 0 0 33 0 1 0 0 0 0 3 0 0 0 0 9 0 4 0 9 0 0 7 0 0 6 0 2275 1345 0 2 4252 903 597 1098 2731 3271 0 29 0 0 0 1454 105 1969 61 26 150 5 257 0 646 0 5 1167 436 688 99 247 114 0 0 2 206 0 12 0 0 0 
0 0 0 0 0 0 0 0 0 15 340 0 0 0 0 127 0 233 0 22 0 0 0 0 51 13 0 0 0 0 0 0 0 0 8 0 884 12 0 25 25 10 140 0 0 1 0 851 17891 1193 20186 0 0 0 42 7 5435 0 907 0 102 0 0 0 0 361 0 0 0 1066 0 0 0 0 0 0 212 289 3 0 385 142 76 
0 0 0 0 0 0 0 0 0 147 251 0 0 0 0 376 0 204 0 0 0 0 0 0 0 0 0 0 0 0 0 0 0 0 22 0 29 0 0 0 0 545 447 0 0 2 0 6720 5694 0 1378 0 0 0 0 0 1241 0 20 0 0 0 0 2 0 5 0 0 0 5 0 0 0 0 2 212 0 512 52 0 27 0 3 
137 1 0 0 0 0 312 0 0 0 11 0 0 0 0 0 0 5191 0 920 0 0 0 0 250 56 0 0 59 924 19 486 0 473 0 0 2160 25 0 436 14 771 4060 0 2 2366 63 9243 12405 7165 15913 0 49 0 8 3 2400 0 6145 48 439 369 5 342 1 368 0 23 3 1209 0 0 2 0 206 289 512 0 20 23 82 0 2168 
1 0 0 0 0 0 4 0 0 0 19 0 0 0 0 0 0 312 0 13 0 0 0 0 52 7 0 0 0 5 0 2 0 2 0 0 606 9 0 16 3 0 421 0 0 6 0 1800 227 3 0 0 0 0 5 2 1 0 59 0 1 0 0 1 0 350 0 185 158 463 0 0 0 0 0 3 52 20 0 0 0 0 2246 
0 0 0 0 0 0 0 0 0 0 0 0 0 0 0 0 0 0 0 0 0 0 0 0 0 0 0 0 0 0 0 0 0 0 0 0 0 0 0 0 0 57 0 0 0 0 0 0 0 0 0 0 0 0 0 0 0 0 0 0 0 0 0 0 0 0 0 0 0 0 0 0 0 0 12 0 0 23 0 0 0 0 0 
0 0 0 0 0 0 0 0 0 0 0 0 0 0 0 0 0 48 0 10 0 0 0 0 2 0 0 0 0 0 0 0 0 0 1 0 50 1 0 16 0 0 0 0 0 0 0 0 0 0 2 0 0 0 1 0 0 0 12 0 0 8 15 0 410 39 215 60 0 17 0 0 0 0 0 385 27 82 0 0 0 0 2 
0 0 0 0 0 0 0 0 0 0 0 0 0 0 0 0 0 0 0 0 0 0 0 0 0 0 0 0 0 0 0 0 0 0 0 0 0 0 0 0 0 0 0 0 0 0 0 0 0 0 0 0 0 0 0 0 0 0 0 0 0 0 0 0 0 27 0 43 16 14 0 0 0 0 0 142 0 0 0 0 0 0 1 
0 2 0 0 0 0 433 645 305 5135 23 0 0 0 7 1955 0 1704 0 426 0 0 0 0 0 0 0 0 0 0 0 0 0 0 238 5 2394 5387 0 22 24 0 0 0 141 0 0 2 4349 431 4771 0 0 0 30 8 651 0 1376 0 525 0 0 0 0 0 0 0 0 0 0 0 0 0 0 76 3 2168 2246 0 2 1 0 
