0 1259 391 137 0 0 1512 0 0 0 0 5 0 0 0 0 0 0 0 0 0 0 0 0 0 0 0 0 0 0 0 0 0 910 0 9 0 0 5 0 0 15 0 9 3 0 0 243 0 0 0 0 1 0 0 0 0 0 0 0 0 0 0 0 0 0 0 0 0 0 0 0 0 0 0 0 0 0 0 0 0 0 0 
1259 0 0 0 27 0 0 0 0 0 0 0 0 0 0 0 0 0 0 0 0 0 0 0 0 0 0 0 0 0 0 0 0 1706 0 0 0 0 0 0 0 0 0 0 0 0 0 0 0 0 0 0 0 0 0 0 0 0 0 0 0 0 0 0 0 0 0 0 0 0 0 0 0 0 0 0 0 0 0 0 0 0 0 
391 0 0 27 0 0 0 0 0 0 0 2 0 0 0 0 0 0 0 0 0 0 0 0 0 0 0 0 0 0 0 0 0 2208 0 89 210 0 25 0 0 0 0 0 0 0 0 1079 0 0 0 0 0 0 0 0 0 0 0 0 0 0 0 0 0 0 0 0 0 0 0 0 0 0 0 0 0 0 0 0 0 0 0 
137 0 27 0 0 0 0 9 0 0 0 4 0 0 0 0 0 0 0 0 0 0 0 0 0 0 0 0 0 0 0 0 0 9 0 2 0 0 0 0 0 1 0 115 12 0 0 6214 0 0 0 0 33 0 0 0 0 0 0 0 0 0 0 0 0 0 0 0 0 0 0 0 0 0 0 0 0 0 0 0 0 0 0 
0 27 0 0 0 95 1689 481 127 0 0 0 0 0 0 0 0 0 0 0 0 0 0 0 0 0 0 0 0 0 0 0 0 9538 0 0 8 0 0 0 0 0 0 0 0 0 0 0 374 0 0 0 0 0 0 0 0 0 0 0 0 0 0 0 0 0 0 0 0 0 0 0 0 0 5 5 0 1 0 0 0 0 0 
0 0 0 0 95 0 65 7307 2902 806 0 0 0 0 0 43 0 0 0 0 0 0 1 1 0 0 0 0 0 0 0 0 0 7960 0 0 55 0 0 0 0 0 0 0 0 0 0 0 4946 0 141 102 0 0 0 0 0 0 0 0 0 0 0 0 0 0 0 0 0 0 0 0 0 0 1 0 0 0 0 0 0 0 0 
1512 0 0 0 1689 65 0 11810 7069 359 0 0 0 0 0 0 0 0 0 0 0 0 0 0 0 0 0 0 0 0 0 15 0 18927 1524 2096 5820 521 65 0 0 0 0 0 0 2 663 779 2620 0 0 0 0 0 0 0 0 0 0 0 0 0 0 0 0 0 0 0 0 0 0 0 0 0 869 674 304 1785 41 0 0 0 6 
0 0 0 9 481 7307 11810 0 183 547 129 0 12934 5453 0 0 0 0 0 0 0 0 4 7 0 0 0 0 0 0 0 4 0 632 5 530 1243 12 32 0 0 0 0 8 5 33 418 9019 11033 0 475 1039 65 482 9 0 0 0 0 0 0 0 0 0 0 0 0 0 0 0 0 0 0 0 72 10 4 54 0 0 0 0 2 
0 0 0 0 127 2902 7069 183 0 4664 0 0 0 0 0 0 0 0 0 0 0 0 0 0 0 0 0 0 0 0 0 0 0 3 0 0 2 0 0 0 0 0 0 0 0 0 0 0 16 0 0 0 0 0 0 0 0 0 0 0 0 0 0 0 0 0 0 0 0 0 0 0 0 0 0 0 0 0 0 0 0 0 0 
0 0 0 0 0 806 359 547 4664 0 360 0 0 493 0 4209 4623 199 112 0 0 0 6 25 0 0 0 0 0 3833 18 35 0 4087 11041 3745 7929 2054 0 0 0 0 0 0 0 0 0 0 181 0 7792 13817 0 0 0 0 0 0 0 0 1800 0 0 0 0 0 0 0 0 0 0 0 0 0 2 1245 0 413 1 0 58 0 2009 
0 0 0 0 0 0 0 129 0 360 0 0 0 10716 0 6 0 0 0 212 0 0 0 0 0 0 0 0 0 0 0 0 0 0 0 28 0 0 0 0 0 0 0 0 0 0 0 0 0 0 569 2184 0 0 17 0 0 0 0 0 947 0 0 0 0 0 0 0 0 0 0 0 0 0 2 154 0 134 2 0 8 0 9 
5 0 2 4 0 0 0 0 0 0 0 0 9 0 0 0 0 0 0 0 0 0 0 0 0 0 0 0 0 0 0 0 0 0 0 0 0 0 0 0 0 0 0 114 12 0 0 1229 0 0 0 0 27 0 0 0 0 0 0 0 0 0 0 0 0 0 0 0 0 0 0 0 0 0 0 0 0 0 0 0 0 0 0 
0 0 0 0 0 0 0 12934 0 0 0 9 0 126 0 0 0 0 0 0 0 0 0 0 0 0 0 0 0 0 0 0 0 0 0 0 0 0 1 0 0 0 0 3 0 0 1 959 731 0 0 0 0 2 0 0 0 0 0 0 0 0 0 0 0 0 0 0 0 0 0 0 0 0 0 0 0 0 0 0 0 0 0 
0 0 0 0 0 0 0 5453 0 493 10716 0 126 0 801 572 0 1119 0 4451 0 0 0 0 0 0 0 0 0 0 0 0 0 0 0 3 0 0 0 0 0 0 0 0 0 0 0 0 247 0 53 518 0 0 13 79 0 0 0 0 973 0 0 0 39 4 4 0 0 0 0 0 0 0 2 0 0 17 0 0 20 0 1 
0 0 0 0 0 0 0 0 0 0 0 0 0 801 0 0 0 8821 0 8678 171 19 72 109 3 1 0 0 1 0 0 0 0 0 7 0 47 0 0 2 0 0 0 0 0 0 0 0 0 0 0 0 0 0 57 0 0 0 0 0 1174 2 0 0 2 0 0 0 0 0 0 0 0 0 0 0 0 0 0 0 1 0 0 
0 0 0 0 0 43 0 0 0 4209 6 0 0 572 0 0 4530 648 38 0 0 0 1 0 0 0 0 0 1 1341 0 5 0 579 1098 92 3377 1254 0 0 0 0 0 0 0 0 0 0 0 0 0 5 0 0 8 0 0 0 0 0 1706 0 0 0 0 0 0 0 0 0 0 0 0 0 5 342 0 398 8 0 27 0 649 
0 0 0 0 0 0 0 0 0 4623 0 0 0 0 0 4530 0 2607 85 0 0 0 0 4 0 0 0 0 2 6558 1567 627 20 379 0 0 4258 0 0 0 0 0 0 0 0 0 0 0 71 0 0 0 0 0 0 0 0 0 0 0 0 0 0 0 0 0 0 0 0 0 0 0 0 0 0 0 0 0 0 0 0 0 0 
0 0 0 0 0 0 0 0 0 199 0 0 0 1119 8821 648 2607 0 10831 239 291 62 173 292 0 236 0 0 1 6275 188 8375 6043 228 22819 1562 22270 2269 0 833 0 0 0 0 0 0 0 0 0 0 0 0 0 0 0 81 0 0 0 0 10964 5 1 0 0 0 0 0 0 0 0 0 20 48 1320 35 0 2000 8 0 27 0 12844 
0 0 0 0 0 0 0 0 0 112 0 0 0 0 0 38 85 10831 0 0 0 0 4162 0 578 0 0 0 14773 10095 8349 6059 0 40 0 0 51 0 0 0 0 0 0 0 0 0 0 0 0 0 0 0 0 0 0 0 0 0 0 0 0 0 0 0 0 0 0 0 0 0 0 0 0 0 0 0 0 0 0 0 0 0 0 
0 0 0 0 0 0 0 0 0 0 212 0 0 4451 8678 0 0 239 0 0 259 10 0 69 0 38 0 0 0 0 0 0 0 0 0 4 230 0 0 443 0 0 0 0 0 0 0 0 0 0 0 0 0 0 10 40 0 0 0 0 363 2 1 0 13 5 0 0 0 0 0 0 0 0 1 0 0 110 3 0 14 0 0 
0 0 0 0 0 0 0 0 0 0 0 0 0 0 171 0 0 291 0 259 0 573 733 1178 0 813 0 0 19 0 0 1 0 1 0 0 453 4 0 515 0 0 0 0 0 0 0 0 0 0 0 0 0 0 0 13 0 0 2 0 55 32 140 0 19 0 0 0 0 0 0 0 0 0 0 0 0 0 0 0 0 0 2 
0 0 0 0 0 0 0 0 0 0 0 0 0 0 19 0 0 62 0 10 573 0 1005 1281 0 46 0 0 0 0 0 0 0 0 0 0 146 0 0 18 0 0 0 0 0 0 0 0 0 0 0 0 0 0 0 9 0 0 1 0 250 6 3 0 86 18 0 0 0 5 1 0 0 0 0 0 0 0 0 0 2 0 0 
0 0 0 0 0 1 0 4 0 6 0 0 0 0 72 1 0 173 4162 0 733 1005 0 837 701 16 0 0 1537 1151 0 8350 1069 2518 0 0 8822 0 0 46 0 0 0 0 0 0 0 0 10 0 6 0 0 0 0 27 0 0 0 0 2076 25 64 0 17 13 2 0 0 0 0 0 0 0 0 0 0 0 0 0 7 0 0 
0 0 0 0 0 1 0 7 0 25 0 0 0 0 109 0 4 292 0 69 1178 1281 837 0 126 310 0 0 34 376 0 734 0 2021 0 0 5358 0 0 754 0 0 0 0 0 0 0 0 68 0 12 0 0 0 0 8 0 0 0 0 1456 392 133 0 14 11 0 0 0 12 5 0 0 0 0 0 0 0 0 0 10 0 0 
0 0 0 0 0 0 0 0 0 0 0 0 0 0 3 0 0 0 578 0 0 0 701 126 0 514 5 157 370 206 0 73 0 204 0 0 482 0 0 645 0 0 0 0 0 0 0 0 0 0 0 0 0 0 0 0 0 0 1 0 39 0 0 0 0 0 0 0 0 0 0 7 40 0 0 0 0 0 0 0 2 0 0 
0 0 0 0 0 0 0 0 0 0 0 0 0 0 1 0 0 236 0 38 813 46 16 310 514 0 213 1 2 0 0 2 0 92 0 0 0 0 0 393 81 0 0 0 0 0 0 0 0 0 0 0 0 0 0 10 0 0 0 0 23 1 0 0 0 1 0 0 0 0 0 0 0 0 0 0 0 0 0 0 1 0 0 
0 0 0 0 0 0 0 0 0 0 0 0 0 0 0 0 0 0 0 0 0 0 0 0 5 213 0 181 2 0 0 81 0 133 0 0 0 0 0 324 1 0 0 0 0 0 0 0 0 0 0 0 0 0 0 2 0 0 0 0 0 0 0 0 0 0 0 0 0 0 0 0 0 0 0 0 0 0 0 0 0 0 0 
0 0 0 0 0 0 0 0 0 0 0 0 0 0 0 0 0 0 0 0 0 0 0 0 157 1 181 0 20 0 0 0 0 0 0 0 74 0 0 284 0 0 0 0 0 0 0 0 0 0 0 0 0 0 0 0 0 0 0 0 0 0 0 0 0 0 0 0 0 0 0 0 0 0 0 0 0 0 0 0 0 0 0 
0 0 0 0 0 0 0 0 0 0 0 0 0 0 1 1 2 1 14773 0 19 0 1537 34 370 2 2 20 0 307 2 85 0 2 1 0 318 0 0 241 0 0 0 0 0 0 0 0 0 0 0 0 0 0 0 0 0 0 45 0 583 2 26 103 2 0 0 0 0 1 5 82 462 0 0 0 0 0 0 0 0 0 0 
0 0 0 0 0 0 0 0 0 3833 0 0 0 0 0 1341 6558 6275 10095 0 0 0 1151 376 206 0 0 0 307 0 254 216 0 2 0 0 1449 0 0 0 0 0 0 0 0 0 0 0 0 0 0 0 0 0 0 0 0 0 0 0 0 0 0 0 0 0 0 0 0 0 0 0 0 0 0 0 0 0 0 0 0 0 0 
0 0 0 0 0 0 0 0 0 18 0 0 0 0 0 0 1567 188 8349 0 0 0 0 0 0 0 0 0 2 254 0 264 0 0 0 0 116 0 0 0 0 0 0 0 0 0 0 0 0 0 0 0 0 0 0 0 0 0 0 0 0 0 0 0 0 0 0 0 0 0 0 0 0 0 0 0 0 0 0 0 0 0 0 
0 0 0 0 0 0 15 4 0 35 0 0 0 0 0 5 627 8375 6059 0 1 0 8350 734 73 2 81 0 85 216 264 0 0 21 0 0 4188 3 0 1465 0 0 0 0 0 0 0 0 85 0 6 0 0 0 0 0 0 0 0 0 0 0 0 0 0 0 0 0 0 0 0 1 0 0 7 13 0 2 0 0 0 0 0 
0 0 0 0 0 0 0 0 0 0 0 0 0 0 0 0 20 6043 0 0 0 0 1069 0 0 0 0 0 0 0 0 0 0 5 0 0 38 0 0 0 0 0 0 0 0 0 0 0 0 0 0 0 0 0 0 0 0 0 0 0 0 0 0 0 0 0 0 0 0 0 0 0 0 0 0 0 0 0 0 0 0 0 0 
910 1706 2208 9 9538 7960 18927 632 3 4087 0 0 0 0 0 579 379 228 40 0 1 0 2518 2021 204 92 133 0 2 2 0 21 5 0 16 10 10371 193 17 521 42 2 0 0 0 0 0 89 3342 0 67 1 0 0 0 1 0 0 0 0 2 0 0 0 0 0 0 0 0 0 0 0 0 0 133 247 0 48 14 0 0 0 0 
0 0 0 0 0 0 1524 5 0 11041 0 0 0 0 7 1098 0 22819 0 0 0 0 0 0 0 0 0 0 1 0 0 0 0 16 0 698 111 154 0 185 35 0 2 0 0 0 0 24 239 0 383 0 0 0 0 15 0 0 0 0 4301 5 31 0 95 8 22 0 0 109 142 9 2836 1383 3043 17 8 101 175 7 631 0 685 
9 0 89 2 0 0 2096 530 0 3745 28 0 0 3 0 92 0 1562 0 4 0 0 0 0 0 0 0 0 0 0 0 0 0 10 698 0 9 2 3 0 0 0 0 0 0 0 0 467 13 0 0 0 0 0 0 0 0 0 0 0 13 0 0 0 0 0 0 0 0 0 0 0 0 0 22 1 0 71 267 0 1 0 1 
0 0 210 0 8 55 5820 1243 2 7929 0 0 0 0 47 3377 4258 22270 51 230 453 146 8822 5358 482 0 0 74 318 1449 116 4188 38 10371 111 9 0 4 2 309 2 0 0 0 0 0 0 105 507 0 1730 0 0 0 0 18 0 0 0 0 3448 192 13 0 13 5 7 0 0 60 67 1163 4106 132 34 50 0 3 9 0 35 0 304 
0 0 0 0 0 0 521 12 0 2054 0 0 0 0 0 1254 0 2269 0 0 4 0 0 0 0 0 0 0 0 0 0 3 0 193 154 2 4 0 0 218 2 0 0 0 0 0 0 37 11 0 65 0 0 0 0 0 0 0 0 0 369 0 0 0 0 0 0 0 0 0 2 115 1394 483 424 4 0 0 664 0 0 0 97 
5 0 25 0 0 0 65 32 0 0 0 0 1 0 0 0 0 0 0 0 0 0 0 0 0 0 0 0 0 0 0 0 0 17 0 3 2 0 0 0 0 2 0 0 0 0 0 35 0 0 0 0 0 0 0 0 0 0 0 0 0 0 0 0 0 0 0 0 0 0 0 0 0 0 0 0 0 0 1 0 0 0 0 
0 0 0 0 0 0 0 0 0 0 0 0 0 0 2 0 0 833 0 443 515 18 46 754 645 393 324 284 241 0 0 1465 0 521 185 0 309 218 0 0 371 0 0 0 0 0 0 0 0 0 0 0 0 0 0 311 0 0 999 0 2116 8 25 25 48 11 13 0 0 64 43 18 259 158 384 0 0 0 0 0 270 0 0 
0 0 0 0 0 0 0 0 0 0 0 0 0 0 0 0 0 0 0 0 0 0 0 0 0 81 1 0 0 0 0 0 0 42 35 0 2 2 0 371 0 0 0 0 0 0 0 0 1 0 0 0 0 0 0 1 0 0 0 0 0 0 0 0 0 0 0 0 0 0 0 0 0 0 0 90 0 0 18 0 5 3 3 
15 0 0 1 0 0 0 0 0 0 0 0 0 0 0 0 0 0 0 0 0 0 0 0 0 0 0 0 0 0 0 0 0 2 0 0 0 0 2 0 0 0 640 0 777 0 0 2812 0 0 0 0 747 0 0 0 0 0 0 0 0 0 0 0 0 0 0 0 0 0 0 0 0 0 3236 0 0 1 0 0 0 0 0 
0 0 0 0 0 0 0 0 0 0 0 0 0 0 0 0 0 0 0 0 0 0 0 0 0 0 0 0 0 0 0 0 0 0 2 0 0 0 0 0 0 640 0 0 0 0 0 23 0 0 0 0 0 0 0 0 0 0 0 0 0 0 0 0 0 0 0 0 0 0 0 0 7 0 8856 109 774 3048 0 0 0 0 0 
9 0 0 115 0 0 0 8 0 0 0 114 3 0 0 0 0 0 0 0 0 0 0 0 0 0 0 0 0 0 0 0 0 0 0 0 0 0 0 0 0 0 0 0 81 0 0 0 0 0 0 0 112 0 0 0 0 0 0 0 0 0 0 0 0 0 0 0 0 0 0 0 0 0 0 0 0 0 0 0 0 0 0 
3 0 0 12 0 0 0 5 0 0 0 12 0 0 0 0 0 0 0 0 0 0 0 0 0 0 0 0 0 0 0 0 0 0 0 0 0 0 0 0 0 777 0 81 0 0 0 644 515 0 0 0 49 0 0 0 0 0 0 0 0 0 0 0 0 0 0 0 0 0 0 0 0 0 27 0 0 0 0 0 0 0 0 
0 0 0 0 0 0 2 33 0 0 0 0 0 0 0 0 0 0 0 0 0 0 0 0 0 0 0 0 0 0 0 0 0 0 0 0 0 0 0 0 0 0 0 0 0 0 314 9 648 0 0 0 0 2 0 0 0 0 0 0 0 0 0 0 0 0 0 0 0 0 0 0 0 0 9659 136 261 1486 1 0 0 0 0 
0 0 0 0 0 0 663 418 0 0 0 0 1 0 0 0 0 0 0 0 0 0 0 0 0 0 0 0 0 0 0 0 0 0 0 0 0 0 0 0 0 0 0 0 0 314 0 34 13883 3387 7038 0 0 7 0 0 2096 0 0 0 0 0 0 0 0 0 0 0 0 0 0 0 0 0 1094 0 0 94 0 0 0 0 0 
243 0 1079 6214 0 0 779 9019 0 0 0 1229 959 0 0 0 0 0 0 0 0 0 0 0 0 0 0 0 0 0 0 0 0 89 24 467 105 37 35 0 0 2812 23 0 644 9 34 0 8046 9669 0 0 4331 1415 0 0 0 0 0 0 0 0 0 0 0 0 0 0 0 0 0 0 41 0 6364 1621 15113 5853 145 99 0 0 0 
0 0 0 0 374 4946 2620 11033 16 181 0 0 731 247 0 0 71 0 0 0 0 0 10 68 0 0 0 0 0 0 0 85 0 3342 239 13 507 11 0 0 1 0 0 0 515 648 13883 8046 0 592 1821 7 3549 28159 3960 23 0 0 0 0 93 0 0 0 31 3 12 0 0 0 0 0 0 0 12448 4002 1994 7022 637 0 45 0 98 
0 0 0 0 0 0 0 0 0 0 0 0 0 0 0 0 0 0 0 0 0 0 0 0 0 0 0 0 0 0 0 0 0 0 0 0 0 0 0 0 0 0 0 0 0 0 3387 9669 592 0 1336 0 0 0 0 0 0 0 0 0 0 0 0 0 0 0 0 0 0 0 0 0 0 0 34 0 0 0 0 0 0 0 0 
0 0 0 0 0 141 0 475 0 7792 569 0 0 53 0 0 0 0 0 0 0 0 6 12 0 0 0 0 0 0 0 6 0 67 383 0 1730 65 0 0 0 0 0 0 0 0 7038 0 1821 1336 0 9 0 0 0 0 17101 2260 104 0 128 0 0 0 0 0 0 0 0 0 74 5440 2282 4 6854 6414 312 8773 3867 0 27 0 3019 
0 0 0 0 0 102 0 1039 0 13817 2184 0 0 518 0 5 0 0 0 0 0 0 0 0 0 0 0 0 0 0 0 0 0 1 0 0 0 0 0 0 0 0 0 0 0 0 0 0 7 0 9 0 0 214 199 0 2 0 0 0 1137 0 0 0 0 0 0 0 0 0 0 0 0 0 0 1868 1 46 13 0 2 0 79 
1 0 0 33 0 0 0 65 0 0 0 27 0 0 0 0 0 0 0 0 0 0 0 0 0 0 0 0 0 0 0 0 0 0 0 0 0 0 0 0 0 747 0 112 49 0 0 4331 3549 0 0 0 0 1 0 0 0 0 0 0 0 0 0 0 0 0 0 0 0 0 0 0 0 0 0 0 5 0 0 5 0 0 0 
0 0 0 0 0 0 0 482 0 0 0 0 2 0 0 0 0 0 0 0 0 0 0 0 0 0 0 0 0 0 0 0 0 0 0 0 0 0 0 0 0 0 0 0 0 2 7 1415 28159 0 0 214 1 0 428 39 0 0 0 0 302 0 0 0 29 4 12 0 0 1 0 0 0 0 0 0 0 0 0 0 46 0 0 
0 0 0 0 0 0 0 9 0 0 17 0 0 13 57 8 0 0 0 10 0 0 0 0 0 0 0 0 0 0 0 0 0 0 0 0 0 0 0 0 0 0 0 0 0 0 0 0 3960 0 0 199 0 428 0 96 0 0 0 0 3877 0 0 0 74 3 23 0 0 0 0 0 0 0 0 0 0 0 0 0 229 0 0 
0 0 0 0 0 0 0 0 0 0 0 0 0 79 0 0 0 81 0 40 13 9 27 8 0 10 2 0 0 0 0 0 0 1 15 0 18 0 0 311 1 0 0 0 0 0 0 0 23 0 0 0 0 39 96 0 0 0 0 0 382 0 0 0 54 379 440 0 0 4 4 0 0 0 0 0 0 0 0 0 1751 0 0 
0 0 0 0 0 0 0 0 0 0 0 0 0 0 0 0 0 0 0 0 0 0 0 0 0 0 0 0 0 0 0 0 0 0 0 0 0 0 0 0 0 0 0 0 0 0 2096 0 0 0 17101 2 0 0 0 0 0 8836 390 940 115 0 0 0 0 0 0 0 0 324 2906 5540 2014 88 6810 0 0 1240 0 0 0 0 0 
0 0 0 0 0 0 0 0 0 0 0 0 0 0 0 0 0 0 0 0 0 0 0 0 0 0 0 0 0 0 0 0 0 0 0 0 0 0 0 0 0 0 0 0 0 0 0 0 0 0 2260 0 0 0 0 0 8836 0 2185 3946 872 0 0 0 0 0 0 0 0 0 10 1192 1434 20 2 0 0 0 0 0 0 0 0 
0 0 0 0 0 0 0 0 0 0 0 0 0 0 0 0 0 0 0 0 2 1 0 0 1 0 0 0 45 0 0 0 0 0 0 0 0 0 0 999 0 0 0 0 0 0 0 0 0 0 104 0 0 0 0 0 390 2185 0 16833 2409 728 116 2512 437 31 0 0 0 1811 3704 1107 168 2364 6988 0 0 3271 39 0 1 0 0 
0 0 0 0 0 0 0 0 0 0 0 0 0 0 0 0 0 0 0 0 0 0 0 0 0 0 0 0 0 0 0 0 0 0 0 0 0 0 0 0 0 0 0 0 0 0 0 0 0 0 0 0 0 0 0 0 940 3946 16833 0 2052 0 0 2077 0 125 0 0 0 5454 9782 5191 75 0 0 0 0 0 0 0 0 0 0 
0 0 0 0 0 0 0 0 0 1800 947 0 0 973 1174 1706 0 10964 0 363 55 250 2076 1456 39 23 0 0 583 0 0 0 0 2 4301 13 3448 369 0 2116 0 0 0 0 0 0 0 0 93 0 128 1137 0 302 3877 382 115 872 2409 2052 0 102 84 182 368 46 29 0 0 325 1298 1025 5820 6743 8236 3063 0 4028 151 0 1057 0 845 
0 0 0 0 0 0 0 0 0 0 0 0 0 0 2 0 0 5 0 2 32 6 25 392 0 1 0 0 2 0 0 0 0 0 5 0 192 0 0 8 0 0 0 0 0 0 0 0 0 0 0 0 0 0 0 0 0 0 728 0 102 0 75 25 71 0 0 0 0 1 0 0 1 0 0 0 0 0 0 0 0 0 0 
0 0 0 0 0 0 0 0 0 0 0 0 0 0 0 0 0 1 0 1 140 3 64 133 0 0 0 0 26 0 0 0 0 0 31 0 13 0 0 25 0 0 0 0 0 0 0 0 0 0 0 0 0 0 0 0 0 0 116 0 84 75 0 169 222 67 0 0 0 213 11 3 48 0 0 0 0 0 0 0 0 0 0 
0 0 0 0 0 0 0 0 0 0 0 0 0 0 0 0 0 0 0 0 0 0 0 0 0 0 0 0 103 0 0 0 0 0 0 0 0 0 0 25 0 0 0 0 0 0 0 0 0 0 0 0 0 0 0 0 0 0 2512 2077 182 25 169 0 39 630 0 0 0 9798 4034 864 917 0 0 0 0 0 0 0 0 0 0 
0 0 0 0 0 0 0 0 0 0 0 0 0 39 2 0 0 0 0 13 19 86 17 14 0 0 0 0 2 0 0 0 0 0 95 0 13 0 0 48 0 0 0 0 0 0 0 0 31 0 0 0 0 29 74 54 0 0 437 0 368 71 222 39 0 571 25 0 0 3142 100 22 1 0 0 0 0 0 0 0 5 0 0 
0 0 0 0 0 0 0 0 0 0 0 0 0 4 0 0 0 0 0 5 0 18 13 11 0 1 0 0 0 0 0 0 0 0 8 0 5 0 0 11 0 0 0 0 0 0 0 0 3 0 0 0 0 4 3 379 0 0 31 125 46 0 67 630 571 0 610 0 14 5382 103 9 2 0 1 0 0 0 0 0 1 0 0 
0 0 0 0 0 0 0 0 0 0 0 0 0 4 0 0 0 0 0 0 0 0 2 0 0 0 0 0 0 0 0 0 0 0 22 0 7 0 0 13 0 0 0 0 0 0 0 0 12 0 0 0 0 12 23 440 0 0 0 0 29 0 0 0 25 610 0 94 108 17 0 0 0 0 56 0 0 0 0 0 315 3 0 
0 0 0 0 0 0 0 0 0 0 0 0 0 0 0 0 0 0 0 0 0 0 0 0 0 0 0 0 0 0 0 0 0 0 0 0 0 0 0 0 0 0 0 0 0 0 0 0 0 0 0 0 0 0 0 0 0 0 0 0 0 0 0 0 0 0 94 0 20 23 0 0 0 0 0 0 0 0 0 0 1 40 0 
0 0 0 0 0 0 0 0 0 0 0 0 0 0 0 0 0 0 0 0 0 0 0 0 0 0 0 0 0 0 0 0 0 0 0 0 0 0 0 0 0 0 0 0 0 0 0 0 0 0 0 0 0 0 0 0 0 0 0 0 0 0 0 0 0 14 108 20 0 0 0 0 0 0 0 0 0 0 0 0 3 31 0 
0 0 0 0 0 0 0 0 0 0 0 0 0 0 0 0 0 0 0 0 0 5 0 12 0 0 0 0 1 0 0 0 0 0 109 0 60 0 0 64 0 0 0 0 0 0 0 0 0 0 0 0 0 1 0 4 324 0 1811 5454 325 1 213 9798 3142 5382 17 23 0 0 1147 27 8 0 0 9 0 3 0 0 985 4 13 
0 0 0 0 0 0 0 0 0 0 0 0 0 0 0 0 0 0 0 0 0 1 0 5 0 0 0 0 5 0 0 0 0 0 142 0 67 2 0 43 0 0 0 0 0 0 0 0 0 0 74 0 0 0 0 4 2906 10 3704 9782 1298 0 11 4034 100 103 0 0 0 1147 0 223 775 0 7 274 0 2521 0 0 1309 0 59 
0 0 0 0 0 0 0 0 0 0 0 0 0 0 0 0 0 0 0 0 0 0 0 0 7 0 0 0 82 0 0 1 0 0 9 0 1163 115 0 18 0 0 0 0 0 0 0 0 0 0 5440 0 0 0 0 0 5540 1192 1107 5191 1025 0 3 864 22 9 0 0 0 27 223 0 337 0 0 0 0 0 0 0 0 0 35 
0 0 0 0 0 0 0 0 0 0 0 0 0 0 0 0 0 20 0 0 0 0 0 0 40 0 0 0 462 0 0 0 0 0 2836 0 4106 1394 0 259 0 0 7 0 0 0 0 41 0 0 2282 0 0 0 0 0 2014 1434 168 75 5820 1 48 917 1 2 0 0 0 8 775 337 0 209 134 14 0 5102 474 0 1312 1403 368 
0 0 0 0 0 0 0 0 0 0 0 0 0 0 0 0 0 48 0 0 0 0 0 0 0 0 0 0 0 0 0 0 0 0 1383 0 132 483 0 158 0 0 0 0 0 0 0 0 0 0 4 0 0 0 0 0 88 20 2364 0 6743 0 0 0 0 0 0 0 0 0 0 0 209 0 59 0 0 0 0 0 0 0 192 
0 0 0 0 5 1 869 72 0 2 2 0 0 2 0 5 0 1320 0 1 0 0 0 0 0 0 0 0 0 0 0 7 0 133 3043 22 34 424 0 384 0 3236 8856 0 27 9659 1094 6364 12448 34 6854 0 0 0 0 0 6810 2 6988 0 8236 0 0 0 0 1 56 0 0 0 7 0 134 59 0 12 9 885 77 15 0 0 678 
0 0 0 0 5 0 674 10 0 1245 154 0 0 0 0 342 0 35 0 0 0 0 0 0 0 0 0 0 0 0 0 13 0 247 17 1 50 4 0 0 90 0 109 0 0 136 0 1621 4002 0 6414 1868 0 0 0 0 0 0 0 0 3063 0 0 0 0 0 0 0 0 9 274 0 14 0 12 0 696 1145 155 0 5 0 1390 
0 0 0 0 0 0 304 4 0 0 0 0 0 0 0 0 0 0 0 0 0 0 0 0 0 0 0 0 0 0 0 0 0 0 8 0 0 0 0 0 0 0 774 0 0 261 0 15113 1994 0 312 1 5 0 0 0 0 0 0 0 0 0 0 0 0 0 0 0 0 0 0 0 0 0 9 696 0 120 4 0 0 0 1 
0 0 0 0 1 0 1785 54 0 413 134 0 0 17 0 398 0 2000 0 110 0 0 0 0 0 0 0 0 0 0 0 2 0 48 101 71 3 0 0 0 0 1 3048 0 0 1486 94 5853 7022 0 8773 46 0 0 0 0 1240 0 3271 0 4028 0 0 0 0 0 0 0 0 3 2521 0 5102 0 885 1145 120 0 5 0 271 0 103 
0 0 0 0 0 0 41 0 0 1 2 0 0 0 0 8 0 8 0 3 0 0 0 0 0 0 0 0 0 0 0 0 0 14 175 267 9 664 1 0 18 0 0 0 0 1 0 145 637 0 3867 13 0 0 0 0 0 0 39 0 151 0 0 0 0 0 0 0 0 0 0 0 474 0 77 155 4 5 0 0 1 0 168 
0 0 0 0 0 0 0 0 0 0 0 0 0 0 0 0 0 0 0 0 0 0 0 0 0 0 0 0 0 0 0 0 0 0 7 0 0 0 0 0 0 0 0 0 0 0 0 99 0 0 0 0 5 0 0 0 0 0 0 0 0 0 0 0 0 0 0 0 0 0 0 0 0 0 15 0 0 0 0 0 0 0 0 
0 0 0 0 0 0 0 0 0 58 8 0 0 20 1 27 0 27 0 14 0 2 7 10 2 1 0 0 0 0 0 0 0 0 631 1 35 0 0 270 5 0 0 0 0 0 0 0 45 0 27 2 0 46 229 1751 0 0 1 0 1057 0 0 0 5 1 315 1 3 985 1309 0 1312 0 0 5 0 271 1 0 0 0 45 
0 0 0 0 0 0 0 0 0 0 0 0 0 0 0 0 0 0 0 0 0 0 0 0 0 0 0 0 0 0 0 0 0 0 0 0 0 0 0 0 3 0 0 0 0 0 0 0 0 0 0 0 0 0 0 0 0 0 0 0 0 0 0 0 0 0 3 40 31 4 0 0 1403 0 0 0 0 0 0 0 0 0 0 
0 0 0 0 0 0 6 2 0 2009 9 0 0 1 0 649 0 12844 0 0 2 0 0 0 0 0 0 0 0 0 0 0 0 0 685 1 304 97 0 0 3 0 0 0 0 0 0 0 98 0 3019 79 0 0 0 0 0 0 0 0 845 0 0 0 0 0 0 0 0 13 59 35 368 192 678 1390 1 103 168 0 45 0 0 
