0 6170 1363 290 444 0 6012 0 0 0 0 136 0 0 0 0 0 0 0 0 0 0 0 0 0 0 0 0 0 0 0 71 0 1516 0 24 0 0 146 0 0 0 0 276 397 0 0 72 572 0 0 0 0 0 0 0 0 0 0 0 0 0 0 0 0 0 0 0 0 0 0 0 0 0 0 0 0 0 0 0 0 0 0 
6170 0 0 0 140 0 0 0 0 0 0 0 0 0 0 0 0 0 0 0 0 0 0 0 0 0 0 0 0 1 0 2079 0 3544 0 0 0 0 0 0 0 0 0 0 0 0 0 0 0 0 0 0 0 0 0 0 0 0 0 0 0 0 0 0 0 0 0 0 0 0 0 0 0 0 0 0 0 0 0 0 0 0 0 
1363 0 0 374 0 0 69 1 0 0 0 160 0 0 0 0 0 0 0 0 0 0 0 0 0 0 0 0 0 0 0 20 0 333 0 400 7 0 21 0 0 0 0 587 457 0 0 1529 4313 0 0 0 138 0 0 0 0 0 0 0 0 0 0 0 0 0 0 0 0 0 0 0 0 0 0 0 0 0 0 0 0 0 0 
290 0 374 0 0 0 49 826 0 0 0 34 0 0 0 0 0 0 0 0 0 0 0 0 0 0 0 0 0 0 0 0 0 18 0 0 0 0 0 0 0 0 0 27 47 0 0 36 22 0 0 0 8 0 0 0 0 0 0 0 0 0 0 0 0 0 0 0 0 0 0 0 0 0 0 0 0 0 0 0 0 0 0 
444 140 0 0 0 8 1 5878 31 0 0 0 0 0 0 0 0 0 0 0 0 0 0 0 0 0 0 0 0 9 0 1928 0 5722 3 0 243 16 0 0 0 0 0 0 0 0 0 0 16 0 0 0 0 0 0 0 0 0 0 0 0 0 0 0 0 0 0 0 0 0 0 0 0 0 0 0 0 0 0 0 0 0 0 
0 0 0 0 8 0 0 7148 1224 1408 0 0 0 0 0 3521 224 2826 0 1594 0 0 0 0 0 0 0 0 0 0 0 79 0 420 0 0 0 0 0 0 0 0 0 0 0 0 0 0 0 0 0 0 0 0 0 0 0 0 0 0 0 0 0 0 0 0 0 0 0 0 0 0 0 0 0 0 0 0 0 0 0 0 0 
6012 0 69 49 1 0 0 3763 2751 0 0 556 3333 0 0 0 0 0 0 0 0 0 0 0 0 0 0 0 15 86 0 7155 0 6883 2822 13508 4964 1177 921 0 0 0 0 118 594 36 0 7258 16534 3 10 0 98 4 0 0 0 0 0 0 0 0 0 0 0 0 0 0 0 0 0 0 82 0 1750 0 9 196 266 0 0 0 59 
0 0 1 826 5878 7148 3763 0 1047 1635 17 2605 10895 3414 36 0 0 3 0 42 0 0 0 0 0 0 0 0 0 24 0 519 0 6117 6365 504 4291 1447 7 0 0 0 0 7 391 1 0 403 30360 3 4761 21 26 366 72 2 0 0 1 4 3 0 0 1 0 0 0 0 0 0 0 0 5 6 203 0 0 1823 0 0 2 0 1877 
0 0 0 0 31 1224 2751 1047 0 2289 0 0 0 0 0 8 11 3 0 4 0 0 0 0 0 0 0 0 0 0 0 5 0 0 0 0 0 0 0 0 0 0 0 0 0 0 0 0 0 0 0 0 0 0 0 0 0 0 0 0 0 0 0 0 0 0 0 0 0 0 0 0 0 0 0 0 0 0 0 0 0 0 0 
0 0 0 0 0 1408 0 1635 2289 0 12 0 0 1520 0 10649 3676 1866 0 372 0 0 0 0 0 0 0 0 0 1 553 3635 0 2459 14568 677 12452 861 0 976 0 0 0 0 0 0 0 0 74 0 4044 1861 0 18 427 0 154 0 0 0 0 0 0 0 0 0 0 0 0 0 0 0 0 0 0 12 1 0 0 0 0 0 11145 
0 0 0 0 0 0 0 17 0 12 0 0 2 3854 0 0 0 0 0 112 0 0 0 0 0 0 0 0 0 0 0 0 0 0 2345 27 654 365 0 92 0 0 0 0 0 0 0 0 4 0 117 916 0 1 553 0 444 0 9 0 16 0 0 0 0 0 0 0 0 0 0 0 0 0 0 8 1 0 0 0 0 0 1187 
136 0 160 34 0 0 556 2605 0 0 0 0 30 0 0 0 0 0 0 0 0 0 0 0 0 0 0 0 0 0 0 0 0 2 0 0 0 0 16 0 0 0 0 62 97 0 0 131 212 0 0 0 5 0 0 0 0 0 0 0 0 0 0 0 0 0 0 0 0 0 0 0 0 0 0 0 0 0 0 0 0 0 0 
0 0 0 0 0 0 3333 10895 0 0 2 30 0 4 0 0 0 0 0 2 0 0 0 0 0 0 0 0 0 0 0 18 0 71 0 0 9 4 0 0 0 0 0 0 0 0 0 37 276 0 0 0 0 0 0 0 0 0 0 0 0 0 0 0 0 0 0 0 0 0 0 0 0 0 0 0 0 0 0 0 0 0 0 
0 0 0 0 0 0 0 3414 0 1520 3854 0 4 0 593 0 0 3 0 5023 0 0 0 0 0 0 0 0 0 0 0 0 0 0 0 0 0 0 0 0 0 0 0 0 0 0 0 0 9 0 0 54 0 0 0 44 0 0 77 30 176 0 0 1 0 0 0 0 0 0 0 0 0 0 0 22 0 28 10 0 0 0 8 
0 0 0 0 0 0 0 36 0 0 0 0 0 593 0 0 76 173 0 3671 480 0 0 15 2 132 16 0 0 0 14 484 499 741 0 0 130 0 0 552 0 0 0 0 0 0 0 0 0 0 0 0 0 0 4 35 0 0 65 23 459 170 0 5 0 0 0 0 0 0 0 0 263 104 23 0 0 76 0 0 1 0 0 
0 0 0 0 0 3521 0 0 8 10649 0 0 0 0 0 0 7232 737 978 142 0 0 0 0 0 0 0 0 0 905 4452 1065 0 3751 2 0 5231 277 0 39 0 0 0 0 0 0 0 0 0 0 0 0 0 0 0 0 0 0 0 0 0 0 0 0 0 0 0 0 0 0 0 0 0 0 0 0 0 0 0 0 0 0 124 
0 0 0 0 0 224 0 0 11 3676 0 0 0 0 76 7232 0 6605 432 848 0 0 0 0 0 0 0 0 0 5 2371 1040 0 38 0 0 0 0 0 0 0 0 0 0 0 0 0 0 0 0 0 0 0 0 2 1 0 0 0 1 2 0 0 0 0 0 0 0 0 0 0 0 2 7 2 0 0 1 0 0 0 0 0 
0 0 0 0 0 2826 0 3 3 1866 0 0 0 3 173 737 6605 0 24843 1113 332 65 3826 104 6253 1 0 0 3272 4743 8698 8234 2258 5658 309 0 2122 68 0 55 0 0 0 0 0 0 0 0 0 0 0 0 0 0 14 11 0 0 6122 41 237 3505 10 5064 121 1 0 0 0 0 0 0 5 12 45 1 0 257 0 0 0 0 268 
0 0 0 0 0 0 0 0 0 0 0 0 0 0 0 978 432 24843 0 0 0 3 1896 0 197 0 0 0 3213 6232 6064 565 0 0 0 0 0 0 0 0 0 0 0 0 0 0 0 0 0 0 0 0 0 0 0 0 0 0 0 0 0 0 0 0 0 0 0 0 0 0 0 0 0 0 0 0 0 0 0 0 0 0 0 
0 0 0 0 0 1594 0 42 4 372 112 0 2 5023 3671 142 848 1113 0 0 102 0 0 257 1 42 0 0 0 0 106 2476 671 4817 3401 0 3960 244 0 808 0 0 0 0 0 0 0 0 0 0 0 0 0 0 820 123 76 0 6505 1574 3328 3791 10 878 0 39 0 0 0 11 0 0 64 229 198 937 9 2325 418 0 0 0 1978 
0 0 0 0 0 0 0 0 0 0 0 0 0 0 480 0 0 332 0 102 0 1556 28 3721 0 750 0 0 66 23 0 0 0 0 0 0 0 0 0 79 0 0 0 0 0 0 0 0 0 0 0 0 0 0 1 60 0 0 138 0 1 2741 132 1821 313 0 0 0 0 0 0 0 20 0 0 0 0 0 0 0 0 0 0 
0 0 0 0 0 0 0 0 0 0 0 0 0 0 0 0 0 65 3 0 1556 0 1357 2667 172 242 0 0 371 63 0 4 0 0 0 0 0 0 0 0 0 0 0 0 0 0 0 0 0 0 0 0 0 0 0 0 0 0 515 0 35 37 25 2423 118 0 0 0 0 0 0 0 40 0 0 0 0 0 0 0 0 0 0 
0 0 0 0 0 0 0 0 0 0 0 0 0 0 0 0 0 3826 1896 0 28 1357 0 1483 1586 0 0 0 1999 413 5 19 0 0 0 0 0 0 0 0 0 0 0 0 0 0 0 0 0 0 0 0 0 0 0 0 0 0 49 0 0 0 2 203 2 0 0 0 0 0 0 0 1 0 0 0 0 0 0 0 0 0 0 
0 0 0 0 0 0 0 0 0 0 0 0 0 0 15 0 0 104 0 257 3721 2667 1483 0 2359 812 0 0 6881 1560 0 0 0 0 0 0 0 0 0 26 0 0 0 0 0 0 0 0 0 0 0 0 0 0 3 0 0 0 223 0 15 19 23 2407 117 1 0 0 0 0 0 0 153 0 0 0 0 0 0 0 0 0 0 
0 0 0 0 0 0 0 0 0 0 0 0 0 0 2 0 0 6253 197 1 0 172 1586 2359 0 16 0 0 1632 662 0 0 0 0 0 0 0 0 0 356 0 0 0 0 0 0 0 0 0 0 0 0 0 0 0 0 0 0 0 0 0 1 19 0 17 0 0 0 0 3 11 0 0 0 0 0 0 0 0 0 12 0 0 
0 0 0 0 0 0 0 0 0 0 0 0 0 0 132 0 0 1 0 42 750 242 0 812 16 0 49 0 11 83 0 2 0 0 0 0 0 0 0 57 0 0 0 0 0 0 0 0 0 0 0 0 0 0 0 0 0 0 0 0 1 28 45 0 20 0 0 0 0 0 2 0 0 0 0 0 0 0 0 0 1 0 0 
0 0 0 0 0 0 0 0 0 0 0 0 0 0 16 0 0 0 0 0 0 0 0 0 0 49 0 1 0 0 0 0 0 0 0 0 0 0 0 22 0 0 0 0 0 0 0 0 0 0 0 0 0 0 0 0 0 0 0 0 0 0 0 0 0 0 0 0 0 0 0 0 0 0 0 0 0 0 0 0 0 0 0 
0 0 0 0 0 0 0 0 0 0 0 0 0 0 0 0 0 0 0 0 0 0 0 0 0 0 1 0 0 0 0 0 0 8 0 0 724 130 0 865 38 0 0 0 0 0 0 0 0 0 0 0 0 0 0 0 0 0 0 0 0 0 0 0 0 0 0 0 0 0 0 0 0 0 0 0 0 0 0 0 0 0 0 
0 0 0 0 0 0 15 0 0 0 0 0 0 0 0 0 0 3272 3213 0 66 371 1999 6881 1632 11 0 0 0 917 5 4 0 0 803 0 427 0 0 3233 0 0 0 0 0 0 0 0 0 0 0 0 0 0 0 0 0 0 252 0 0 0 0 3478 1 12 1 0 0 1 2 0 453 0 0 0 0 0 0 0 2 0 0 
0 1 0 0 9 0 86 24 0 1 0 0 0 0 0 905 5 4743 6232 0 23 63 413 1560 662 83 0 0 917 0 48 58 0 0 28 0 1193 52 0 515 5 0 0 0 0 0 0 0 5 0 0 0 0 0 0 0 0 0 366 0 0 0 16 5253 24 47 0 0 0 3 23 0 2801 0 344 0 0 11 0 0 11 0 0 
0 0 0 0 0 0 0 0 0 553 0 0 0 0 14 4452 2371 8698 6064 106 0 0 5 0 0 0 0 0 5 48 0 8 0 0 0 0 0 0 0 0 0 0 0 0 0 0 0 0 0 0 0 0 0 0 0 0 0 0 16 1 0 0 0 17 0 0 0 0 0 0 0 0 2 1 0 0 0 0 0 0 0 0 0 
71 2079 20 0 1928 79 7155 519 5 3635 0 0 18 0 484 1065 1040 8234 565 2476 0 4 19 0 0 2 0 0 4 58 8 0 3 273 1 3 2929 464 8 194 0 0 0 0 0 0 0 0 223 0 0 0 0 0 0 4 0 0 782 326 2 0 0 9287 0 210 0 0 0 35 0 0 4980 484 8215 0 0 5042 0 0 0 0 0 
0 0 0 0 0 0 0 0 0 0 0 0 0 0 499 0 0 2258 0 671 0 0 0 0 0 0 0 0 0 0 0 3 0 24 0 0 0 0 0 0 0 0 0 0 0 0 0 0 0 0 0 0 0 0 8 10 0 0 21 91 34 0 0 354 0 32 0 0 0 0 0 0 172 177 231 0 0 404 0 0 0 0 0 
1516 3544 333 18 5722 420 6883 6117 0 2459 0 2 71 0 741 3751 38 5658 0 4817 0 0 0 0 0 0 0 8 0 0 0 273 24 0 32 10 60 2 121 0 11 0 0 0 0 0 0 0 1121 0 60 0 0 1 90 20 0 0 3 43 415 1 0 571 0 12 0 0 0 0 0 0 592 1141 3141 433 0 10996 213 0 13 0 1001 
0 0 0 0 3 0 2822 6365 0 14568 2345 0 0 0 0 2 0 309 0 3401 0 0 0 0 0 0 0 0 803 28 0 1 0 32 0 876 390 69 0 128 20 0 0 0 0 0 0 0 257 0 544 0 0 0 0 0 0 0 114 0 87 0 0 0 0 0 0 0 0 0 0 0 0 0 0 9162 390 44 10 0 0 0 1014 
24 0 400 0 0 0 13508 504 0 677 27 0 0 0 0 0 0 0 0 0 0 0 0 0 0 0 0 0 0 0 0 3 0 10 876 0 60 75 38 1 0 0 0 0 0 0 0 0 4 0 0 9 0 0 0 0 0 0 0 0 0 0 0 0 0 0 0 0 0 0 0 0 0 0 0 101 9 0 0 0 0 0 47 
0 0 7 0 243 0 4964 4291 0 12452 654 0 9 0 130 5231 0 2122 0 3960 0 0 0 0 0 0 0 724 427 1193 0 2929 0 60 390 60 0 83 5 135 0 0 0 0 0 0 0 0 378 0 1062 0 0 0 0 4 0 0 82 10 329 0 0 0 0 0 0 0 0 0 0 0 535 464 551 4298 21 8910 369 0 36 0 5701 
0 0 0 0 16 0 1177 1447 0 861 365 0 4 0 0 277 0 68 0 244 0 0 0 0 0 0 0 130 0 52 0 464 0 2 69 75 83 0 0 0 0 0 0 0 0 0 0 0 164 0 0 0 0 0 0 0 0 0 8 0 17 0 0 0 0 0 0 0 0 0 0 0 0 0 0 138 0 9 0 0 0 0 805 
146 0 21 0 0 0 921 7 0 0 0 16 0 0 0 0 0 0 0 0 0 0 0 0 0 0 0 0 0 0 0 8 0 121 0 38 5 0 0 0 0 0 0 0 0 0 0 1 2 0 0 0 1 0 0 0 0 0 0 0 0 0 0 0 0 0 0 0 0 0 0 0 0 0 0 0 0 0 0 0 0 0 0 
0 0 0 0 0 0 0 0 0 976 92 0 0 0 552 39 0 55 0 808 79 0 0 26 356 57 22 865 3233 515 0 194 0 0 128 1 135 0 0 0 0 0 0 0 0 0 0 0 0 0 0 0 0 0 0 25 0 0 5 0 3 2 20 0 10 0 0 0 0 0 30 0 2 0 0 1188 24 86 56 0 650 0 288 
0 0 0 0 0 0 0 0 0 0 0 0 0 0 0 0 0 0 0 0 0 0 0 0 0 0 0 38 0 5 0 0 0 11 20 0 0 0 0 0 0 0 0 0 0 0 0 0 0 0 0 0 0 0 0 0 0 0 0 0 0 0 0 0 0 0 0 0 0 0 0 0 0 0 0 0 0 0 0 0 0 0 0 
0 0 0 0 0 0 0 0 0 0 0 0 0 0 0 0 0 0 0 0 0 0 0 0 0 0 0 0 0 0 0 0 0 0 0 0 0 0 0 0 0 0 3162 596 947 2579 0 11395 1168 0 0 0 1002 0 0 0 0 0 0 0 0 0 0 0 0 0 0 0 0 0 0 0 6 0 1501 0 1 0 0 0 0 0 0 
0 0 0 0 0 0 0 0 0 0 0 0 0 0 0 0 0 0 0 0 0 0 0 0 0 0 0 0 0 0 0 0 0 0 0 0 0 0 0 0 0 3162 0 0 0 9 0 57 0 0 0 0 0 0 0 0 0 0 0 0 0 0 0 0 0 0 0 0 0 0 0 0 0 0 758 0 0 0 0 0 0 0 0 
276 0 587 27 0 0 118 7 0 0 0 62 0 0 0 0 0 0 0 0 0 0 0 0 0 0 0 0 0 0 0 0 0 0 0 0 0 0 0 0 0 596 0 0 36 0 0 7 9 0 0 0 283 0 0 0 0 0 0 0 0 0 0 0 0 0 0 0 0 0 0 0 0 0 158 0 45 0 0 304 0 0 0 
397 0 457 47 0 0 594 391 0 0 0 97 0 0 0 0 0 0 0 0 0 0 0 0 0 0 0 0 0 0 0 0 0 0 0 0 0 0 0 0 0 947 0 36 0 0 0 294 267 0 0 0 308 0 0 0 0 0 0 0 0 0 0 0 0 0 0 0 0 0 0 0 50 0 1 69 0 0 0 2 0 2 0 
0 0 0 0 0 0 36 1 0 0 0 0 0 0 0 0 0 0 0 0 0 0 0 0 0 0 0 0 0 0 0 0 0 0 0 0 0 0 0 0 0 2579 9 0 0 0 188 1301 1209 2244 0 0 0 0 0 0 3 3 2 0 0 0 0 0 0 0 0 0 0 0 0 0 12 0 4901 0 0 0 0 0 0 0 0 
0 0 0 0 0 0 0 0 0 0 0 0 0 0 0 0 0 0 0 0 0 0 0 0 0 0 0 0 0 0 0 0 0 0 0 0 0 0 0 0 0 0 0 0 0 188 0 8 4877 1581 5294 0 0 0 0 0 2053 1770 1408 0 0 0 0 0 0 0 0 0 0 0 156 435 1621 0 989 0 0 0 0 0 0 0 0 
72 0 1529 36 0 0 7258 403 0 0 0 131 37 0 0 0 0 0 0 0 0 0 0 0 0 0 0 0 0 0 0 0 0 0 0 0 0 0 1 0 0 11395 57 7 294 1301 8 0 2320 13226 0 0 2530 0 0 0 0 0 0 0 0 0 0 0 0 0 0 0 0 0 0 0 4394 0 8196 3 11356 4724 1117 112 0 0 2 
572 0 4313 22 16 0 16534 30360 0 74 4 212 276 9 0 0 0 0 0 0 0 0 0 0 0 0 0 0 0 5 0 223 0 1121 257 4 378 164 2 0 0 1168 0 9 267 1209 4877 2320 0 376 2393 445 6052 10410 1327 0 957 2 63 0 0 0 0 0 0 0 0 0 0 0 0 3 328 0 7906 4742 6610 8014 2881 633 0 0 1394 
0 0 0 0 0 0 3 3 0 0 0 0 0 0 0 0 0 0 0 0 0 0 0 0 0 0 0 0 0 0 0 0 0 0 0 0 0 0 0 0 0 0 0 0 0 2244 1581 13226 376 0 4721 0 0 0 0 0 566 86 225 0 0 0 0 0 0 0 0 0 0 1 6 40 313 0 369 0 0 4 0 0 0 0 0 
0 0 0 0 0 0 10 4761 0 4044 117 0 0 0 0 0 0 0 0 0 0 0 0 0 0 0 0 0 0 0 0 0 0 60 544 0 1062 0 0 0 0 0 0 0 0 0 5294 0 2393 4721 0 1547 0 248 734 0 1739 801 2 0 0 0 0 0 0 0 0 0 0 1 457 3040 2821 0 2480 9709 2140 18159 2356 0 311 0 7084 
0 0 0 0 0 0 0 21 0 1861 916 0 0 54 0 0 0 0 0 0 0 0 0 0 0 0 0 0 0 0 0 0 0 0 0 9 0 0 0 0 0 0 0 0 0 0 0 0 445 0 1547 0 0 2958 2141 0 1 0 0 0 0 0 0 0 0 0 0 0 0 0 0 0 0 0 0 1224 13 0 0 0 0 0 0 
0 0 138 8 0 0 98 26 0 0 0 5 0 0 0 0 0 0 0 0 0 0 0 0 0 0 0 0 0 0 0 0 0 0 0 0 0 0 1 0 0 1002 0 283 308 0 0 2530 6052 0 0 0 0 0 0 0 0 0 0 0 0 0 0 0 0 0 0 0 0 0 0 0 0 0 0 0 0 0 0 0 0 0 0 
0 0 0 0 0 0 4 366 0 18 1 0 0 0 0 0 0 0 0 0 0 0 0 0 0 0 0 0 0 0 0 0 0 1 0 0 0 0 0 0 0 0 0 0 0 0 0 0 10410 0 248 2958 0 0 198 2 61 0 30 0 1231 0 0 0 0 0 0 0 0 0 0 0 0 0 0 0 0 0 0 0 0 0 0 
0 0 0 0 0 0 0 72 0 427 553 0 0 0 4 0 2 14 0 820 1 0 0 3 0 0 0 0 0 0 0 0 8 90 0 0 0 0 0 0 0 0 0 0 0 0 0 0 1327 0 734 2141 0 198 0 2226 542 0 519 0 9560 0 0 0 0 0 0 0 0 0 0 0 0 0 72 13 0 298 26 0 0 0 56 
0 0 0 0 0 0 0 2 0 0 0 0 0 44 35 0 1 11 0 123 60 0 0 0 0 0 0 0 0 0 0 4 10 20 0 0 4 0 0 25 0 0 0 0 0 0 0 0 0 0 0 0 0 2 2226 0 0 0 353 187 3443 454 237 4 92 0 4 0 0 0 9 0 1009 843 447 0 0 728 0 0 261 0 0 
0 0 0 0 0 0 0 0 0 154 444 0 0 0 0 0 0 0 0 76 0 0 0 0 0 0 0 0 0 0 0 0 0 0 0 0 0 0 0 0 0 0 0 0 0 3 2053 0 957 566 1739 1 0 61 542 0 0 6691 561 30 0 0 0 0 0 0 0 0 0 2 406 2260 609 0 1639 4949 8 9690 381 0 54 0 1855 
0 0 0 0 0 0 0 0 0 0 0 0 0 0 0 0 0 0 0 0 0 0 0 0 0 0 0 0 0 0 0 0 0 0 0 0 0 0 0 0 0 0 0 0 0 3 1770 0 2 86 801 0 0 0 0 0 6691 0 1293 196 0 0 0 0 0 0 0 0 0 0 205 7408 662 0 18 0 0 4 0 0 0 0 0 
0 0 0 0 0 0 0 1 0 0 9 0 0 77 65 0 0 6122 0 6505 138 515 49 223 0 0 0 0 252 366 16 782 21 3 114 0 82 8 0 5 0 0 0 0 0 2 1408 0 63 225 2 0 0 30 519 353 561 1293 0 18959 2302 88 161 60 15 0 0 0 0 461 3094 2383 845 0 2093 6174 37 9605 1650 0 0 0 1634 
0 0 0 0 0 0 0 4 0 0 0 0 0 30 23 0 1 41 0 1574 0 0 0 0 0 0 0 0 0 0 1 326 91 43 0 0 10 0 0 0 0 0 0 0 0 0 0 0 0 0 0 0 0 0 0 187 30 196 18959 0 3566 7 0 418 1 245 0 0 0 6330 6602 2984 5681 2082 86 0 0 20 0 0 0 0 0 
0 0 0 0 0 0 0 3 0 0 16 0 0 176 459 0 2 237 0 3328 1 35 0 15 0 1 0 0 0 0 0 2 34 415 87 0 329 17 0 3 0 0 0 0 0 0 0 0 0 0 0 0 0 1231 9560 3443 0 0 2302 3566 0 368 34 4 6 0 1 0 0 0 353 20 4535 824 1751 353 3 660 10 0 48 0 13 
0 0 0 0 0 0 0 0 0 0 0 0 0 0 170 0 0 3505 0 3791 2741 37 0 19 1 28 0 0 0 0 0 0 0 1 0 0 0 0 0 2 0 0 0 0 0 0 0 0 0 0 0 0 0 0 0 454 0 0 88 7 368 0 409 1117 1993 0 501 0 0 0 0 0 6 0 0 0 0 0 0 0 0 0 0 
0 0 0 0 0 0 0 0 0 0 0 0 0 0 0 0 0 10 0 10 132 25 2 23 19 45 0 0 0 16 0 0 0 0 0 0 0 0 0 20 0 0 0 0 0 0 0 0 0 0 0 0 0 0 0 237 0 0 161 0 34 409 0 607 2350 5 849 11 0 5 0 0 0 0 0 0 0 0 0 0 65 18 0 
0 0 0 0 0 0 0 1 0 0 0 0 0 1 5 0 0 5064 0 878 1821 2423 203 2407 0 0 0 0 3478 5253 17 9287 354 571 0 0 0 0 0 0 0 0 0 0 0 0 0 0 0 0 0 0 0 0 0 4 0 0 60 418 4 1117 607 0 49 1559 0 0 0 911 161 0 2836 142 351 0 0 101 0 0 0 0 0 
0 0 0 0 0 0 0 0 0 0 0 0 0 0 0 0 0 121 0 0 313 118 2 117 17 20 0 0 1 24 0 0 0 0 0 0 0 0 0 10 0 0 0 0 0 0 0 0 0 0 0 0 0 0 0 92 0 0 15 1 6 1993 2350 49 0 54 463 2 0 110 289 0 158 0 0 0 0 0 0 0 78 0 0 
0 0 0 0 0 0 0 0 0 0 0 0 0 0 0 0 0 1 0 39 0 0 0 1 0 0 0 0 12 47 0 210 32 12 0 0 0 0 0 0 0 0 0 0 0 0 0 0 0 0 0 0 0 0 0 0 0 0 0 245 0 0 5 1559 54 0 290 13 33 4698 5756 1 4509 226 120 0 0 7 0 0 546 0 0 
0 0 0 0 0 0 0 0 0 0 0 0 0 0 0 0 0 0 0 0 0 0 0 0 0 0 0 0 1 0 0 0 0 0 0 0 0 0 0 0 0 0 0 0 0 0 0 0 0 0 0 0 0 0 0 4 0 0 0 0 1 501 849 0 463 290 0 6 16 570 8 0 28 0 0 0 0 0 0 0 188 8 0 
0 0 0 0 0 0 0 0 0 0 0 0 0 0 0 0 0 0 0 0 0 0 0 0 0 0 0 0 0 0 0 0 0 0 0 0 0 0 0 0 0 0 0 0 0 0 0 0 0 0 0 0 0 0 0 0 0 0 0 0 0 0 11 0 2 13 6 0 59 10 0 0 0 0 0 0 0 0 0 0 0 0 0 
0 0 0 0 0 0 0 0 0 0 0 0 0 0 0 0 0 0 0 0 0 0 0 0 0 0 0 0 0 0 0 0 0 0 0 0 0 0 0 0 0 0 0 0 0 0 0 0 0 0 0 0 0 0 0 0 0 0 0 0 0 0 0 0 0 33 16 59 0 3 0 0 0 0 0 11 0 3 3 0 95 391 0 
0 0 0 0 0 0 0 0 0 0 0 0 0 0 0 0 0 0 0 11 0 0 0 0 3 0 0 0 1 3 0 35 0 0 0 0 0 0 0 0 0 0 0 0 0 0 0 0 0 1 1 0 0 0 0 0 2 0 461 6330 0 0 5 911 110 4698 570 10 3 0 2968 5 87 242 146 3 0 7 1 0 3687 394 0 
0 0 0 0 0 0 0 0 0 0 0 0 0 0 0 0 0 0 0 0 0 0 0 0 11 2 0 0 2 23 0 0 0 0 0 0 0 0 0 30 0 0 0 0 0 0 156 0 0 6 457 0 0 0 0 9 406 205 3094 6602 353 0 0 161 289 5756 8 0 0 2968 0 352 72 0 0 0 0 552 23 0 506 98 0 
0 0 0 0 0 0 0 0 0 0 0 0 0 0 0 0 0 0 0 0 0 0 0 0 0 0 0 0 0 0 0 0 0 0 0 0 0 0 0 0 0 0 0 0 0 0 435 0 3 40 3040 0 0 0 0 0 2260 7408 2383 2984 20 0 0 0 0 1 0 0 0 5 352 0 557 0 0 0 0 0 0 0 0 0 0 
0 0 0 0 0 0 82 5 0 0 0 0 0 0 263 0 2 5 0 64 20 40 1 153 0 0 0 0 453 2801 2 4980 172 592 0 0 535 0 0 2 0 6 0 0 50 12 1621 4394 328 313 2821 0 0 0 0 1009 609 662 845 5681 4535 6 0 2836 158 4509 28 0 0 87 72 557 0 179 129 76 2 2817 315 0 67 147 0 
0 0 0 0 0 0 0 6 0 0 0 0 0 0 104 0 7 12 0 229 0 0 0 0 0 0 0 0 0 0 1 484 177 1141 0 0 464 0 0 0 0 0 0 0 0 0 0 0 0 0 0 0 0 0 0 843 0 0 0 2082 824 0 0 142 0 226 0 0 0 242 0 0 179 0 2 0 0 0 0 0 0 0 0 
0 0 0 0 0 0 1750 203 0 0 0 0 0 0 23 0 2 45 0 198 0 0 0 0 0 0 0 0 0 344 0 8215 231 3141 0 0 551 0 0 0 0 1501 758 158 1 4901 989 8196 7906 369 2480 0 0 0 72 447 1639 18 2093 86 1751 0 0 351 0 120 0 0 0 146 0 0 129 2 0 1 94 108 11 10 0 0 0 
0 0 0 0 0 0 0 0 0 12 8 0 0 22 0 0 0 1 0 937 0 0 0 0 0 0 0 0 0 0 0 0 0 433 9162 101 4298 138 0 1188 0 0 0 0 69 0 0 3 4742 0 9709 1224 0 0 13 0 4949 0 6174 0 353 0 0 0 0 0 0 0 11 3 0 0 76 0 1 0 78 216 80 0 4 58 2818 
0 0 0 0 0 0 9 0 0 1 1 0 0 0 0 0 0 0 0 9 0 0 0 0 0 0 0 0 0 0 0 0 0 0 390 9 21 0 0 24 0 1 0 45 0 0 0 11356 6610 0 2140 13 0 0 0 0 8 0 37 0 3 0 0 0 0 0 0 0 0 0 0 0 2 0 94 78 0 18 25 0 0 0 391 
0 0 0 0 0 0 196 1823 0 0 0 0 0 28 76 0 1 257 0 2325 0 0 0 0 0 0 0 0 0 11 0 5042 404 10996 44 0 8910 9 0 86 0 0 0 0 0 0 0 4724 8014 4 18159 0 0 0 298 728 9690 4 9605 20 660 0 0 101 0 7 0 0 3 7 552 0 2817 0 108 216 18 0 56 0 194 1 887 
0 0 0 0 0 0 266 0 0 0 0 0 0 10 0 0 0 0 0 418 0 0 0 0 0 0 0 0 0 0 0 0 0 213 10 0 369 0 0 56 0 0 0 0 0 0 0 1117 2881 0 2356 0 0 0 26 0 381 0 1650 0 10 0 0 0 0 0 0 0 3 1 23 0 315 0 11 80 25 56 0 0 2 2 429 
0 0 0 0 0 0 0 0 0 0 0 0 0 0 0 0 0 0 0 0 0 0 0 0 0 0 0 0 0 0 0 0 0 0 0 0 0 0 0 0 0 0 0 304 2 0 0 112 633 0 0 0 0 0 0 0 0 0 0 0 0 0 0 0 0 0 0 0 0 0 0 0 0 0 10 0 0 0 0 0 0 0 0 
0 0 0 0 0 0 0 2 0 0 0 0 0 0 1 0 0 0 0 0 0 0 0 0 12 1 0 0 2 11 0 0 0 13 0 0 36 0 0 650 0 0 0 0 0 0 0 0 0 0 311 0 0 0 0 261 54 0 0 0 48 0 65 0 78 546 188 0 95 3687 506 0 67 0 0 4 0 194 2 0 0 0 16 
0 0 0 0 0 0 0 0 0 0 0 0 0 0 0 0 0 0 0 0 0 0 0 0 0 0 0 0 0 0 0 0 0 0 0 0 0 0 0 0 0 0 0 0 2 0 0 0 0 0 0 0 0 0 0 0 0 0 0 0 0 0 18 0 0 0 8 0 391 394 98 0 147 0 0 58 0 1 2 0 0 0 2 
0 0 0 0 0 0 59 1877 0 11145 1187 0 0 8 0 124 0 268 0 1978 0 0 0 0 0 0 0 0 0 0 0 0 0 1001 1014 47 5701 805 0 288 0 0 0 0 0 0 0 2 1394 0 7084 0 0 0 56 0 1855 0 1634 0 13 0 0 0 0 0 0 0 0 0 0 0 0 0 0 2818 391 887 429 0 16 2 0 
