0 1503 0 654 55 0 571 0 0 0 0 621 0 0 0 0 0 0 0 0 0 2 0 0 0 0 0 149 0 1 0 56 0 2175 0 105 506 0 17 0 0 54 0 0 0 0 0 1119 0 0 0 0 7 0 0 0 0 0 0 0 0 0 0 0 0 0 0 0 0 0 0 0 0 0 0 0 0 0 0 0 0 0 0 
1503 0 0 0 0 0 50 0 0 0 0 0 0 0 0 0 0 0 0 0 0 0 0 0 0 0 0 0 0 0 0 0 0 2737 0 118 113 0 0 0 0 0 0 0 0 0 0 0 0 0 0 0 0 0 0 0 0 0 0 0 0 0 0 0 0 0 0 0 0 0 0 0 0 0 0 0 0 0 0 0 0 0 0 
0 0 0 268 0 0 0 356 0 0 0 47 0 0 0 0 0 0 0 0 0 0 0 0 0 0 0 0 0 0 0 0 0 0 0 0 0 0 0 0 0 0 0 0 0 0 0 0 0 0 0 0 0 0 0 0 0 0 0 0 0 0 0 0 0 0 0 0 0 0 0 0 0 0 0 0 0 0 0 0 0 0 0 
654 0 268 0 0 0 118 22 0 0 0 28 0 0 0 0 0 0 0 0 0 0 0 0 0 0 0 0 0 0 0 0 0 218 0 1 10 0 9 0 0 0 0 0 0 0 0 1 0 0 0 0 0 0 0 0 0 0 0 0 0 0 0 0 0 0 0 0 0 0 0 0 0 0 0 0 0 0 0 0 0 0 0 
55 0 0 0 0 722 1016 1329 465 27 0 0 0 0 0 8 4 0 0 0 0 0 0 0 0 0 0 0 0 0 0 0 0 8822 0 592 1258 0 0 0 0 0 0 0 0 0 0 0 0 0 0 0 0 0 0 0 0 0 0 0 0 0 0 0 0 0 0 0 0 0 0 0 0 0 0 0 0 0 0 0 0 0 0 
0 0 0 0 722 0 283 3148 4329 7388 0 0 24 0 0 149 289 0 3 0 0 0 0 0 0 0 0 0 0 0 0 0 0 236 0 0 0 0 0 0 0 0 0 0 0 0 0 0 4 0 0 0 0 0 0 0 0 0 0 0 0 0 0 0 0 0 0 0 0 0 0 0 0 0 0 0 0 0 0 0 0 0 0 
571 50 0 118 1016 283 0 1263 2574 51 0 3739 2191 0 0 0 0 0 0 0 0 387 100 38 0 0 0 257 0 23 0 144 0 8812 171 11319 9244 365 28 1 0 0 0 0 0 0 0 2223 2274 0 0 0 19 290 0 0 0 0 0 0 0 0 0 0 0 0 0 0 0 0 0 0 0 0 0 0 0 5 0 0 1 0 62 
0 0 356 22 1329 3148 1263 0 36 314 59 861 17826 1645 0 21 0 0 0 0 0 0 0 0 0 0 0 0 0 0 0 0 0 2510 12101 1337 10770 42 0 0 0 0 0 0 0 0 0 27 21424 0 805 0 0 786 463 0 0 0 0 0 0 0 0 0 0 0 0 0 0 0 0 0 0 0 0 0 0 0 0 0 0 0 169 
0 0 0 0 465 4329 2574 36 0 167 0 0 2 0 0 0 0 0 0 0 0 0 0 0 0 0 0 0 0 0 0 0 0 1613 22 0 4085 0 0 0 0 0 0 0 0 0 0 0 0 0 0 0 0 0 0 0 0 0 0 0 0 0 0 0 0 0 0 0 0 0 0 0 0 0 0 0 0 0 0 0 0 0 15 
0 0 0 0 27 7388 51 314 167 0 3080 37 114 4371 0 789 2213 0 1840 0 0 0 0 0 0 0 0 0 50 292 31 0 0 2467 23185 3186 14987 0 0 0 0 0 0 0 0 0 0 0 1139 0 4628 7 0 0 586 0 350 0 1430 0 7 0 0 0 0 0 0 0 0 0 0 0 0 0 0 65 118 0 0 0 0 0 297 
0 0 0 0 0 0 0 59 0 3080 0 0 807 1238 0 238 0 75 0 38 0 0 0 0 0 0 0 0 0 0 0 0 0 0 0 0 0 0 0 0 0 0 0 0 0 0 0 0 2 0 3 0 0 0 25 0 0 0 0 0 0 0 0 0 0 0 0 0 0 0 0 0 0 0 0 0 0 0 0 0 0 0 0 
621 0 47 28 0 0 3739 861 0 37 0 0 0 0 1 0 0 0 0 0 0 0 0 0 0 0 0 7 0 0 0 0 0 228 0 8 0 0 11 0 0 463 0 0 0 0 0 1550 0 0 1 0 20 0 0 0 0 0 0 0 0 0 0 0 0 0 0 0 0 0 0 0 0 0 0 0 0 0 0 0 0 0 0 
0 0 0 0 0 24 2191 17826 2 114 807 0 0 60 0 0 0 0 0 0 0 0 0 0 0 0 0 0 0 0 0 0 0 301 0 0 464 2 0 0 0 0 0 0 0 0 0 15 1562 0 0 0 0 0 0 0 0 0 0 0 0 0 0 0 0 0 0 0 0 0 0 0 0 0 0 0 0 0 0 0 0 0 1 
0 0 0 0 0 0 0 1645 0 4371 1238 0 60 0 98 3148 0 3632 0 6646 0 0 0 0 0 0 0 0 0 0 0 0 0 0 0 0 0 0 0 0 0 0 0 0 0 0 0 0 278 0 69 2 0 0 0 0 7 0 726 0 266 0 0 0 0 0 0 0 0 0 0 0 0 0 0 0 0 0 0 0 0 0 0 
0 0 0 0 0 0 0 0 0 0 0 1 0 98 0 3 0 8633 0 5895 933 3 328 82 3 117 0 0 13 16 3 63 0 69 102 0 390 1 0 41 1 0 0 0 0 0 0 0 0 0 0 0 0 0 0 1 0 0 306 0 155 196 8 26 60 0 1 0 0 1 1 0 0 0 0 1 0 1 0 0 0 0 11 
0 0 0 0 8 149 0 21 0 789 238 0 0 3148 3 0 5402 218 153 0 0 0 0 0 0 0 0 0 11 47 13 21 0 5340 7954 122 10400 0 0 0 0 0 0 0 0 0 0 0 0 0 23 0 0 0 10 0 20 0 5111 0 52 0 0 0 0 0 0 0 0 0 0 0 0 0 0 119 97 17 0 0 0 0 61 
0 0 0 0 4 289 0 0 0 2213 0 0 0 0 0 5402 0 17 2166 0 0 0 0 0 0 0 0 0 179 371 839 328 94 2689 2 0 293 0 0 0 0 0 0 0 0 0 0 0 0 0 0 0 0 0 0 0 0 0 0 0 0 0 0 0 0 0 0 0 0 0 0 0 0 0 0 0 0 0 0 0 0 0 0 
0 0 0 0 0 0 0 0 0 0 75 0 0 3632 8633 218 17 0 8630 1853 29 0 477 172 674 1502 0 0 3577 3901 222 3799 1 1817 7476 68 3284 8 0 96 4 0 0 0 0 0 0 0 0 0 0 0 0 0 41 1087 0 0 3585 378 683 21 0 5 0 0 0 0 0 1 2 0 85 0 22 14 0 49 0 0 0 0 326 
0 0 0 0 0 3 0 0 0 1840 0 0 0 0 0 153 2166 8630 0 0 0 0 340 0 13 0 0 0 1361 689 715 236 0 3587 0 0 2 0 0 0 0 0 0 0 0 0 0 0 0 0 0 0 0 0 0 0 0 0 0 0 0 0 0 0 0 0 0 0 0 0 0 0 0 0 0 0 0 0 0 0 0 0 0 
0 0 0 0 0 0 0 0 0 0 38 0 0 6646 5895 0 0 1853 0 0 356 40 8 1865 3 448 0 0 0 0 0 13 0 10 0 0 111 0 0 337 1 0 0 0 0 0 0 0 0 0 0 0 0 0 3 90 0 0 4 38 1 0 0 1 0 0 0 0 0 0 3 0 0 0 0 0 0 0 0 0 0 0 0 
0 0 0 0 0 0 0 0 0 0 0 0 0 0 933 0 0 29 0 356 0 329 11 976 0 9 0 0 0 0 0 9 0 20 0 0 2 0 0 0 0 0 0 0 0 0 0 0 0 0 0 0 0 0 0 172 0 0 582 499 26 293 0 119 0 0 0 0 0 1 2 0 40 0 10 0 0 9 0 0 0 0 0 
2 0 0 0 0 0 387 0 0 0 0 0 0 0 3 0 0 0 0 40 329 0 3 213 309 0 0 0 490 612 0 18 0 290 101 0 193 0 0 50 0 0 0 0 0 0 0 0 0 0 0 0 0 0 0 1 0 0 1 1 0 0 0 1 5 0 0 0 0 0 3 0 5 0 1 5 0 26 0 0 0 0 0 
0 0 0 0 0 0 100 0 0 0 0 0 0 0 328 0 0 477 340 8 11 3 0 3 8651 3 0 0 8243 510 9 566 0 1798 20 0 1123 1 0 49 1 0 0 0 0 0 0 0 0 0 0 0 0 0 0 178 0 0 12147 1207 281 2190 8 1522 0 0 1 0 0 9 33 0 289 0 94 101 0 511 0 0 0 0 0 
0 0 0 0 0 0 38 0 0 0 0 0 0 0 82 0 0 172 0 1865 976 213 3 0 1201 40 0 0 380 59 0 5 0 27 83 0 59 0 0 93 0 0 0 0 0 0 0 0 0 0 0 0 0 0 0 76 0 0 8 0 0 54 4 32 36 0 0 0 0 0 0 0 0 0 0 0 0 1 0 0 0 0 0 
0 0 0 0 0 0 0 0 0 0 0 0 0 0 3 0 0 674 13 3 0 309 8651 1201 0 272 1 0 563 1 0 8 0 6 19 0 973 0 0 219 36 0 0 0 0 0 0 0 0 0 0 0 0 0 0 3 0 0 0 0 0 8 1 2 7 0 0 0 0 0 0 0 0 0 0 0 0 0 0 0 0 0 0 
0 0 0 0 0 0 0 0 0 0 0 0 0 0 117 0 0 1502 0 448 9 0 3 40 272 0 16 2 48 0 0 7 0 60 0 0 41 0 0 12 24 0 0 0 0 0 0 0 0 0 0 0 0 0 0 159 0 0 2 1 3 103 22 11 133 0 0 0 0 0 0 0 0 0 0 0 0 0 0 0 2 0 0 
0 0 0 0 0 0 0 0 0 0 0 0 0 0 0 0 0 0 0 0 0 0 0 0 1 16 0 0 0 0 0 0 0 0 0 0 0 0 0 101 7 0 0 0 0 0 0 0 0 0 0 0 0 0 0 0 0 0 0 0 0 0 0 0 0 0 0 0 0 0 0 0 0 0 0 0 0 0 0 0 0 0 0 
149 0 0 0 0 0 257 0 0 0 0 7 0 0 0 0 0 0 0 0 0 0 0 0 0 2 0 0 244 111 0 1 0 835 0 0 929 0 4 0 131 0 0 0 0 0 0 0 0 0 0 0 0 0 0 0 0 0 0 0 0 0 0 0 0 0 0 0 0 0 0 0 0 0 0 0 0 0 0 0 0 0 0 
0 0 0 0 0 0 0 0 0 50 0 0 0 0 13 11 179 3577 1361 0 0 490 8243 380 563 48 0 244 0 1695 891 67 0 135 175 0 947 0 0 82 0 0 0 0 0 0 0 0 0 0 0 0 0 0 0 8 0 0 47 9 15 0 0 9 0 0 0 0 0 12 20 0 40 0 3 18 1 207 0 0 0 0 5 
1 0 0 0 0 0 23 0 0 292 0 0 0 0 16 47 371 3901 689 0 0 612 510 59 1 0 0 111 1695 0 556 985 0 674 6 0 35 0 0 1 0 0 0 0 0 0 0 0 0 0 0 0 0 0 0 6 0 0 13 3 3 0 0 2 0 0 0 0 0 4 4 0 14 0 3 2 0 39 0 0 0 0 1 
0 0 0 0 0 0 0 0 0 31 0 0 0 0 3 13 839 222 715 0 0 0 9 0 0 0 0 0 891 556 0 537 1 86 35 0 424 0 0 0 0 0 0 0 0 0 0 0 0 0 0 0 0 0 0 1 0 0 14 6 9 0 0 1 0 0 0 0 0 6 3 0 11 0 0 0 0 5 0 0 0 0 11 
56 0 0 0 0 0 144 0 0 0 0 0 0 0 63 21 328 3799 236 13 9 18 566 5 8 7 0 1 67 985 537 0 249 736 23 0 280 0 5 0 0 0 0 0 0 0 0 0 0 0 0 0 0 0 0 55 0 0 29 114 72 0 0 51 0 0 0 0 0 69 35 0 91 0 0 0 0 36 0 0 0 0 7 
0 0 0 0 0 0 0 0 0 0 0 0 0 0 0 0 94 1 0 0 0 0 0 0 0 0 0 0 0 0 1 249 0 1 0 0 0 0 0 0 0 0 0 0 0 0 0 0 0 0 0 0 0 0 0 0 0 0 0 0 0 0 0 0 0 0 0 0 0 0 0 0 0 0 0 0 0 0 0 0 0 0 0 
2175 2737 0 218 8822 236 8812 2510 1613 2467 0 228 301 0 69 5340 2689 1817 3587 10 20 290 1798 27 6 60 0 835 135 674 86 736 1 0 0 11 95 0 91 0 1 0 0 0 0 0 0 1 135 0 0 0 0 0 0 48 0 0 28 117 21 0 0 23 0 0 0 0 0 70 38 0 189 0 11 1 0 38 0 0 0 0 0 
0 0 0 0 0 0 171 12101 22 23185 0 0 0 0 102 7954 2 7476 0 0 0 101 20 83 19 0 0 0 175 6 35 23 0 0 0 196 300 14 0 10 111 0 0 0 0 0 0 0 23 0 10 0 0 0 0 246 0 0 5740 0 1019 0 0 0 0 0 0 0 0 4 17 0 1 0 0 244 13 183 0 0 0 0 404 
105 118 0 1 592 0 11319 1337 0 3186 0 8 0 0 0 122 0 68 0 0 0 0 0 0 0 0 0 0 0 0 0 0 0 11 196 0 71 4 99 0 0 0 0 0 0 0 0 0 0 0 46 0 0 0 0 0 0 0 687 0 0 0 0 0 0 0 0 0 0 0 0 0 0 0 0 286 31 89 0 0 0 0 2128 
506 113 0 10 1258 0 9244 10770 4085 14987 0 0 464 0 390 10400 293 3284 2 111 2 193 1123 59 973 41 0 929 947 35 424 280 0 95 300 71 0 10 0 59 10 0 0 0 0 0 0 0 271 0 0 0 0 0 0 177 0 0 2817 694 30 15 0 183 0 0 0 0 0 753 1288 0 4249 3 510 175 5 3675 0 0 0 0 4022 
0 0 0 0 0 0 365 42 0 0 0 0 2 0 1 0 0 8 0 0 0 0 1 0 0 0 0 0 0 0 0 0 0 0 14 4 10 0 0 0 0 0 0 0 0 0 0 0 0 0 0 0 0 0 0 7 0 0 0 10 0 0 0 4 0 0 0 0 0 16 11 0 61 0 2 0 0 38 0 0 0 0 5817 
17 0 0 9 0 0 28 0 0 0 0 11 0 0 0 0 0 0 0 0 0 0 0 0 0 0 0 4 0 0 0 5 0 91 0 99 0 0 0 0 0 0 0 0 0 0 0 0 0 0 0 0 0 0 0 0 0 0 0 0 0 0 0 0 0 0 0 0 0 0 0 0 0 0 0 0 0 0 0 0 0 0 0 
0 0 0 0 0 0 1 0 0 0 0 0 0 0 41 0 0 96 0 337 0 50 49 93 219 12 101 0 82 1 0 0 0 0 10 0 59 0 0 0 164 0 0 0 0 0 0 0 0 0 0 0 0 0 0 30 0 0 2 0 0 3 1 0 3 0 0 0 0 1 0 0 7 0 1 74 2 924 0 0 0 0 0 
0 0 0 0 0 0 0 0 0 0 0 0 0 0 1 0 0 4 0 1 0 0 1 0 36 24 7 131 0 0 0 0 0 1 111 0 10 0 0 164 0 0 0 0 0 0 0 0 0 0 0 0 0 0 0 5 0 0 4 4 1 0 0 2 0 0 0 0 0 7 13 0 10 0 0 0 0 21 0 0 0 0 0 
54 0 0 0 0 0 0 0 0 0 0 463 0 0 0 0 0 0 0 0 0 0 0 0 0 0 0 0 0 0 0 0 0 0 0 0 0 0 0 0 0 0 719 0 30 1008 0 5141 0 0 0 0 1261 0 0 0 0 0 0 0 0 0 0 0 0 0 0 0 0 0 0 0 101 0 644 0 337 284 0 27 0 0 0 
0 0 0 0 0 0 0 0 0 0 0 0 0 0 0 0 0 0 0 0 0 0 0 0 0 0 0 0 0 0 0 0 0 0 0 0 0 0 0 0 0 719 0 0 0 0 0 0 0 0 0 0 0 0 0 0 0 0 0 0 0 0 0 0 0 0 0 0 0 0 0 0 0 0 256 0 71 511 0 0 0 0 0 
0 0 0 0 0 0 0 0 0 0 0 0 0 0 0 0 0 0 0 0 0 0 0 0 0 0 0 0 0 0 0 0 0 0 0 0 0 0 0 0 0 0 0 0 122 0 0 66 11 0 0 0 160 0 0 0 0 0 0 0 0 0 0 0 0 0 0 0 0 0 0 0 0 0 0 0 0 0 0 0 0 0 0 
0 0 0 0 0 0 0 0 0 0 0 0 0 0 0 0 0 0 0 0 0 0 0 0 0 0 0 0 0 0 0 0 0 0 0 0 0 0 0 0 0 30 0 122 0 0 0 44 24 0 0 0 7 0 0 0 0 0 0 0 0 0 0 0 0 0 0 0 0 0 0 0 0 0 42 0 0 29 0 0 0 0 0 
0 0 0 0 0 0 0 0 0 0 0 0 0 0 0 0 0 0 0 0 0 0 0 0 0 0 0 0 0 0 0 0 0 0 0 0 0 0 0 0 0 1008 0 0 0 0 17 465 0 559 0 0 0 0 0 0 0 0 0 0 0 0 0 0 0 0 0 0 0 0 0 0 0 0 6253 0 431 2147 0 0 0 0 0 
0 0 0 0 0 0 0 0 0 0 0 0 0 0 0 0 0 0 0 0 0 0 0 0 0 0 0 0 0 0 0 0 0 0 0 0 0 0 0 0 0 0 0 0 0 17 0 81 1316 3278 2841 0 0 0 0 0 53 121 4 0 0 0 0 0 0 0 0 0 0 0 0 0 0 0 1309 0 0 0 0 0 0 0 0 
1119 0 0 1 0 0 2223 27 0 0 0 1550 15 0 0 0 0 0 0 0 0 0 0 0 0 0 0 0 0 0 0 0 0 1 0 0 0 0 0 0 0 5141 0 66 44 465 81 0 3450 2226 58 0 2714 872 0 0 0 0 0 0 0 0 0 0 0 0 0 0 0 0 0 0 44 0 3491 0 14009 13431 223 315 0 0 1 
0 0 0 0 0 4 2274 21424 0 1139 2 0 1562 278 0 0 0 0 0 0 0 0 0 0 0 0 0 0 0 0 0 0 0 135 23 0 271 0 0 0 0 0 0 11 24 0 1316 3450 0 1156 486 354 2370 13555 1615 0 1 0 0 0 0 0 0 0 0 0 0 0 0 0 0 0 0 0 3105 13227 9808 11177 610 0 0 0 2056 
0 0 0 0 0 0 0 0 0 0 0 0 0 0 0 0 0 0 0 0 0 0 0 0 0 0 0 0 0 0 0 0 0 0 0 0 0 0 0 0 0 0 0 0 0 559 3278 2226 1156 0 395 0 0 0 0 0 0 0 0 0 0 0 0 0 0 0 0 0 0 0 0 0 0 0 1180 1 1058 2429 18 0 0 0 1 
0 0 0 0 0 0 0 805 0 4628 3 1 0 69 0 23 0 0 0 0 0 0 0 0 0 0 0 0 0 0 0 0 0 0 10 46 0 0 0 0 0 0 0 0 0 0 2841 58 486 395 0 433 0 510 1530 0 1820 4971 62 1 0 0 0 0 0 0 0 0 0 62 1123 60 0 0 3949 26599 2605 11082 0 0 0 0 2869 
0 0 0 0 0 0 0 0 0 7 0 0 0 2 0 0 0 0 0 0 0 0 0 0 0 0 0 0 0 0 0 0 0 0 0 0 0 0 0 0 0 0 0 0 0 0 0 0 354 0 433 0 0 235 689 0 0 0 0 0 13 0 0 0 0 0 0 0 0 0 0 0 0 0 0 0 0 0 0 0 0 0 0 
7 0 0 0 0 0 19 0 0 0 0 20 0 0 0 0 0 0 0 0 0 0 0 0 0 0 0 0 0 0 0 0 0 0 0 0 0 0 0 0 0 1261 0 160 7 0 0 2714 2370 0 0 0 0 0 0 0 0 0 0 0 0 0 0 0 0 0 0 0 0 0 0 0 109 0 78 0 0 32 0 0 0 0 0 
0 0 0 0 0 0 290 786 0 0 0 0 0 0 0 0 0 0 0 0 0 0 0 0 0 0 0 0 0 0 0 0 0 0 0 0 0 0 0 0 0 0 0 0 0 0 0 872 13555 0 510 235 0 0 1049 0 9 0 0 0 1 0 0 0 0 0 0 0 0 0 0 0 0 0 0 0 0 0 0 0 0 0 0 
0 0 0 0 0 0 0 463 0 586 25 0 0 0 0 10 0 41 0 3 0 0 0 0 0 0 0 0 0 0 0 0 0 0 0 0 0 0 0 0 0 0 0 0 0 0 0 0 1615 0 1530 689 0 1049 0 404 817 0 1199 0 4843 0 0 0 0 0 0 0 0 0 0 0 0 0 0 0 0 0 0 0 0 0 0 
0 0 0 0 0 0 0 0 0 0 0 0 0 0 1 0 0 1087 0 90 172 1 178 76 3 159 0 0 8 6 1 55 0 48 246 0 177 7 0 30 5 0 0 0 0 0 0 0 0 0 0 0 0 0 404 0 0 0 2348 1204 10473 754 95 48 40 0 15 0 0 62 92 0 83 0 0 0 0 21 0 0 5 0 4 
0 0 0 0 0 0 0 0 0 350 0 0 0 7 0 20 0 0 0 0 0 0 0 0 0 0 0 0 0 0 0 0 0 0 0 0 0 0 0 0 0 0 0 0 0 0 53 0 1 0 1820 0 0 9 817 0 0 5582 87 0 0 0 0 0 0 0 0 0 0 20 247 18 0 0 1055 3986 6 5176 0 0 0 0 14 
0 0 0 0 0 0 0 0 0 0 0 0 0 0 0 0 0 0 0 0 0 0 0 0 0 0 0 0 0 0 0 0 0 0 0 0 0 0 0 0 0 0 0 0 0 0 121 0 0 0 4971 0 0 0 0 0 5582 0 769 759 0 0 0 0 0 0 0 0 0 34 5543 4484 3386 22 3955 0 0 1541 0 0 0 0 0 
0 0 0 0 0 0 0 0 0 1430 0 0 0 726 306 5111 0 3585 0 4 582 1 12147 8 0 2 0 0 47 13 14 29 0 28 5740 687 2817 0 0 2 4 0 0 0 0 0 4 0 0 0 62 0 0 0 1199 2348 87 769 0 12428 335 22 7 421 30 19 41 0 0 2704 7218 94 2461 2 833 6086 744 5840 0 0 26 0 138 
0 0 0 0 0 0 0 0 0 0 0 0 0 0 0 0 0 378 0 38 499 1 1207 0 0 1 0 0 9 3 6 114 0 117 0 0 694 10 0 0 4 0 0 0 0 0 0 0 0 0 1 0 0 0 0 1204 0 759 12428 0 1604 0 0 4348 6 354 55 0 0 2090 3326 101 798 0 24 14 0 25 0 0 151 0 0 
0 0 0 0 0 0 0 0 0 7 0 0 0 266 155 52 0 683 0 1 26 0 281 0 0 3 0 0 15 3 9 72 0 21 1019 0 30 0 0 0 1 0 0 0 0 0 0 0 0 0 0 13 0 1 4843 10473 0 0 335 1604 0 191 290 5 38 0 33 0 0 0 1 0 0 0 0 0 0 0 0 0 32 0 4 
0 0 0 0 0 0 0 0 0 0 0 0 0 0 196 0 0 21 0 0 293 0 2190 54 8 103 0 0 0 0 0 0 0 0 0 0 15 0 0 3 0 0 0 0 0 0 0 0 0 0 0 0 0 0 0 754 0 0 22 0 191 0 468 0 1870 1106 59 0 0 535 1 0 4 0 0 0 0 2 0 0 77 0 0 
0 0 0 0 0 0 0 0 0 0 0 0 0 0 8 0 0 0 0 0 0 0 8 4 1 22 0 0 0 0 0 0 0 0 0 0 0 0 0 1 0 0 0 0 0 0 0 0 0 0 0 0 0 0 0 95 0 0 7 0 290 468 0 373 1429 166 22 0 0 938 14 0 0 0 0 0 0 0 0 0 6 0 0 
0 0 0 0 0 0 0 0 0 0 0 0 0 0 26 0 0 5 0 1 119 1 1522 32 2 11 0 0 9 2 1 51 0 23 0 0 183 4 0 0 2 0 0 0 0 0 0 0 0 0 0 0 0 0 0 48 0 0 421 4348 5 0 373 0 44 1727 0 0 0 11623 3433 0 1220 0 121 0 0 17 0 0 10 0 0 
0 0 0 0 0 0 0 0 0 0 0 0 0 0 60 0 0 0 0 0 0 5 0 36 7 133 0 0 0 0 0 0 0 0 0 0 0 0 0 3 0 0 0 0 0 0 0 0 0 0 0 0 0 0 0 40 0 0 30 6 38 1870 1429 44 0 475 5 0 0 900 3 0 0 0 0 0 0 0 0 0 8 0 0 
0 0 0 0 0 0 0 0 0 0 0 0 0 0 0 0 0 0 0 0 0 0 0 0 0 0 0 0 0 0 0 0 0 0 0 0 0 0 0 0 0 0 0 0 0 0 0 0 0 0 0 0 0 0 0 0 0 0 19 354 0 1106 166 1727 475 0 133 200 75 2889 13 0 0 0 0 31 0 11 0 0 69 215 0 
0 0 0 0 0 0 0 0 0 0 0 0 0 0 1 0 0 0 0 0 0 0 1 0 0 0 0 0 0 0 0 0 0 0 0 0 0 0 0 0 0 0 0 0 0 0 0 0 0 0 0 0 0 0 0 15 0 0 41 55 33 59 22 0 5 133 0 0 0 113 2 0 0 0 0 0 0 0 0 0 490 0 0 
0 0 0 0 0 0 0 0 0 0 0 0 0 0 0 0 0 0 0 0 0 0 0 0 0 0 0 0 0 0 0 0 0 0 0 0 0 0 0 0 0 0 0 0 0 0 0 0 0 0 0 0 0 0 0 0 0 0 0 0 0 0 0 0 0 200 0 0 1 1 0 0 0 0 0 0 0 0 0 0 55 154 0 
0 0 0 0 0 0 0 0 0 0 0 0 0 0 0 0 0 0 0 0 0 0 0 0 0 0 0 0 0 0 0 0 0 0 0 0 0 0 0 0 0 0 0 0 0 0 0 0 0 0 0 0 0 0 0 0 0 0 0 0 0 0 0 0 0 75 0 1 0 101 0 0 1 0 260 6 0 228 5 0 26 446 0 
0 0 0 0 0 0 0 0 0 0 0 0 0 0 1 0 0 1 0 0 1 0 9 0 0 0 0 0 12 4 6 69 0 70 4 0 753 16 0 1 7 0 0 0 0 0 0 0 0 0 62 0 0 0 0 62 20 34 2704 2090 0 535 938 11623 900 2889 113 1 101 0 953 0 162 0 23 553 0 1789 0 0 243 70 23 
0 0 0 0 0 0 0 0 0 0 0 0 0 0 1 0 0 2 0 3 2 3 33 0 0 0 0 0 20 4 3 35 0 38 17 0 1288 11 0 0 13 0 0 0 0 0 0 0 0 0 1123 0 0 0 0 92 247 5543 7218 3326 1 1 14 3433 3 13 2 0 0 953 0 88 1703 4 450 909 1 1842 2 0 15 0 416 
0 0 0 0 0 0 0 0 0 0 0 0 0 0 0 0 0 0 0 0 0 0 0 0 0 0 0 0 0 0 0 0 0 0 0 0 0 0 0 0 0 0 0 0 0 0 0 0 0 0 60 0 0 0 0 0 18 4484 94 101 0 0 0 0 0 0 0 0 0 0 88 0 790 0 17 31 0 76 1 0 0 0 4 
0 0 0 0 0 0 0 0 0 0 0 0 0 0 0 0 0 85 0 0 40 5 289 0 0 0 0 0 40 14 11 91 0 189 1 0 4249 61 0 7 10 101 0 0 0 0 0 44 0 0 0 0 109 0 0 83 0 3386 2461 798 0 4 0 1220 0 0 0 0 1 162 1703 790 0 574 542 48 0 668 0 37 4 0 28 
0 0 0 0 0 0 0 0 0 0 0 0 0 0 0 0 0 0 0 0 0 0 0 0 0 0 0 0 0 0 0 0 0 0 0 0 3 0 0 0 0 0 0 0 0 0 0 0 0 0 0 0 0 0 0 0 0 22 2 0 0 0 0 0 0 0 0 0 0 0 4 0 574 0 119 0 0 0 0 0 0 0 0 
0 0 0 0 0 0 0 0 0 0 0 0 0 0 0 0 0 22 0 0 10 1 94 0 0 0 0 0 3 3 0 0 0 11 0 0 510 2 0 1 0 644 256 0 42 6253 1309 3491 3105 1180 3949 0 78 0 0 0 1055 3955 833 24 0 0 0 121 0 0 0 0 260 23 450 17 542 119 0 4 4 375 0 25 0 1 0 
0 0 0 0 0 0 0 0 0 65 0 0 0 0 1 119 0 14 0 0 0 5 101 0 0 0 0 0 18 2 0 0 0 1 244 286 175 0 0 74 0 0 0 0 0 0 0 0 13227 1 26599 0 0 0 0 0 3986 0 6086 14 0 0 0 0 0 31 0 0 6 553 909 31 48 0 4 0 115 548 3 0 74 17 495 
0 0 0 0 0 0 0 0 0 118 0 0 0 0 0 97 0 0 0 0 0 0 0 0 0 0 0 0 1 0 0 0 0 0 13 31 5 0 0 2 0 337 71 0 0 431 0 14009 9808 1058 2605 0 0 0 0 0 6 0 744 0 0 0 0 0 0 0 0 0 0 0 1 0 0 0 4 115 0 0 0 0 1 0 1386 
0 0 0 0 0 0 5 0 0 0 0 0 0 0 1 17 0 49 0 0 9 26 511 1 0 0 0 0 207 39 5 36 0 38 183 89 3675 38 0 924 21 284 511 0 29 2147 0 13431 11177 2429 11082 0 32 0 0 21 5176 1541 5840 25 0 2 0 17 0 11 0 0 228 1789 1842 76 668 0 375 548 0 0 0 58 345 2 4520 
0 0 0 0 0 0 0 0 0 0 0 0 0 0 0 0 0 0 0 0 0 0 0 0 0 0 0 0 0 0 0 0 0 0 0 0 0 0 0 0 0 0 0 0 0 0 0 223 610 18 0 0 0 0 0 0 0 0 0 0 0 0 0 0 0 0 0 0 5 0 2 1 0 0 0 3 0 0 0 0 0 0 4488 
0 0 0 0 0 0 0 0 0 0 0 0 0 0 0 0 0 0 0 0 0 0 0 0 0 0 0 0 0 0 0 0 0 0 0 0 0 0 0 0 0 27 0 0 0 0 0 315 0 0 0 0 0 0 0 0 0 0 0 0 0 0 0 0 0 0 0 0 0 0 0 0 37 0 25 0 0 58 0 0 0 0 0 
0 0 0 0 0 0 1 0 0 0 0 0 0 0 0 0 0 0 0 0 0 0 0 0 0 2 0 0 0 0 0 0 0 0 0 0 0 0 0 0 0 0 0 0 0 0 0 0 0 0 0 0 0 0 0 5 0 0 26 151 32 77 6 10 8 69 490 55 26 243 15 0 4 0 0 74 1 345 0 0 0 154 0 
0 0 0 0 0 0 0 0 0 0 0 0 0 0 0 0 0 0 0 0 0 0 0 0 0 0 0 0 0 0 0 0 0 0 0 0 0 0 0 0 0 0 0 0 0 0 0 0 0 0 0 0 0 0 0 0 0 0 0 0 0 0 0 0 0 215 0 154 446 70 0 0 0 0 1 17 0 2 0 0 154 0 0 
0 0 0 0 0 0 62 169 15 297 0 0 1 0 11 61 0 326 0 0 0 0 0 0 0 0 0 0 5 1 11 7 0 0 404 2128 4022 5817 0 0 0 0 0 0 0 0 0 1 2056 1 2869 0 0 0 0 4 14 0 138 0 4 0 0 0 0 0 0 0 0 23 416 4 28 0 0 495 1386 4520 4488 0 0 0 0 
