0 437 1805 159 180 0 1330 0 0 0 0 346 0 0 0 0 0 0 0 0 0 0 0 0 0 0 0 16 0 0 0 0 0 1377 0 12 0 0 211 0 0 189 0 0 162 0 0 49 0 0 0 0 26 0 0 0 0 0 0 0 0 0 0 0 0 0 0 0 0 0 0 0 0 0 0 0 0 0 0 0 0 0 0 
437 0 0 0 0 0 16 0 0 0 0 0 0 0 0 0 0 5 1 2 132 269 164 219 0 0 0 7 0 0 0 260 0 5866 0 0 506 2 0 0 0 0 0 0 0 0 0 0 0 0 0 0 0 0 0 0 0 0 0 0 0 0 0 0 0 0 0 0 0 0 0 0 0 0 0 0 0 0 0 0 0 0 0 
1805 0 0 65 0 0 0 0 0 0 0 201 0 0 0 0 0 0 0 0 0 0 1 1 0 0 0 1846 0 0 0 165 0 1595 0 781 764 1 149 0 0 970 0 464 126 0 0 5269 77 0 0 0 14 0 0 0 0 0 0 0 0 0 0 0 0 0 0 0 0 0 0 0 0 0 0 0 0 0 0 0 0 0 0 
159 0 65 0 0 0 57 1653 0 0 0 105 49 0 0 0 0 0 0 0 0 0 0 0 0 0 0 0 0 0 0 0 0 1 0 25 1 0 3 0 0 100 0 37 36 0 0 2298 22 0 0 0 54 0 0 0 0 0 0 0 0 0 0 0 0 0 0 0 0 0 0 0 0 0 0 0 0 0 0 0 0 0 0 
180 0 0 0 0 145 860 332 54 0 0 0 200 0 0 5 61 8 110 0 0 0 285 0 3 0 0 0 99 6 0 10 0 7902 0 0 2768 0 0 0 0 0 0 0 0 0 0 0 0 0 0 0 0 40 0 0 0 0 0 0 0 0 0 0 0 0 0 0 0 0 0 0 0 0 0 0 21 0 0 0 0 0 0 
0 0 0 0 145 0 0 2060 4087 6904 0 0 310 0 0 0 36 0 0 0 0 0 0 0 0 0 0 0 0 0 0 0 0 1338 0 0 417 0 0 0 0 0 0 0 0 0 0 0 0 0 0 0 0 149 0 0 0 0 0 0 0 0 0 0 0 0 0 0 0 0 0 0 0 0 0 3 47 0 0 0 0 0 0 
1330 16 0 57 860 0 0 4683 4924 2 0 298 2665 0 0 1 16 78 580 1 88 369 3040 196 117 0 0 2871 238 49 0 3768 0 5869 982 3931 7866 592 0 0 0 0 0 19 0 0 0 4131 981 0 0 0 38 192 0 0 0 0 0 0 0 0 0 0 0 0 0 0 0 0 10 2 16 4 2 0 553 0 0 0 0 0 12 
0 0 0 1653 332 2060 4683 0 752 258 0 1210 21715 13489 0 9 95 0 4 0 0 0 0 0 0 0 0 113 0 3 0 245 0 130 19068 4194 8167 98 0 0 0 0 0 37 0 0 0 2834 6406 0 123 593 25 810 103 0 0 0 0 0 0 0 0 0 0 0 0 0 0 0 0 0 0 0 67 6905 2335 921 657 0 0 0 638 
0 0 0 0 54 4087 4924 752 0 2491 0 0 1 0 0 0 0 0 0 0 0 0 0 0 0 0 0 0 0 0 0 0 0 191 203 0 7486 0 0 0 0 0 0 0 0 0 0 0 0 0 0 0 0 0 0 0 0 0 0 0 0 0 0 0 0 0 0 0 0 0 0 0 0 0 0 0 0 0 0 0 0 0 0 
0 0 0 0 0 6904 2 258 2491 0 1073 0 0 12061 0 5473 2033 0 1413 0 0 0 0 0 0 0 0 0 0 10 0 0 0 4450 29832 1864 23525 0 0 1 0 0 0 0 0 0 0 0 0 0 1760 312 0 0 156 0 0 0 0 0 0 0 0 0 0 0 0 0 0 0 0 0 0 0 0 1280 42 0 0 0 0 0 6177 
0 0 0 0 0 0 0 0 0 1073 0 0 0 3606 0 72 0 233 0 413 0 0 0 0 0 0 0 0 0 0 0 0 0 0 0 0 0 0 0 0 0 0 0 0 0 0 0 0 0 0 0 0 0 0 0 0 0 0 0 0 0 0 0 0 0 0 0 0 0 0 0 0 0 0 0 0 0 0 0 0 0 0 0 
346 0 201 105 0 0 298 1210 0 0 0 0 337 0 0 0 0 0 0 0 0 0 0 0 0 0 0 0 0 0 0 0 0 6 0 3 10 0 18 0 0 3 0 94 11 0 0 331 570 0 0 0 7 9 0 0 0 0 0 0 0 0 0 0 0 0 0 0 0 0 0 0 0 0 0 0 21 0 0 0 0 0 0 
0 0 0 49 200 310 2665 21715 1 0 0 337 0 1 0 0 16 0 0 0 0 0 0 0 0 0 0 0 0 0 0 0 0 28 189 79 449 71 0 0 0 0 0 0 0 0 0 363 137 0 0 0 8 3 0 0 0 0 0 0 0 0 0 0 0 0 0 0 0 0 0 0 0 0 39 56 104 82 0 0 0 0 8 
0 0 0 0 0 0 0 13489 0 12061 3606 0 1 0 758 3588 0 3317 0 2234 0 0 0 0 0 0 0 0 0 0 0 0 0 0 915 345 0 0 0 0 0 0 0 0 0 0 0 0 113 0 62 35 0 0 0 0 16 0 0 0 10 0 0 0 0 0 0 0 0 0 0 0 0 0 0 578 4 60 22 0 0 0 30 
0 0 0 0 0 0 0 0 0 0 0 0 0 758 0 1170 0 11077 713 7851 1325 176 762 196 22 1811 1 0 1178 98 0 0 0 0 2410 19 281 11 0 103 0 0 0 0 0 0 0 0 0 0 0 0 0 0 0 1 0 0 59 0 732 1101 47 144 15 0 0 0 0 0 0 0 0 0 0 4 0 4 1 0 0 0 242 
0 0 0 0 5 0 1 9 0 5473 72 0 0 3588 1170 0 2844 544 908 0 0 0 0 0 0 0 0 0 0 1398 502 1062 8 2090 5680 3 16108 0 0 2 0 0 0 0 0 0 0 0 0 0 7 6 0 0 0 0 0 0 48 0 176 0 0 0 0 0 0 0 0 0 0 0 0 0 0 15 6 0 0 0 0 0 1885 
0 0 0 0 61 36 16 95 0 2033 0 0 16 0 0 2844 0 777 4670 0 0 0 0 0 0 0 0 0 8 1728 1661 714 66 6546 0 0 3351 0 0 0 0 0 0 0 0 0 0 0 0 0 0 0 0 10 0 0 0 0 0 0 0 0 0 0 0 0 0 0 0 0 0 0 0 0 0 0 19 1 0 0 0 0 0 
0 5 0 0 8 0 78 0 0 0 233 0 0 3317 11077 544 777 0 19801 1336 23 138 309 7 1 4 0 0 598 1439 924 1647 230 847 3189 8 4365 0 0 0 0 0 0 0 0 0 0 0 0 0 0 0 0 0 0 1483 0 0 226 100 16701 297 0 2 0 0 0 0 0 8 1730 230 763 82 21 7 1 0 0 0 0 0 2868 
0 1 0 0 110 0 580 4 0 1413 0 0 0 0 713 908 4670 19801 0 86 0 0 3300 0 441 0 1 0 427 937 482 655 88 373 20 0 7555 0 0 0 0 0 0 0 0 0 0 0 0 0 0 0 0 0 0 301 0 0 1 0 1615 0 0 0 0 0 0 0 0 0 5 0 3 1 0 0 0 0 0 0 0 0 231 
0 2 0 0 0 0 1 0 0 0 413 0 0 2234 7851 0 0 1336 86 0 354 42 110 68 0 11 0 0 1 0 0 0 0 0 0 0 0 0 0 0 0 0 0 0 0 0 0 0 0 0 0 0 0 0 0 426 0 0 0 0 498 1 0 0 0 0 0 0 0 0 0 0 0 0 0 0 0 0 0 0 0 0 0 
0 132 0 0 0 0 88 0 0 0 0 0 0 0 1325 0 0 23 0 354 0 1534 1 2031 0 130 0 0 0 0 0 2 0 3 0 0 96 0 0 0 0 0 0 0 0 0 0 0 0 0 0 0 0 0 0 3 0 0 31 0 128 174 1 0 0 0 0 0 0 0 0 0 0 0 0 0 0 0 0 0 0 0 0 
0 269 0 0 0 0 369 0 0 0 0 0 0 0 176 0 0 138 0 42 1534 0 48 872 6 161 1 0 1 1 0 355 0 355 0 0 696 0 0 0 0 0 0 0 0 0 0 0 0 0 0 0 0 0 0 0 0 0 37 0 12 6 0 24 0 0 0 0 0 0 66 17 3 0 1 1 0 0 0 0 0 0 0 
0 164 1 0 285 0 3040 0 0 0 0 0 0 0 762 0 0 309 3300 110 1 48 0 93 2913 0 1 33 2234 161 0 3041 0 4967 0 0 4319 0 0 0 0 0 0 0 0 0 0 0 0 0 0 0 0 0 0 47 0 0 371 1 2942 250 0 372 0 0 0 0 0 0 1690 224 1048 359 143 0 0 32 0 0 0 0 3 
0 219 1 0 0 0 196 0 0 0 0 0 0 0 196 0 0 7 0 68 2031 872 93 0 100 47 5 32 50 9 0 1401 0 163 0 0 110 0 0 0 0 0 0 0 0 0 0 0 0 0 0 0 0 0 0 0 0 0 0 0 16 38 0 0 0 0 0 0 0 0 0 0 0 0 0 0 0 0 0 0 0 0 0 
0 0 0 0 3 0 117 0 0 0 0 0 0 0 22 0 0 1 441 0 0 6 2913 100 0 39 97 29 948 17 0 112 0 193 0 0 982 0 0 339 0 0 0 0 0 0 0 0 0 0 0 0 0 0 0 6 0 0 0 0 33 7 0 0 0 0 0 0 0 0 0 0 0 0 0 0 0 0 0 0 0 0 0 
0 0 0 0 0 0 0 0 0 0 0 0 0 0 1811 0 0 4 0 11 130 161 0 47 39 0 15 0 0 0 0 0 0 0 0 0 0 0 0 178 5 0 0 0 0 0 0 0 0 0 0 0 0 0 0 0 0 0 0 0 4 41 0 0 0 0 0 0 0 0 0 0 0 0 0 0 0 0 0 0 0 0 0 
0 0 0 0 0 0 0 0 0 0 0 0 0 0 1 0 0 0 1 0 0 1 1 5 97 15 0 0 0 0 0 0 0 143 81 0 705 16 0 142 17 0 0 0 0 0 0 0 0 0 0 0 0 0 0 0 0 0 0 0 0 0 0 0 0 0 0 0 0 0 0 0 0 0 0 0 0 0 0 0 0 0 0 
16 7 1846 0 0 0 2871 113 0 0 0 0 0 0 0 0 0 0 0 0 0 0 33 32 29 0 0 0 2 0 0 32 0 245 0 0 1078 61 0 0 0 0 0 0 0 0 0 0 0 0 0 0 0 0 0 0 0 0 0 0 0 0 0 0 0 0 0 0 0 0 0 0 0 0 0 0 0 0 0 0 0 0 0 
0 0 0 0 99 0 238 0 0 0 0 0 0 0 1178 0 8 598 427 1 0 1 2234 50 948 0 0 2 0 1962 4 2216 28 609 0 0 1988 2 0 13 0 0 0 0 0 0 0 0 0 0 0 0 0 0 0 181 0 0 0 0 846 0 0 0 0 0 0 0 0 0 0 0 0 0 0 0 0 0 0 0 0 0 113 
0 0 0 0 6 0 49 3 0 10 0 0 0 0 98 1398 1728 1439 937 0 0 1 161 9 17 0 0 0 1962 0 2131 1214 59 238 0 0 3214 0 0 0 0 0 0 0 0 0 0 0 0 0 0 0 0 0 0 0 0 0 0 0 1 0 0 0 0 0 0 0 0 0 0 0 0 0 0 0 0 0 0 0 0 0 0 
0 0 0 0 0 0 0 0 0 0 0 0 0 0 0 502 1661 924 482 0 0 0 0 0 0 0 0 0 4 2131 0 568 0 25 0 0 588 0 0 0 0 0 0 0 0 0 0 0 0 0 0 0 0 0 0 0 0 0 0 0 0 0 0 0 0 0 0 0 0 0 0 0 0 0 0 0 0 0 0 0 0 0 0 
0 260 165 0 10 0 3768 245 0 0 0 0 0 0 0 1062 714 1647 655 0 2 355 3041 1401 112 0 0 32 2216 1214 568 0 513 610 0 0 321 0 0 0 0 0 0 0 0 0 0 0 0 0 0 0 0 0 0 0 0 0 0 0 0 0 0 0 0 0 0 0 0 0 0 0 0 0 0 0 0 0 0 0 0 0 0 
0 0 0 0 0 0 0 0 0 0 0 0 0 0 0 8 66 230 88 0 0 0 0 0 0 0 0 0 28 59 0 513 0 0 0 0 0 0 0 0 0 0 0 0 0 0 0 0 0 0 0 0 0 0 0 0 0 0 0 0 0 0 0 0 0 0 0 0 0 0 0 0 0 0 0 0 0 0 0 0 0 0 0 
1377 5866 1595 1 7902 1338 5869 130 191 4450 0 6 28 0 0 2090 6546 847 373 0 3 355 4967 163 193 0 143 245 609 238 25 610 0 0 4 9 435 0 226 0 0 0 0 0 0 0 0 0 0 0 0 0 0 30 0 2 0 0 0 0 2 0 0 0 0 0 0 0 0 0 1 2 14 6 5 4 81 0 0 0 0 0 3 
0 0 0 0 0 0 982 19068 203 29832 0 0 189 915 2410 5680 0 3189 20 0 0 0 0 0 0 0 81 0 0 0 0 0 0 4 0 1380 140 46 0 97 608 0 0 0 0 0 0 55 46 0 1451 93 0 140 4 486 0 0 203 0 2264 0 0 0 0 0 0 0 0 3 638 613 1475 384 356 3914 826 2265 1144 0 0 0 1402 
12 0 781 25 0 0 3931 4194 0 1864 0 3 79 345 19 3 0 8 0 0 0 0 0 0 0 0 0 0 0 0 0 0 0 9 1380 0 8 5 17 0 0 0 0 0 0 0 0 7 39 0 2562 1374 0 16 2 18 0 0 0 0 3 0 0 0 0 0 0 0 0 0 7 36 47 18 26 2185 625 253 160 0 0 0 115 
0 506 764 1 2768 417 7866 8167 7486 23525 0 10 449 0 281 16108 3351 4365 7555 0 96 696 4319 110 982 0 705 1078 1988 3214 588 321 0 435 140 8 0 0 9 78 0 0 0 0 0 0 0 50 1 0 0 0 0 414 0 406 0 0 57 20 3057 0 0 4 0 0 0 0 0 4 3959 956 5144 3005 778 235 956 1308 44 0 0 0 6541 
0 2 1 0 0 0 592 98 0 0 0 0 71 0 11 0 0 0 0 0 0 0 0 0 0 0 16 61 2 0 0 0 0 0 46 5 0 0 0 0 0 0 0 0 0 0 0 0 0 0 0 0 0 1 0 43 0 0 18 0 136 0 0 0 0 0 0 0 0 0 230 29 33 0 0 0 8 0 0 0 0 0 7390 
211 0 149 3 0 0 0 0 0 0 0 18 0 0 0 0 0 0 0 0 0 0 0 0 0 0 0 0 0 0 0 0 0 226 0 17 9 0 0 0 0 0 0 0 0 0 0 0 0 0 0 0 0 0 0 0 0 0 0 0 0 0 0 0 0 0 0 0 0 0 0 0 0 0 0 0 0 0 0 0 0 0 0 
0 0 0 0 0 0 0 0 0 1 0 0 0 0 103 2 0 0 0 0 0 0 0 0 339 178 142 0 13 0 0 0 0 0 97 0 78 0 0 0 5 0 0 0 0 0 0 0 0 0 0 0 0 0 0 0 0 0 1 0 2 73 0 0 0 0 0 0 0 0 0 0 72 139 4 40 0 87 33 0 0 0 22 
0 0 0 0 0 0 0 0 0 0 0 0 0 0 0 0 0 0 0 0 0 0 0 0 0 5 17 0 0 0 0 0 0 0 608 0 0 0 0 5 0 0 0 0 0 0 0 0 0 0 0 0 0 0 0 0 0 0 0 0 1 0 0 0 0 0 0 0 0 0 0 0 0 0 0 0 0 0 0 0 0 0 12 
189 0 970 100 0 0 0 0 0 0 0 3 0 0 0 0 0 0 0 0 0 0 0 0 0 0 0 0 0 0 0 0 0 0 0 0 0 0 0 0 0 0 1183 0 980 60 0 1393 0 0 0 0 240 0 0 0 0 0 0 0 0 0 0 0 0 0 0 0 0 0 0 0 370 0 1143 19 2 251 0 0 0 0 0 
0 0 0 0 0 0 0 0 0 0 0 0 0 0 0 0 0 0 0 0 0 0 0 0 0 0 0 0 0 0 0 0 0 0 0 0 0 0 0 0 0 1183 0 0 0 0 0 1 0 0 0 0 0 0 0 0 0 0 0 0 0 0 0 0 0 0 0 0 0 0 0 0 63 0 813 64 41 1698 0 0 2 0 0 
0 0 464 37 0 0 19 37 0 0 0 94 0 0 0 0 0 0 0 0 0 0 0 0 0 0 0 0 0 0 0 0 0 0 0 0 0 0 0 0 0 0 0 0 162 0 0 0 0 0 0 0 840 0 0 0 0 0 0 0 0 0 0 0 0 0 0 0 0 0 0 0 0 0 0 0 0 0 0 0 0 0 0 
162 0 126 36 0 0 0 0 0 0 0 11 0 0 0 0 0 0 0 0 0 0 0 0 0 0 0 0 0 0 0 0 0 0 0 0 0 0 0 0 0 980 0 162 0 0 0 273 342 0 0 0 550 0 0 0 0 0 0 0 0 0 0 0 0 0 0 0 135 0 1 0 101 0 56 0 61 48 0 12 0 0 0 
0 0 0 0 0 0 0 0 0 0 0 0 0 0 0 0 0 0 0 0 0 0 0 0 0 0 0 0 0 0 0 0 0 0 0 0 0 0 0 0 0 60 0 0 0 0 115 36 0 0 0 0 0 0 0 0 0 0 0 0 0 0 0 0 0 0 0 0 0 0 0 0 10 0 5639 0 1 1919 1 0 0 0 0 
0 0 0 0 0 0 0 0 0 0 0 0 0 0 0 0 0 0 0 0 0 0 0 0 0 0 0 0 0 0 0 0 0 0 0 0 0 0 0 0 0 0 0 0 0 115 0 3 5556 7736 4134 0 0 1645 0 0 241 8 48 8 0 0 0 0 0 0 0 0 0 61 1419 2587 26 0 2188 0 0 251 0 0 0 0 0 
49 0 5269 2298 0 0 4131 2834 0 0 0 331 363 0 0 0 0 0 0 0 0 0 0 0 0 0 0 0 0 0 0 0 0 0 55 7 50 0 0 0 0 1393 1 0 273 36 3 0 8319 9184 471 0 1650 3227 0 0 0 0 0 0 0 0 0 0 0 1 0 0 0 0 8 2 600 0 2433 1132 9071 15390 239 21 9 0 0 
0 0 77 22 0 0 981 6406 0 0 0 570 137 113 0 0 0 0 0 0 0 0 0 0 0 0 0 0 0 0 0 0 0 0 46 39 1 0 0 0 0 0 0 0 342 0 5556 8319 0 1399 168 53 7946 9783 11797 0 0 0 0 0 0 0 0 0 0 0 0 0 0 0 0 0 0 0 2452 7727 431 7974 2376 0 0 0 2079 
0 0 0 0 0 0 0 0 0 0 0 0 0 0 0 0 0 0 0 0 0 0 0 0 0 0 0 0 0 0 0 0 0 0 0 0 0 0 0 0 0 0 0 0 0 0 7736 9184 1399 0 7333 0 0 307 0 0 65 282 101 1 0 0 0 0 0 0 0 0 0 238 2666 371 0 0 894 168 0 1808 79 0 0 0 514 
0 0 0 0 0 0 0 123 0 1760 0 0 0 62 0 7 0 0 0 0 0 0 0 0 0 0 0 0 0 0 0 0 0 0 1451 2562 0 0 0 0 0 0 0 0 0 0 4134 471 168 7333 0 1062 0 0 3181 0 3569 2053 245 2 0 0 0 0 0 0 0 0 0 277 4216 3438 425 0 1797 17969 1 20686 3385 0 0 0 8082 
0 0 0 0 0 0 0 593 0 312 0 0 0 35 0 6 0 0 0 0 0 0 0 0 0 0 0 0 0 0 0 0 0 0 93 1374 0 0 0 0 0 0 0 0 0 0 0 0 53 0 1062 0 0 0 3800 0 98 0 0 0 0 0 0 0 0 0 0 0 0 0 0 0 0 0 0 828 0 87 144 0 0 0 97 
26 0 14 54 0 0 38 25 0 0 0 7 8 0 0 0 0 0 0 0 0 0 0 0 0 0 0 0 0 0 0 0 0 0 0 0 0 0 0 0 0 240 0 840 550 0 0 1650 7946 0 0 0 0 279 0 0 0 0 0 0 0 0 0 0 0 0 0 0 0 0 0 0 0 0 7 0 0 0 0 0 0 0 0 
0 0 0 0 40 149 192 810 0 0 0 9 3 0 0 0 10 0 0 0 0 0 0 0 0 0 0 0 0 0 0 0 0 30 140 16 414 1 0 0 0 0 0 0 0 0 1645 3227 9783 307 0 0 279 0 35 0 0 0 0 0 0 0 0 0 0 0 0 0 0 0 0 0 0 0 1562 1304 5861 5415 527 0 0 0 144 
0 0 0 0 0 0 0 103 0 156 0 0 0 0 0 0 0 0 0 0 0 0 0 0 0 0 0 0 0 0 0 0 0 0 4 2 0 0 0 0 0 0 0 0 0 0 0 0 11797 0 3181 3800 0 35 0 13 413 0 12 0 3084 0 0 0 0 0 0 0 0 0 0 0 0 0 0 977 16 291 197 0 0 0 139 
0 0 0 0 0 0 0 0 0 0 0 0 0 0 1 0 0 1483 301 426 3 0 47 0 6 0 0 0 181 0 0 0 0 2 486 18 406 43 0 0 0 0 0 0 0 0 0 0 0 0 0 0 0 0 13 0 0 0 393 0 8298 3 104 0 111 9 528 0 0 0 57 171 225 40 2 256 0 312 118 0 586 0 281 
0 0 0 0 0 0 0 0 0 0 0 0 0 16 0 0 0 0 0 0 0 0 0 0 0 0 0 0 0 0 0 0 0 0 0 0 0 0 0 0 0 0 0 0 0 0 241 0 0 65 3569 98 0 0 413 0 0 6797 426 0 0 0 0 0 0 0 0 0 0 0 850 1081 111 0 5383 560 0 9065 633 0 0 0 408 
0 0 0 0 0 0 0 0 0 0 0 0 0 0 0 0 0 0 0 0 0 0 0 0 0 0 0 0 0 0 0 0 0 0 0 0 0 0 0 0 0 0 0 0 0 0 8 0 0 282 2053 0 0 0 0 0 6797 0 1313 2558 0 0 0 0 0 0 0 0 0 517 5794 5344 370 0 1673 0 0 15 0 0 0 0 0 
0 0 0 0 0 0 0 0 0 0 0 0 0 0 59 48 0 226 1 0 31 37 371 0 0 0 0 0 0 0 0 0 0 0 203 0 57 18 0 1 0 0 0 0 0 0 48 0 0 101 245 0 0 0 12 393 426 1313 0 12974 73 180 0 115 0 0 0 0 0 3994 3901 3799 2263 337 4165 8 0 4831 116 0 0 0 67 
0 0 0 0 0 0 0 0 0 0 0 0 0 0 0 0 0 100 0 0 0 0 1 0 0 0 0 0 0 0 0 0 0 0 0 0 20 0 0 0 0 0 0 0 0 0 8 0 0 1 2 0 0 0 0 0 0 2558 12974 0 4637 1 0 749 0 4 0 0 0 2129 2358 34 101 0 1 0 0 2 0 0 0 0 0 
0 0 0 0 0 0 0 0 0 0 0 0 0 10 732 176 0 16701 1615 498 128 12 2942 16 33 4 0 0 846 1 0 0 0 2 2264 3 3057 136 0 2 1 0 0 0 0 0 0 0 0 0 0 0 0 0 3084 8298 0 0 73 4637 0 256 0 3 13 0 11 0 0 339 3684 890 956 58 61 252 1 1109 585 0 2 0 521 
0 0 0 0 0 0 0 0 0 0 0 0 0 0 1101 0 0 297 0 1 174 6 250 38 7 41 0 0 0 0 0 0 0 0 0 0 0 0 0 73 0 0 0 0 0 0 0 0 0 0 0 0 0 0 0 3 0 0 180 1 256 0 900 0 50 0 0 0 0 8 217 9 9 0 0 0 0 0 0 0 0 0 0 
0 0 0 0 0 0 0 0 0 0 0 0 0 0 47 0 0 0 0 0 1 0 0 0 0 0 0 0 0 0 0 0 0 0 0 0 0 0 0 0 0 0 0 0 0 0 0 0 0 0 0 0 0 0 0 104 0 0 0 0 0 900 0 63 1039 20 0 0 0 47 4129 0 842 0 0 0 0 0 0 0 0 0 0 
0 0 0 0 0 0 0 0 0 0 0 0 0 0 144 0 0 2 0 0 0 24 372 0 0 0 0 0 0 0 0 0 0 0 0 0 4 0 0 0 0 0 0 0 0 0 0 0 0 0 0 0 0 0 0 0 0 0 115 749 3 0 63 0 1155 2428 0 0 0 6263 12047 108 4465 32 0 0 0 0 0 0 1 0 0 
0 0 0 0 0 0 0 0 0 0 0 0 0 0 15 0 0 0 0 0 0 0 0 0 0 0 0 0 0 0 0 0 0 0 0 0 0 0 0 0 0 0 0 0 0 0 0 0 0 0 0 0 0 0 0 111 0 0 0 0 13 50 1039 1155 0 734 0 0 0 398 395 0 650 0 0 0 0 0 0 0 0 0 0 
0 0 0 0 0 0 0 0 0 0 0 0 0 0 0 0 0 0 0 0 0 0 0 0 0 0 0 0 0 0 0 0 0 0 0 0 0 0 0 0 0 0 0 0 0 0 0 1 0 0 0 0 0 0 0 9 0 0 0 4 0 0 20 2428 734 0 11 0 0 2414 2577 0 467 0 0 0 0 0 0 0 68 14 0 
0 0 0 0 0 0 0 0 0 0 0 0 0 0 0 0 0 0 0 0 0 0 0 0 0 0 0 0 0 0 0 0 0 0 0 0 0 0 0 0 0 0 0 0 0 0 0 0 0 0 0 0 0 0 0 528 0 0 0 0 11 0 0 0 0 11 0 1 0 39 0 0 0 0 0 0 0 0 0 0 512 0 0 
0 0 0 0 0 0 0 0 0 0 0 0 0 0 0 0 0 0 0 0 0 0 0 0 0 0 0 0 0 0 0 0 0 0 0 0 0 0 0 0 0 0 0 0 0 0 0 0 0 0 0 0 0 0 0 0 0 0 0 0 0 0 0 0 0 0 1 0 0 0 0 0 0 0 0 0 0 0 0 0 0 0 0 
0 0 0 0 0 0 0 0 0 0 0 0 0 0 0 0 0 0 0 0 0 0 0 0 0 0 0 0 0 0 0 0 0 0 0 0 0 0 0 0 0 0 0 0 135 0 0 0 0 0 0 0 0 0 0 0 0 0 0 0 0 0 0 0 0 0 0 0 0 0 0 0 0 0 0 5 0 584 1 0 182 630 0 
0 0 0 0 0 0 0 0 0 0 0 0 0 0 0 0 0 8 0 0 0 0 0 0 0 0 0 0 0 0 0 0 0 0 3 0 4 0 0 0 0 0 0 0 0 0 61 0 0 238 277 0 0 0 0 0 0 517 3994 2129 339 8 47 6263 398 2414 39 0 0 0 2336 0 396 0 21 151 0 369 0 0 540 2 0 
0 0 0 0 0 0 10 0 0 0 0 0 0 0 0 0 0 1730 5 0 0 66 1690 0 0 0 0 0 0 0 0 0 0 1 638 7 3959 230 0 0 0 0 0 0 1 0 1419 8 0 2666 4216 0 0 0 0 57 850 5794 3901 2358 3684 217 4129 12047 395 2577 0 0 0 2336 0 359 24 2 162 2 0 187 1 0 1 0 49 
0 0 0 0 0 0 2 0 0 0 0 0 0 0 0 0 0 230 0 0 0 17 224 0 0 0 0 0 0 0 0 0 0 2 613 36 956 29 0 0 0 0 0 0 0 0 2587 2 0 371 3438 0 0 0 0 171 1081 5344 3799 34 890 9 0 108 0 0 0 0 0 0 359 0 2051 1 1187 17 4 0 0 0 0 0 3 
0 0 0 0 0 0 16 0 0 0 0 0 0 0 0 0 0 763 3 0 0 3 1048 0 0 0 0 0 0 0 0 0 0 14 1475 47 5144 33 0 72 0 370 63 0 101 10 26 600 0 0 425 0 0 0 0 225 111 370 2263 101 956 9 842 4465 650 467 0 0 0 396 24 2051 0 151 1307 15 3 916 0 0 1 0 1 
0 0 0 0 0 0 4 0 0 0 0 0 0 0 0 0 0 82 1 0 0 0 359 0 0 0 0 0 0 0 0 0 0 6 384 18 3005 0 0 139 0 0 0 0 0 0 0 0 0 0 0 0 0 0 0 40 0 0 337 0 58 0 0 32 0 0 0 0 0 0 2 1 151 0 7 2 1 3 0 0 0 0 0 
0 0 0 0 0 0 2 67 0 0 0 0 39 0 0 0 0 21 0 0 0 1 143 0 0 0 0 0 0 0 0 0 0 5 356 26 778 0 0 4 0 1143 813 0 56 5639 2188 2433 2452 894 1797 0 7 1562 0 2 5383 1673 4165 1 61 0 0 0 0 0 0 0 0 21 162 1187 1307 7 0 1 2 19 1 0 0 0 0 
0 0 0 0 0 3 0 6905 0 1280 0 0 56 578 4 15 0 7 0 0 0 1 0 0 0 0 0 0 0 0 0 0 0 4 3914 2185 235 0 0 40 0 19 64 0 0 0 0 1132 7727 168 17969 828 0 1304 977 256 560 0 8 0 252 0 0 0 0 0 0 0 5 151 2 17 15 2 1 0 943 527 128 0 110 105 1229 
0 0 0 0 21 47 553 2335 0 42 0 21 104 4 0 6 19 1 0 0 0 0 0 0 0 0 0 0 0 0 0 0 0 81 826 625 956 8 0 0 0 2 41 0 61 1 0 9071 431 0 1 0 0 5861 16 0 0 0 0 0 1 0 0 0 0 0 0 0 0 0 0 4 3 1 2 943 0 28 0 1 0 0 226 
0 0 0 0 0 0 0 921 0 0 0 0 82 60 4 0 1 0 0 0 0 0 32 0 0 0 0 0 0 0 0 0 0 0 2265 253 1308 0 0 87 0 251 1698 0 48 1919 251 15390 7974 1808 20686 87 0 5415 291 312 9065 15 4831 2 1109 0 0 0 0 0 0 0 584 369 187 0 916 3 19 527 28 0 0 1 205 2 759 
0 0 0 0 0 0 0 657 0 0 0 0 0 22 1 0 0 0 0 0 0 0 0 0 0 0 0 0 0 0 0 0 0 0 1144 160 44 0 0 33 0 0 0 0 0 1 0 239 2376 79 3385 144 0 527 197 118 633 0 116 0 585 0 0 0 0 0 0 0 1 0 1 0 0 0 1 128 0 0 0 0 0 0 5722 
0 0 0 0 0 0 0 0 0 0 0 0 0 0 0 0 0 0 0 0 0 0 0 0 0 0 0 0 0 0 0 0 0 0 0 0 0 0 0 0 0 0 0 0 12 0 0 21 0 0 0 0 0 0 0 0 0 0 0 0 0 0 0 0 0 0 0 0 0 0 0 0 0 0 0 0 1 1 0 0 0 0 0 
0 0 0 0 0 0 0 0 0 0 0 0 0 0 0 0 0 0 0 0 0 0 0 0 0 0 0 0 0 0 0 0 0 0 0 0 0 0 0 0 0 0 2 0 0 0 0 9 0 0 0 0 0 0 0 586 0 0 0 0 2 0 0 1 0 68 512 0 182 540 1 0 1 0 0 110 0 205 0 0 0 8 2 
0 0 0 0 0 0 0 0 0 0 0 0 0 0 0 0 0 0 0 0 0 0 0 0 0 0 0 0 0 0 0 0 0 0 0 0 0 0 0 0 0 0 0 0 0 0 0 0 0 0 0 0 0 0 0 0 0 0 0 0 0 0 0 0 0 14 0 0 630 2 0 0 0 0 0 105 0 2 0 0 8 0 3 
0 0 0 0 0 0 12 638 0 6177 0 0 8 30 242 1885 0 2868 231 0 0 0 3 0 0 0 0 0 113 0 0 0 0 3 1402 115 6541 7390 0 22 12 0 0 0 0 0 0 0 2079 514 8082 97 0 144 139 281 408 0 67 0 521 0 0 0 0 0 0 0 0 0 49 3 1 0 0 1229 226 759 5722 0 2 3 0 
