0 556 1628 247 298 0 2962 0 0 0 0 164 0 0 0 0 0 0 0 0 0 0 0 0 0 0 0 22 0 0 0 42 0 1029 0 6 0 0 61 0 0 474 0 3 3 0 0 0 0 0 0 0 224 0 0 0 0 0 0 0 0 0 0 0 0 0 0 0 0 0 0 0 0 0 0 0 0 0 0 0 0 0 0 
556 0 0 0 5 0 8 0 0 0 0 0 0 0 0 0 0 0 0 0 0 0 135 15 0 0 0 0 0 0 0 515 0 5089 0 0 846 0 0 0 0 0 0 0 0 0 0 0 0 0 0 0 0 0 0 0 0 0 0 0 0 0 0 0 0 0 0 0 0 0 0 0 0 0 0 0 0 0 0 0 0 0 0 
1628 0 0 7 0 0 0 29 0 0 0 3274 0 0 0 0 0 0 0 0 0 0 0 0 0 0 0 18 0 0 0 196 0 247 0 258 30 0 97 0 0 1023 0 1445 14 0 0 742 0 0 0 0 9 0 0 0 0 0 0 0 0 0 0 0 0 0 0 0 0 0 0 0 0 0 0 0 0 0 0 0 0 0 0 
247 0 7 0 0 0 0 96 0 377 6 259 0 0 0 39 0 9 0 0 0 0 0 0 0 0 0 0 0 0 0 1 0 3 1 7 0 0 13 0 0 144 0 1 0 0 0 0 0 0 447 50 165 0 0 0 0 0 176 0 212 0 0 0 0 0 0 0 0 0 0 0 0 0 0 21 0 0 0 0 0 0 0 
298 5 0 0 0 323 562 2421 117 1 0 0 0 0 0 1 1 1 1 0 0 0 0 0 0 0 0 0 0 1 0 0 0 5388 0 0 698 0 0 0 0 0 0 0 0 0 0 0 0 0 0 0 0 0 0 0 0 0 0 0 0 0 0 0 0 0 0 0 0 0 0 0 0 0 0 0 0 0 0 0 0 0 0 
0 0 0 0 323 0 43 5520 2565 3040 0 0 0 0 0 0 2001 0 240 0 0 0 0 0 0 0 0 0 13 1725 16 0 0 280 0 0 0 0 0 0 0 0 0 0 0 0 0 0 0 0 0 0 0 0 0 0 0 0 0 0 0 0 0 0 0 0 0 0 0 0 0 0 0 0 0 0 0 0 0 0 0 0 0 
2962 8 0 0 562 43 0 3311 1204 43 0 997 0 0 0 6 0 214 0 19 77 72 2188 831 0 0 0 386 7 4 0 4966 0 4360 324 12477 10499 947 493 2 0 1588 0 1951 3 0 0 7490 1235 0 0 0 3 0 0 0 0 0 10 0 85 0 2 17 0 0 0 0 0 0 0 0 40 0 327 0 0 664 0 0 0 0 842 
0 0 29 96 2421 5520 3311 0 213 247 0 1826 13442 7159 0 9 2 0 0 0 0 0 0 0 0 0 0 0 0 0 0 0 0 1691 9952 2944 14942 427 3 0 0 0 0 0 0 0 0 1285 15737 0 606 11 5 539 47 0 0 0 0 0 0 0 0 0 0 0 0 0 0 0 0 0 0 0 0 0 0 0 0 0 0 0 1583 
0 0 0 0 117 2565 1204 213 0 3178 0 0 0 0 0 0 0 0 2 0 0 0 0 0 0 0 0 0 0 0 0 0 0 86 0 0 606 0 0 0 0 0 0 0 0 0 0 0 0 0 0 0 0 0 0 0 0 0 0 0 0 0 0 0 0 0 0 0 0 0 0 0 0 0 0 0 0 0 0 0 0 0 5 
0 0 0 377 1 3040 43 247 3178 0 1828 0 2 3437 0 1088 6120 0 2596 720 0 0 0 0 2 0 0 0 1035 1572 7 0 0 3314 19980 2934 17499 92 27 0 0 0 0 0 0 0 0 0 0 0 5641 273 0 0 176 0 6 0 100 0 524 0 0 0 0 0 0 0 0 0 0 0 0 0 0 0 0 0 0 0 0 0 12081 
0 0 0 6 0 0 0 0 0 1828 0 0 15 3192 0 60 0 0 0 384 0 0 0 0 0 0 0 0 0 0 0 0 0 0 0 0 0 0 0 0 0 0 0 0 0 0 0 0 0 0 89 0 0 0 3 0 0 0 0 0 0 0 0 0 0 0 0 0 0 0 0 0 0 0 0 0 0 0 0 0 0 0 0 
164 0 3274 259 0 0 997 1826 0 0 0 0 0 0 0 0 0 0 0 0 0 0 0 0 0 0 0 0 0 0 0 0 0 0 0 0 0 0 0 0 0 10 0 3 5 0 0 441 173 0 0 0 0 0 0 0 0 0 0 0 0 0 0 0 0 0 0 0 0 0 0 0 0 0 0 0 0 0 0 0 0 0 0 
0 0 0 0 0 0 0 13442 0 2 15 0 0 862 1 0 0 0 0 12 0 0 0 0 0 0 0 0 0 0 0 0 0 0 0 0 0 0 0 0 0 0 0 0 0 0 0 0 35 0 0 0 0 0 0 0 0 0 0 0 0 0 0 0 0 0 0 0 0 0 0 0 0 0 0 0 0 0 0 0 0 0 0 
0 0 0 0 0 0 0 7159 0 3437 3192 0 862 0 1111 386 0 207 0 7666 0 0 0 0 0 0 0 0 0 0 0 0 0 0 20 1 0 0 0 0 0 0 0 0 0 0 0 0 111 0 264 34 0 0 0 341 0 0 4 0 455 0 0 0 0 0 0 0 0 0 0 0 0 0 0 0 0 0 0 0 0 0 0 
0 0 0 0 0 0 0 0 0 0 0 0 1 1111 0 0 0 691 0 10581 284 67 0 14 0 15 0 0 0 0 0 0 0 0 92 0 0 0 0 0 0 0 0 0 0 0 0 0 0 0 0 0 0 0 1 3 0 0 14 0 92 0 8 0 36 9 0 0 0 12 15 0 3 0 0 2 0 0 0 0 0 0 0 
0 0 0 39 1 0 6 9 0 1088 60 0 0 386 0 0 4786 735 2802 67 0 0 0 0 3 0 0 0 2112 1300 209 10 51 1687 4381 292 4762 0 1 0 0 0 0 0 0 0 0 0 0 0 49 15 0 0 3 0 3 0 191 0 656 0 0 0 0 0 0 0 0 0 0 0 0 0 0 0 0 0 0 0 0 0 491 
0 0 0 0 1 2001 0 2 0 6120 0 0 0 0 0 4786 0 455 828 0 0 0 0 0 0 0 0 0 470 3043 4554 89 1 3417 0 0 278 0 0 0 0 0 0 0 0 0 0 0 0 0 0 0 0 0 0 0 0 0 0 0 0 0 0 0 0 0 0 0 0 0 0 0 0 0 0 0 0 0 0 0 0 0 0 
0 0 0 9 1 0 214 0 0 0 0 0 0 207 691 735 455 0 7220 88 69 0 3423 0 3567 64 0 0 1336 907 114 606 600 868 11829 441 9791 0 0 44 1 0 0 0 0 0 0 0 0 0 2 4 0 0 108 43 0 0 13051 1 6896 292 68 100 0 0 0 0 0 0 0 0 0 0 2 54 0 2 0 0 0 0 2232 
0 0 0 0 1 240 0 0 2 2596 0 0 0 0 0 2802 828 7220 0 0 0 0 537 0 3595 0 0 0 1276 4759 542 173 119 187 125 0 1324 0 0 12 9 0 0 0 0 0 0 0 0 0 0 0 0 0 0 0 0 0 0 0 0 0 0 0 0 0 0 0 0 0 0 0 0 0 0 0 0 0 0 0 0 0 1462 
0 0 0 0 0 0 19 0 0 720 384 0 12 7666 10581 67 0 88 0 0 62 8 0 51 0 668 0 0 0 0 0 15 0 15 175 108 253 0 0 275 0 0 0 0 0 0 0 0 0 0 0 0 0 0 578 614 0 0 4636 0 4717 258 42 95 5 0 0 0 0 0 0 0 0 0 0 202 0 3 0 0 0 0 0 
0 0 0 0 0 0 77 0 0 0 0 0 0 0 284 0 0 69 0 62 0 86 48 62 96 40 0 0 0 0 0 233 0 162 0 0 642 0 0 16 0 0 0 0 0 0 0 3 0 0 0 0 0 0 0 22 0 0 5178 3 1942 1332 900 487 42 0 0 0 0 1 1 0 0 0 51 0 0 29 0 0 0 0 0 
0 0 0 0 0 0 72 0 0 0 0 0 0 0 67 0 0 0 0 8 86 0 1 617 0 7 0 0 3 5 0 59 0 0 0 0 2 0 0 3 0 0 0 0 0 0 0 8 0 0 0 0 0 0 0 35 0 0 434 0 96 421 131 49 20 0 0 0 0 3 0 0 0 0 82 0 0 78 0 0 0 0 0 
0 135 0 0 0 0 2188 0 0 0 0 0 0 0 0 0 0 3423 537 0 48 1 0 54 3126 0 0 0 1161 826 0 5993 0 1827 10 0 1628 0 0 1 0 0 0 0 0 0 0 5 0 0 0 0 0 0 0 9 0 0 2023 4 467 598 334 350 3 0 0 0 0 0 0 0 0 0 306 0 0 166 0 0 0 0 0 
0 15 0 0 0 0 831 0 0 0 0 0 0 0 14 0 0 0 0 51 62 617 54 0 1139 2 0 0 216 135 0 1442 0 5 3 0 37 0 0 12 0 0 0 0 0 0 0 9 0 0 0 0 0 0 0 1 0 0 16 0 2 3 6 0 26 0 0 0 0 23 9 0 0 0 68 0 0 47 0 0 0 0 0 
0 0 0 0 0 0 0 0 0 2 0 0 0 0 0 3 0 3567 3595 0 96 0 3126 1139 0 308 0 0 344 51 0 182 93 122 5 0 1052 0 0 339 1 0 0 0 0 0 0 0 0 0 0 0 0 0 0 0 0 0 0 0 0 0 0 0 0 0 0 0 0 0 0 0 0 0 0 0 0 0 0 0 0 0 70 
0 0 0 0 0 0 0 0 0 0 0 0 0 0 15 0 0 64 0 668 40 7 0 2 308 0 1 0 0 0 0 0 0 0 0 0 0 0 0 76 0 0 0 0 0 0 0 0 0 0 0 0 0 0 0 0 0 0 0 0 0 0 0 0 0 0 0 0 0 0 0 0 0 0 0 0 0 0 0 0 0 0 0 
0 0 0 0 0 0 0 0 0 0 0 0 0 0 0 0 0 0 0 0 0 0 0 0 0 1 0 0 0 0 0 0 0 0 0 0 1 0 0 2 0 0 0 0 0 0 0 0 0 0 0 0 0 0 0 0 0 0 0 0 0 0 0 0 0 0 0 0 0 0 0 0 0 0 0 0 0 0 0 0 0 0 0 
22 0 18 0 0 0 386 0 0 0 0 0 0 0 0 0 0 0 0 0 0 0 0 0 0 0 0 0 0 0 0 0 0 107 0 0 1327 928 0 38 69 0 0 0 0 0 0 0 0 0 0 0 0 0 0 0 0 0 0 0 0 0 0 0 0 0 0 0 0 0 0 0 0 0 0 0 0 0 0 0 0 0 0 
0 0 0 0 0 13 7 0 0 1035 0 0 0 0 0 2112 470 1336 1276 0 0 3 1161 216 344 0 0 0 0 618 11 982 141 1108 203 0 4230 0 0 273 1 0 0 0 0 0 0 0 0 0 0 0 0 0 0 0 0 0 0 0 74 0 0 0 0 0 0 0 0 0 0 0 0 0 0 5 0 57 0 0 0 0 109 
0 0 0 0 1 1725 4 0 0 1572 0 0 0 0 0 1300 3043 907 4759 0 0 5 826 135 51 0 0 0 618 0 1448 989 24 2017 3 0 4649 6 0 4 0 0 0 0 0 0 0 1 0 0 0 0 0 0 0 0 0 0 0 0 0 0 0 0 0 0 0 0 0 0 0 0 0 0 1 0 0 0 0 0 0 0 40 
0 0 0 0 0 16 0 0 0 7 0 0 0 0 0 209 4554 114 542 0 0 0 0 0 0 0 0 0 11 1448 0 136 0 149 0 0 13 0 0 0 0 0 0 0 0 0 0 0 0 0 0 0 0 0 0 0 0 0 0 0 0 0 0 0 0 0 0 0 0 0 0 0 0 0 0 0 0 0 0 0 0 0 0 
42 515 196 1 0 0 4966 0 0 0 0 0 0 0 0 10 89 606 173 15 233 59 5993 1442 182 0 0 0 982 989 136 0 452 782 0 0 830 21 0 0 1 0 0 0 0 0 0 2 0 0 0 0 0 0 0 0 0 0 0 0 0 0 0 0 0 0 0 0 0 0 0 0 2 0 1 0 0 1 0 0 0 0 0 
0 0 0 0 0 0 0 0 0 0 0 0 0 0 0 51 1 600 119 0 0 0 0 0 93 0 0 0 141 24 0 452 0 0 0 0 0 0 0 0 0 0 0 0 0 0 0 0 0 0 0 0 0 0 0 0 0 0 0 0 0 0 0 0 0 0 0 0 0 0 0 0 0 0 0 0 0 0 0 0 0 0 0 
1029 5089 247 3 5388 280 4360 1691 86 3314 0 0 0 0 0 1687 3417 868 187 15 162 0 1827 5 122 0 0 107 1108 2017 149 782 0 0 9 0 68 0 0 0 0 0 0 0 0 0 0 0 3 0 0 0 0 0 0 0 0 0 5 0 178 0 0 0 0 0 0 0 0 0 0 0 0 0 0 6 0 108 0 0 0 0 0 
0 0 0 1 0 0 324 9952 0 19980 0 0 0 20 92 4381 0 11829 125 175 0 0 10 3 5 0 0 0 203 3 0 0 0 9 0 307 454 2 0 138 136 0 0 0 0 0 0 0 0 0 0 1 0 0 77 3 0 0 137 0 2813 0 0 0 0 0 0 0 0 0 0 0 0 0 0 170 0 39 0 0 0 0 239 
6 0 258 7 0 0 12477 2944 0 2934 0 0 0 1 0 292 0 441 0 108 0 0 0 0 0 0 0 0 0 0 0 0 0 0 307 0 0 19 1 0 0 0 0 0 0 0 0 0 0 0 0 0 0 0 45 1 0 0 334 0 1209 0 0 0 0 0 0 0 0 0 0 0 0 0 0 868 9 0 0 0 0 0 1133 
0 846 30 0 698 0 10499 14942 606 17499 0 0 0 0 0 4762 278 9791 1324 253 642 2 1628 37 1052 0 1 1327 4230 4649 13 830 0 68 454 0 0 0 0 38 0 0 2 0 0 0 0 156 8 0 0 0 0 0 0 35 0 0 184 0 2396 0 0 2 0 0 0 0 0 0 0 0 16 0 170 59 0 1208 0 0 0 0 4529 
0 0 0 0 0 0 947 427 0 92 0 0 0 0 0 0 0 0 0 0 0 0 0 0 0 0 0 928 0 6 0 21 0 0 2 19 0 0 0 0 0 0 0 0 0 0 0 0 0 0 0 0 0 0 0 0 0 0 0 0 2 0 0 0 0 0 0 0 0 0 0 0 0 0 0 0 0 1 0 0 0 0 1915 
61 0 97 13 0 0 493 3 0 27 0 0 0 0 0 1 0 0 0 0 0 0 0 0 0 0 0 0 0 0 0 0 0 0 0 1 0 0 0 0 0 13 0 4 0 0 0 0 0 0 45 1 0 0 0 0 0 0 0 0 0 0 0 0 0 0 0 0 0 0 0 0 0 0 0 0 0 0 0 0 0 0 1 
0 0 0 0 0 0 2 0 0 0 0 0 0 0 0 0 0 44 12 275 16 3 1 12 339 76 2 38 273 4 0 0 0 0 138 0 38 0 0 0 12 0 10 0 0 0 0 188 0 0 0 0 0 0 0 19 0 0 0 0 219 0 0 0 0 2 0 0 0 3 1 0 9 0 24 23 0 776 0 0 0 0 0 
0 0 0 0 0 0 0 0 0 0 0 0 0 0 0 0 0 1 9 0 0 0 0 0 1 0 0 69 1 0 0 1 0 0 136 0 0 0 0 12 0 0 0 0 0 0 0 0 0 0 0 0 0 0 0 0 0 0 0 0 0 0 0 0 0 0 0 0 0 0 0 0 0 0 0 0 0 0 0 0 0 0 0 
474 0 1023 144 0 0 1588 0 0 0 0 10 0 0 0 0 0 0 0 0 0 0 0 0 0 0 0 0 0 0 0 0 0 0 0 0 0 0 13 0 0 0 1804 82 120 419 0 4146 0 0 0 0 544 0 0 0 0 0 0 0 0 0 0 0 0 0 0 0 0 0 2 0 46 0 1648 0 137 39 0 192 0 0 0 
0 0 0 0 0 0 0 0 0 0 0 0 0 0 0 0 0 0 0 0 0 0 0 0 0 0 0 0 0 0 0 0 0 0 0 0 2 0 0 10 0 1804 0 0 0 137 0 0 0 0 0 0 0 0 0 0 0 0 0 0 0 0 0 0 5 0 0 0 0 0 1 0 448 0 1266 0 4 748 45 0 0 0 0 
3 0 1445 1 0 0 1951 0 0 0 0 3 0 0 0 0 0 0 0 0 0 0 0 0 0 0 0 0 0 0 0 0 0 0 0 0 0 0 4 0 0 82 0 0 418 0 0 0 0 0 0 0 124 0 0 0 0 0 0 0 0 0 0 0 0 0 0 0 0 0 0 0 0 0 140 0 1150 215 0 246 0 0 0 
3 0 14 0 0 0 3 0 0 0 0 5 0 0 0 0 0 0 0 0 0 0 0 0 0 0 0 0 0 0 0 0 0 0 0 0 0 0 0 0 0 120 0 418 0 0 0 20 141 0 21 0 81 0 0 0 0 0 0 0 0 0 0 0 0 0 0 0 0 0 0 0 0 0 0 0 0 0 0 1 0 0 55 
0 0 0 0 0 0 0 0 0 0 0 0 0 0 0 0 0 0 0 0 0 0 0 0 0 0 0 0 0 0 0 0 0 0 0 0 0 0 0 0 0 419 137 0 0 0 23 959 42 99 0 0 0 0 0 0 0 0 0 0 0 0 0 0 0 0 0 0 0 0 0 0 44 0 5276 0 0 135 0 0 0 0 0 
0 0 0 0 0 0 0 0 0 0 0 0 0 0 0 0 0 0 0 0 0 0 0 0 0 0 0 0 0 0 0 0 0 0 0 0 0 0 0 0 0 0 0 0 0 23 0 466 2496 5747 1671 0 0 0 0 0 654 11 0 0 0 0 0 0 0 0 0 0 0 2991 986 4 28 0 300 0 0 5 0 0 0 0 0 
0 0 742 0 0 0 7490 1285 0 0 0 441 0 0 0 0 0 0 0 0 3 8 5 9 0 0 0 0 0 1 0 2 0 0 0 0 156 0 0 188 0 4146 0 0 20 959 466 0 5193 241 0 0 1817 0 0 0 0 0 11 0 14 0 5 9 10 0 0 0 0 0 6 0 275 0 5895 42 15451 11253 1267 92 0 0 21 
0 0 0 0 0 0 1235 15737 0 0 0 173 35 111 0 0 0 0 0 0 0 0 0 0 0 0 0 0 0 0 0 0 0 3 0 0 8 0 0 0 0 0 0 0 141 42 2496 5193 0 1377 478 598 2766 8808 3731 0 1 0 45 0 29 0 0 0 0 0 0 0 0 0 0 0 0 0 7354 5513 2755 12850 82 0 0 0 565 
0 0 0 0 0 0 0 0 0 0 0 0 0 0 0 0 0 0 0 0 0 0 0 0 0 0 0 0 0 0 0 0 0 0 0 0 0 0 0 0 0 0 0 0 0 99 5747 241 1377 0 2624 0 0 0 0 0 204 0 0 0 0 0 0 0 0 0 0 0 0 238 284 1 0 0 343 0 0 604 0 0 0 0 0 
0 0 0 447 0 0 0 606 0 5641 89 0 0 264 0 49 0 2 0 0 0 0 0 0 0 0 0 0 0 0 0 0 0 0 0 0 0 0 45 0 0 0 0 0 21 0 1671 0 478 2624 0 483 0 0 2084 0 649 2703 16 0 102 0 0 2 0 0 0 0 0 12413 6009 196 1079 0 5147 14183 1869 22628 0 0 0 0 3749 
0 0 0 50 0 0 0 11 0 273 0 0 0 34 0 15 0 4 0 0 0 0 0 0 0 0 0 0 0 0 0 0 0 0 1 0 0 0 1 0 0 0 0 0 0 0 0 0 598 0 483 0 0 0 926 0 362 0 14 0 33 0 0 0 0 0 0 0 0 0 0 0 0 0 0 0 6 0 0 0 0 0 0 
224 0 9 165 0 0 3 5 0 0 0 0 0 0 0 0 0 0 0 0 0 0 0 0 0 0 0 0 0 0 0 0 0 0 0 0 0 0 0 0 0 544 0 124 81 0 0 1817 2766 0 0 0 0 25 0 0 0 0 0 0 0 0 0 0 0 0 0 0 0 0 0 0 0 0 0 0 1 0 0 16 0 0 0 
0 0 0 0 0 0 0 539 0 0 0 0 0 0 0 0 0 0 0 0 0 0 0 0 0 0 0 0 0 0 0 0 0 0 0 0 0 0 0 0 0 0 0 0 0 0 0 0 8808 0 0 0 25 0 687 46 0 0 0 0 770 0 0 0 0 0 0 0 0 0 0 0 0 0 0 0 0 0 0 0 0 0 0 
0 0 0 0 0 0 0 47 0 176 3 0 0 0 1 3 0 108 0 578 0 0 0 0 0 0 0 0 0 0 0 0 0 0 77 45 0 0 0 0 0 0 0 0 0 0 0 0 3731 0 2084 926 0 687 0 1017 49 0 18 0 9513 0 0 0 0 0 0 0 0 0 0 0 0 0 0 3 0 0 0 0 0 0 0 
0 0 0 0 0 0 0 0 0 0 0 0 0 341 3 0 0 43 0 614 22 35 9 1 0 0 0 0 0 0 0 0 0 0 3 1 35 0 0 19 0 0 0 0 0 0 0 0 0 0 0 0 0 46 1017 0 0 0 5 0 3460 5 0 1 53 499 78 0 0 114 110 0 20 0 0 12 0 107 0 0 83 0 0 
0 0 0 0 0 0 0 0 0 6 0 0 0 0 0 3 0 0 0 0 0 0 0 0 0 0 0 0 0 0 0 0 0 0 0 0 0 0 0 0 0 0 0 0 0 0 654 0 1 204 649 362 0 0 49 0 0 6807 16 87 33 0 0 10 0 0 0 0 0 1223 4253 1036 340 0 621 1338 71 8788 0 0 0 0 823 
0 0 0 0 0 0 0 0 0 0 0 0 0 0 0 0 0 0 0 0 0 0 0 0 0 0 0 0 0 0 0 0 0 0 0 0 0 0 0 0 0 0 0 0 0 0 11 0 0 0 2703 0 0 0 0 0 6807 0 3533 1040 0 0 0 0 0 0 0 0 0 3778 10272 2629 700 0 0 0 0 0 0 0 0 0 0 
0 0 0 176 0 0 10 0 0 100 0 0 0 4 14 191 0 13051 0 4636 5178 434 2023 16 0 0 0 0 0 0 0 0 0 5 137 334 184 0 0 0 0 0 0 0 0 0 0 11 45 0 16 14 0 0 18 5 16 3533 0 9645 174 223 64 592 0 12 0 0 0 2814 3768 16 6844 1206 2971 6445 1484 11867 6 0 0 0 1359 
0 0 0 0 0 0 0 0 0 0 0 0 0 0 0 0 0 1 0 0 3 0 4 0 0 0 0 0 0 0 0 0 0 0 0 0 0 0 0 0 0 0 0 0 0 0 0 0 0 0 0 0 0 0 0 0 87 1040 9645 0 118 0 0 1499 2 634 0 0 0 4821 6147 2193 2606 0 297 0 0 505 0 0 0 0 0 
0 0 0 212 0 0 85 0 0 524 0 0 0 455 92 656 0 6896 0 4717 1942 96 467 2 0 0 0 0 74 0 0 0 0 178 2813 1209 2396 2 0 219 0 0 0 0 0 0 0 14 29 0 102 33 0 770 9513 3460 33 0 174 118 0 73 8 16 12 0 537 0 0 99 214 0 1375 194 433 3422 56 8998 6 0 2 0 328 
0 0 0 0 0 0 0 0 0 0 0 0 0 0 0 0 0 292 0 258 1332 421 598 3 0 0 0 0 0 0 0 0 0 0 0 0 0 0 0 0 0 0 0 0 0 0 0 0 0 0 0 0 0 0 0 5 0 0 223 0 73 0 250 0 15 0 6 0 0 0 0 0 7 0 5 0 0 35 0 0 0 0 0 
0 0 0 0 0 0 2 0 0 0 0 0 0 0 8 0 0 68 0 42 900 131 334 6 0 0 0 0 0 0 0 0 0 0 0 0 0 0 0 0 0 0 0 0 0 0 0 5 0 0 0 0 0 0 0 0 0 0 64 0 8 250 0 54 309 4 0 0 0 25 328 0 616 0 168 0 0 4 0 0 0 0 0 
0 0 0 0 0 0 17 0 0 0 0 0 0 0 0 0 0 100 0 95 487 49 350 0 0 0 0 0 0 0 0 0 0 0 0 0 2 0 0 0 0 0 0 0 0 0 0 9 0 0 2 0 0 0 0 1 10 0 592 1499 16 0 54 0 131 487 0 0 0 4026 3173 0 6033 0 895 0 0 300 0 0 0 0 0 
0 0 0 0 0 0 0 0 0 0 0 0 0 0 36 0 0 0 0 5 42 20 3 26 0 0 0 0 0 0 0 0 0 0 0 0 0 0 0 0 0 0 5 0 0 0 0 10 0 0 0 0 0 0 0 53 0 0 0 2 12 15 309 131 0 1896 1 0 0 2723 1692 0 355 0 36 11 0 104 0 0 0 0 0 
0 0 0 0 0 0 0 0 0 0 0 0 0 0 9 0 0 0 0 0 0 0 0 0 0 0 0 0 0 0 0 0 0 0 0 0 0 0 0 2 0 0 0 0 0 0 0 0 0 0 0 0 0 0 0 499 0 0 12 634 0 0 4 487 1896 0 20 0 102 1748 1018 0 1061 0 53 193 0 787 0 0 521 4 0 
0 0 0 0 0 0 0 0 0 0 0 0 0 0 0 0 0 0 0 0 0 0 0 0 0 0 0 0 0 0 0 0 0 0 0 0 0 0 0 0 0 0 0 0 0 0 0 0 0 0 0 0 0 0 0 78 0 0 0 0 537 6 0 0 1 20 0 0 0 0 0 0 0 0 0 3 0 2 0 0 151 0 0 
0 0 0 0 0 0 0 0 0 0 0 0 0 0 0 0 0 0 0 0 0 0 0 0 0 0 0 0 0 0 0 0 0 0 0 0 0 0 0 0 0 0 0 0 0 0 0 0 0 0 0 0 0 0 0 0 0 0 0 0 0 0 0 0 0 0 0 0 0 0 0 0 0 0 0 0 0 46 0 0 13 1 0 
0 0 0 0 0 0 0 0 0 0 0 0 0 0 0 0 0 0 0 0 0 0 0 0 0 0 0 0 0 0 0 0 0 0 0 0 0 0 0 0 0 0 0 0 0 0 0 0 0 0 0 0 0 0 0 0 0 0 0 0 0 0 0 0 0 102 0 0 0 27 3 0 0 0 1240 0 0 262 261 0 0 683 0 
0 0 0 0 0 0 0 0 0 0 0 0 0 0 12 0 0 0 0 0 1 3 0 23 0 0 0 0 0 0 0 0 0 0 0 0 0 0 0 3 0 0 0 0 0 0 2991 0 0 238 12413 0 0 0 0 114 1223 3778 2814 4821 99 0 25 4026 2723 1748 0 0 27 0 467 17 142 0 69 27 0 440 118 0 5 1 0 
0 0 0 0 0 0 0 0 0 0 0 0 0 0 15 0 0 0 0 0 1 0 0 9 0 0 0 0 0 0 0 0 0 0 0 0 0 0 0 1 0 2 1 0 0 0 986 6 0 284 6009 0 0 0 0 110 4253 10272 3768 6147 214 0 328 3173 1692 1018 0 0 3 467 0 88 1817 0 243 0 0 322 63 0 5 0 0 
0 0 0 0 0 0 0 0 0 0 0 0 0 0 0 0 0 0 0 0 0 0 0 0 0 0 0 0 0 0 0 0 0 0 0 0 0 0 0 0 0 0 0 0 0 0 4 0 0 1 196 0 0 0 0 0 1036 2629 16 2193 0 0 0 0 0 0 0 0 0 17 88 0 383 0 1 0 0 0 0 0 0 0 0 
0 0 0 0 0 0 40 0 0 0 0 0 0 0 3 0 0 0 0 0 0 0 0 0 0 0 0 0 0 0 0 2 0 0 0 0 16 0 0 9 0 46 448 0 0 44 28 275 0 0 1079 0 0 0 0 20 340 700 6844 2606 1375 7 616 6033 355 1061 0 0 0 142 1817 383 0 72 1246 0 0 43 8 0 3 0 0 
0 0 0 0 0 0 0 0 0 0 0 0 0 0 0 0 0 0 0 0 0 0 0 0 0 0 0 0 0 0 0 0 0 0 0 0 0 0 0 0 0 0 0 0 0 0 0 0 0 0 0 0 0 0 0 0 0 0 1206 0 194 0 0 0 0 0 0 0 0 0 0 0 72 0 156 0 0 0 0 0 0 0 0 
0 0 0 0 0 0 327 0 0 0 0 0 0 0 0 0 0 2 0 0 51 82 306 68 0 0 0 0 0 1 0 1 0 0 0 0 170 0 0 24 0 1648 1266 140 0 5276 300 5895 7354 343 5147 0 0 0 0 0 621 0 2971 297 433 5 168 895 36 53 0 0 1240 69 243 1 1246 156 0 0 0 78 0 0 0 0 0 
0 0 0 21 0 0 0 0 0 0 0 0 0 0 2 0 0 54 0 202 0 0 0 0 0 0 0 0 5 0 0 0 0 6 170 868 59 0 0 23 0 0 0 0 0 0 0 42 5513 0 14183 0 0 0 3 12 1338 0 6445 0 3422 0 0 0 11 193 3 0 0 27 0 0 0 0 0 0 1017 261 12 0 958 161 442 
0 0 0 0 0 0 0 0 0 0 0 0 0 0 0 0 0 0 0 0 0 0 0 0 0 0 0 0 0 0 0 0 0 0 0 9 0 0 0 0 0 137 4 1150 0 0 0 15451 2755 0 1869 6 1 0 0 0 71 0 1484 0 56 0 0 0 0 0 0 0 0 0 0 0 0 0 0 1017 0 369 22 91 0 0 2104 
0 0 0 0 0 0 664 0 0 0 0 0 0 0 0 0 0 2 0 3 29 78 166 47 0 0 0 0 57 0 0 1 0 108 39 0 1208 1 0 776 0 39 748 215 0 135 5 11253 12850 604 22628 0 0 0 0 107 8788 0 11867 505 8998 35 4 300 104 787 2 46 262 440 322 0 43 0 78 261 369 0 0 0 44 0 4828 
0 0 0 0 0 0 0 0 0 0 0 0 0 0 0 0 0 0 0 0 0 0 0 0 0 0 0 0 0 0 0 0 0 0 0 0 0 0 0 0 0 0 45 0 0 0 0 1267 82 0 0 0 0 0 0 0 0 0 6 0 6 0 0 0 0 0 0 0 261 118 63 0 8 0 0 12 22 0 0 0 2 1 6285 
0 0 0 0 0 0 0 0 0 0 0 0 0 0 0 0 0 0 0 0 0 0 0 0 0 0 0 0 0 0 0 0 0 0 0 0 0 0 0 0 0 192 0 246 1 0 0 92 0 0 0 0 16 0 0 0 0 0 0 0 0 0 0 0 0 0 0 0 0 0 0 0 0 0 0 0 91 0 0 0 0 0 93 
0 0 0 0 0 0 0 0 0 0 0 0 0 0 0 0 0 0 0 0 0 0 0 0 0 0 0 0 0 0 0 0 0 0 0 0 0 0 0 0 0 0 0 0 0 0 0 0 0 0 0 0 0 0 0 83 0 0 0 0 2 0 0 0 0 521 151 13 0 5 5 0 3 0 0 958 0 44 2 0 0 18 0 
0 0 0 0 0 0 0 0 0 0 0 0 0 0 0 0 0 0 0 0 0 0 0 0 0 0 0 0 0 0 0 0 0 0 0 0 0 0 0 0 0 0 0 0 0 0 0 0 0 0 0 0 0 0 0 0 0 0 0 0 0 0 0 0 0 4 0 1 683 1 0 0 0 0 0 161 0 0 1 0 18 0 0 
0 0 0 0 0 0 842 1583 5 12081 0 0 0 0 0 491 0 2232 1462 0 0 0 0 0 70 0 0 0 109 40 0 0 0 0 239 1133 4529 1915 1 0 0 0 0 0 55 0 0 21 565 0 3749 0 0 0 0 0 823 0 1359 0 328 0 0 0 0 0 0 0 0 0 0 0 0 0 0 442 2104 4828 6285 93 0 0 0 
