0 276 955 148 2 0 387 0 0 0 0 169 0 0 0 0 0 0 0 0 0 0 7 0 59 0 0 983 34 0 0 109 0 3136 0 0 54 0 4 0 0 105 0 0 0 0 0 4 0 0 0 0 15 0 0 0 0 0 0 0 0 0 0 0 0 0 0 0 0 0 0 0 0 0 0 0 0 1 0 53 0 0 412 
276 0 0 0 34 0 0 0 0 0 0 0 0 0 0 0 0 0 0 0 0 0 0 0 0 0 0 0 0 0 0 0 0 5689 0 0 292 0 0 0 0 0 0 0 0 0 0 0 0 0 0 0 0 0 0 0 0 0 0 0 0 0 0 0 0 0 0 0 0 0 0 0 0 0 0 0 0 0 0 0 0 0 0 
955 0 0 194 0 0 0 0 0 0 0 1312 0 0 0 0 0 0 0 0 0 0 0 0 136 0 0 471 10 0 0 37 0 1232 0 450 1278 0 444 0 0 288 0 0 0 0 0 1536 0 0 0 0 54 0 0 0 0 0 0 0 0 0 0 0 0 0 0 0 0 0 0 0 0 0 0 0 0 0 0 334 0 0 0 
148 0 194 0 0 0 298 321 0 0 0 184 0 0 0 0 0 0 0 0 0 0 0 0 0 0 0 0 0 0 0 0 0 0 0 0 0 0 3 0 0 0 0 0 0 0 0 1 0 0 0 0 14 0 0 0 0 0 0 0 0 0 0 0 0 0 0 0 0 0 0 0 0 0 0 0 0 0 0 5 0 0 0 
2 34 0 0 0 16 609 2057 2599 448 0 0 165 0 0 637 0 0 15 0 0 0 0 0 0 0 0 0 3 126 0 0 0 5189 40 7 4408 21 0 0 0 0 0 0 0 0 0 0 34 1 0 0 0 0 0 0 0 0 0 0 0 0 0 0 0 0 0 0 0 0 0 0 0 0 0 0 0 0 0 0 0 0 48 
0 0 0 0 16 0 278 1343 2879 964 0 0 461 0 0 0 9 0 346 0 0 0 6 0 0 0 0 0 13 681 18 0 0 275 0 0 48 0 0 0 0 0 0 0 0 0 0 0 113 2 0 0 0 0 0 0 0 0 0 0 0 0 0 0 0 0 0 0 0 0 0 0 0 0 0 0 0 0 0 0 0 0 0 
387 0 0 298 609 278 0 4503 1245 66 0 2108 2253 0 0 663 0 0 1 0 0 0 475 0 705 0 0 558 66 6 1 423 0 6415 2787 14142 12219 755 11 0 0 0 0 1 0 0 0 11277 6712 12 0 0 0 35 0 0 0 0 0 0 0 0 0 0 0 0 0 0 0 0 0 0 0 0 0 0 9 3 0 168 0 0 1075 
0 0 0 321 2057 1343 4503 0 336 1051 84 1859 10545 5549 0 197 0 0 6 0 0 0 0 0 0 0 0 0 3 32 1 0 0 517 4080 1034 3506 104 0 0 0 0 0 0 0 0 0 2459 12236 1 284 0 0 65 5 0 0 0 0 0 0 0 0 0 0 0 0 0 0 0 0 0 0 0 0 0 0 0 0 0 0 0 57 
0 0 0 0 2599 2879 1245 336 0 3165 0 0 131 0 0 16 0 0 5 0 0 0 0 0 0 0 0 0 0 29 0 0 0 461 36 6 533 0 0 0 0 0 0 0 0 0 0 0 125 0 0 0 0 0 0 0 0 0 0 0 0 0 0 0 0 0 0 0 0 0 0 0 0 0 0 0 0 0 0 0 0 0 0 
0 0 0 0 448 964 66 1051 3165 0 2421 0 62 6456 0 1954 1847 65 1325 0 0 0 9 0 0 0 0 0 96 1554 53 0 0 2940 31741 5259 17132 23 0 0 0 0 0 0 0 0 0 0 4066 3 5843 52 0 0 692 0 50 0 53 0 37 0 0 0 0 0 0 0 0 0 0 0 0 0 0 0 0 0 0 0 0 0 6432 
0 0 0 0 0 0 0 84 0 2421 0 0 0 193 0 1614 0 867 0 6 0 0 0 0 0 0 0 0 0 0 0 0 0 0 0 0 0 0 0 0 0 0 0 0 0 0 0 0 0 0 0 0 0 0 0 0 0 0 0 0 0 0 0 0 0 0 0 0 0 0 0 0 0 0 0 0 0 0 0 0 0 0 0 
169 0 1312 184 0 0 2108 1859 0 0 0 0 0 0 0 0 0 0 0 0 0 0 0 0 0 0 0 0 0 0 0 0 0 0 0 0 0 0 0 0 0 184 0 0 0 0 0 1723 172 0 0 0 0 0 0 0 0 0 0 0 0 0 0 0 0 0 0 0 0 0 0 0 0 0 0 0 0 0 0 0 0 0 0 
0 0 0 0 165 461 2253 10545 131 62 0 0 0 4 0 236 0 0 11 0 0 0 0 0 0 0 0 0 24 63 4 0 0 169 16 0 123 6 0 0 0 0 0 0 0 0 0 1058 1808 3 0 0 0 3 0 0 0 0 0 0 0 0 0 0 0 0 0 0 0 0 0 0 0 0 0 0 0 0 0 0 0 0 0 
0 0 0 0 0 0 0 5549 0 6456 193 0 4 0 163 355 0 3357 0 2436 0 0 0 0 0 0 0 0 0 0 0 0 0 0 624 277 0 0 0 0 0 0 0 0 0 0 0 0 4 0 41 45 0 0 8 5 3 0 3 0 47 0 0 0 0 0 0 0 0 0 0 0 0 0 0 0 0 0 0 0 0 0 0 
0 0 0 0 0 0 0 0 0 0 0 0 0 163 0 0 0 9541 0 7295 1482 259 541 8 722 172 0 0 0 0 0 0 0 0 592 1 593 0 0 133 1 0 0 0 0 0 0 0 0 0 0 0 0 0 0 0 0 0 72 0 140 154 40 1 0 0 0 0 0 0 1 0 9 0 0 0 0 0 0 0 0 0 4 
0 0 0 0 637 0 663 197 16 1954 1614 0 236 355 0 0 2428 126 638 0 0 0 2 0 0 0 0 0 0 82 0 0 0 1816 8012 366 6640 0 0 0 0 0 0 0 0 0 0 0 582 12 0 17 0 0 587 0 2 0 2 0 904 0 0 0 0 0 0 0 0 0 0 0 0 0 0 560 0 0 16 0 0 0 905 
0 0 0 0 0 9 0 0 0 1847 0 0 0 0 0 2428 0 822 1231 0 0 0 0 0 0 0 0 0 251 2676 467 40 0 4 0 0 22 0 0 0 0 0 0 0 0 0 0 0 0 0 0 0 0 0 0 0 0 0 0 0 0 0 0 0 0 0 0 0 0 0 0 0 0 0 0 0 0 0 0 0 0 0 1 
0 0 0 0 0 0 0 0 0 65 867 0 0 3357 9541 126 822 0 3740 1900 171 11 1446 0 1820 36 0 0 36 226 693 3516 384 1460 8587 33 10571 12 0 148 89 0 0 0 0 0 0 0 0 0 0 0 0 0 416 168 0 0 8281 0 3035 1798 152 210 11 0 0 0 0 8 19 0 207 0 0 0 0 0 0 0 0 0 1279 
0 0 0 0 15 346 1 6 5 1325 0 0 11 0 0 638 1231 3740 0 0 0 0 3085 0 401 0 0 0 462 2752 631 912 23 256 0 0 429 0 0 2 0 0 0 0 0 0 0 0 31 0 0 0 0 0 0 0 0 0 19 0 0 0 0 3 0 0 0 0 0 0 1 0 4 0 0 0 0 0 0 0 0 0 0 
0 0 0 0 0 0 0 0 0 0 6 0 0 2436 7295 0 0 1900 0 0 343 0 0 32 18 217 0 0 0 0 0 0 0 0 93 0 54 0 0 0 1 0 0 0 0 0 0 0 0 0 0 0 0 0 5 3 0 0 1534 0 1031 108 0 8 0 0 0 0 0 0 0 0 6 0 0 0 0 0 0 0 0 0 0 
0 0 0 0 0 0 0 0 0 0 0 0 0 0 1482 0 0 171 0 343 0 960 25 318 0 39 0 0 0 0 0 0 0 0 0 0 0 0 0 0 0 0 0 0 0 0 0 0 0 0 0 0 0 0 0 0 0 0 140 0 43 330 120 42 6 0 0 0 0 0 0 0 0 0 0 0 0 0 0 0 0 0 0 
0 0 0 0 0 0 0 0 0 0 0 0 0 0 259 0 0 11 0 0 960 0 1239 2076 465 13 0 0 0 0 0 0 0 0 0 0 0 0 0 0 0 0 0 0 0 0 0 0 0 0 0 0 0 0 0 0 0 0 4 0 0 15 42 26 1 0 0 0 0 0 0 0 0 0 0 0 0 0 0 0 0 0 0 
7 0 0 0 0 6 475 0 0 9 0 0 0 0 541 2 0 1446 3085 0 25 1239 0 1270 11795 22 0 0 9274 897 28 4148 0 4156 0 0 1395 0 0 0 0 0 0 0 0 0 0 0 0 0 0 0 0 0 0 0 0 0 298 0 40 274 247 167 10 0 0 0 0 1 3 0 4 0 0 0 0 0 0 0 0 0 0 
0 0 0 0 0 0 0 0 0 0 0 0 0 0 8 0 0 0 0 32 318 2076 1270 0 167 41 0 0 0 0 0 0 0 0 0 0 0 0 0 0 0 0 0 0 0 0 0 0 0 0 0 0 0 0 0 0 0 0 0 0 0 25 7 2 0 0 0 0 0 0 0 0 0 0 0 0 0 0 0 0 0 0 0 
59 0 136 0 0 0 705 0 0 0 0 0 0 0 722 0 0 1820 401 18 0 465 11795 167 0 46 3 162 468 52 4 165 0 630 240 0 2051 0 0 80 0 1141 36 0 1 0 0 627 0 0 0 0 0 0 0 249 0 0 875 0 1887 0 0 51 0 0 0 0 0 187 870 0 6077 0 1622 0 0 1245 0 0 0 0 0 
0 0 0 0 0 0 0 0 0 0 0 0 0 0 172 0 0 36 0 217 39 13 22 41 46 0 3 0 0 0 0 0 0 0 0 0 0 0 0 19 0 0 0 0 0 0 0 0 0 0 0 0 0 0 0 0 0 0 0 0 4 70 52 6 0 0 0 0 0 0 0 0 0 0 0 0 0 0 0 0 0 0 0 
0 0 0 0 0 0 0 0 0 0 0 0 0 0 0 0 0 0 0 0 0 0 0 0 3 3 0 0 0 0 0 0 0 1 0 0 616 16 0 0 0 0 0 0 0 0 0 0 0 0 0 0 0 0 0 0 0 0 0 0 0 0 0 0 0 0 0 0 0 0 0 0 0 0 0 0 0 0 0 0 0 0 0 
983 0 471 0 0 0 558 0 0 0 0 0 0 0 0 0 0 0 0 0 0 0 0 0 162 0 0 0 32 0 0 0 0 254 0 0 536 15 0 0 0 0 0 0 0 0 0 0 0 0 0 0 0 0 0 0 0 0 0 0 0 0 0 0 0 0 0 0 0 0 0 0 0 0 0 0 0 0 0 0 0 0 0 
34 0 10 0 3 13 66 3 0 96 0 0 24 0 0 0 251 36 462 0 0 0 9274 0 468 0 0 32 0 1189 864 388 0 1480 0 0 156 0 0 1 0 127 20 0 0 0 0 77 5 0 0 0 0 0 0 0 0 0 219 0 0 0 0 1 0 0 0 0 0 5 38 0 1313 0 264 0 0 45 0 0 0 0 0 
0 0 0 0 126 681 6 32 29 1554 0 0 63 0 0 82 2676 226 2752 0 0 0 897 0 52 0 0 0 1189 0 1253 27 0 2245 0 0 108 0 0 0 0 0 0 0 0 0 0 0 52 1 0 0 0 0 0 0 0 0 0 0 0 0 0 0 0 0 0 0 0 0 0 0 0 0 0 0 0 0 0 0 0 0 0 
0 0 0 0 0 18 1 1 0 53 0 0 4 0 0 0 467 693 631 0 0 0 28 0 4 0 0 0 864 1253 0 197 0 168 0 0 0 0 0 0 0 0 0 0 0 0 0 0 0 0 0 0 0 0 0 0 0 0 0 0 0 0 0 0 0 0 0 0 0 0 0 0 0 0 0 0 0 0 0 0 0 0 0 
109 0 37 0 0 0 423 0 0 0 0 0 0 0 0 0 40 3516 912 0 0 0 4148 0 165 0 0 0 388 27 197 0 144 791 0 0 9 0 0 0 0 0 0 0 0 0 0 0 0 0 0 0 0 0 0 0 0 0 0 0 0 0 0 0 0 0 0 0 0 0 0 0 0 0 0 0 0 0 0 0 0 0 0 
0 0 0 0 0 0 0 0 0 0 0 0 0 0 0 0 0 384 23 0 0 0 0 0 0 0 0 0 0 0 0 144 0 4 0 0 3 0 0 0 0 0 0 0 0 0 0 0 0 0 0 0 0 0 0 0 0 0 0 0 0 0 0 0 0 0 0 0 0 0 0 0 0 0 0 0 0 0 0 0 0 0 0 
3136 5689 1232 0 5189 275 6415 517 461 2940 0 0 169 0 0 1816 4 1460 256 0 0 0 4156 0 630 0 1 254 1480 2245 168 791 4 0 0 0 543 0 0 0 0 0 0 0 0 0 0 0 525 2 0 0 0 0 0 0 0 0 167 0 0 7 0 15 0 0 0 0 0 0 1 0 0 0 0 0 0 0 0 0 0 0 0 
0 0 0 0 40 0 2787 4080 36 31741 0 0 16 624 592 8012 0 8587 0 93 0 0 0 0 240 0 0 0 0 0 0 0 0 0 0 841 971 3 0 251 550 0 0 0 1 0 0 0 763 1 0 0 0 0 21 88 0 0 1 0 1089 0 0 0 0 0 0 0 0 18 0 0 0 0 18 549 1 608 535 0 3 0 483 
0 0 450 0 7 0 14142 1034 6 5259 0 0 0 277 1 366 0 33 0 0 0 0 0 0 0 0 0 0 0 0 0 0 0 0 841 0 57 13 0 0 0 0 0 0 1 0 0 0 211 0 5 3 0 0 20 1 219 0 68 0 126 0 0 0 0 0 0 0 0 9 0 0 0 0 14 796 2 230 170 0 0 0 1735 
54 292 1278 0 4408 48 12219 3506 533 17132 0 0 123 0 593 6640 22 10571 429 54 0 0 1395 0 2051 0 616 536 156 108 0 9 3 543 971 57 0 2 0 0 0 1 1 0 0 0 0 2 1296 4 0 0 0 0 0 82 0 0 241 0 306 3 0 20 0 0 0 0 0 21 62 0 142 0 101 0 0 40 0 0 0 0 3072 
0 0 0 0 21 0 755 104 0 23 0 0 6 0 0 0 0 12 0 0 0 0 0 0 0 0 16 15 0 0 0 0 0 0 3 13 2 0 0 0 0 0 0 0 0 0 0 0 61 0 0 0 0 0 0 0 0 0 0 0 0 0 0 0 0 0 0 0 0 0 0 0 0 0 0 0 0 0 0 0 0 0 5819 
4 0 444 3 0 0 11 0 0 0 0 0 0 0 0 0 0 0 0 0 0 0 0 0 0 0 0 0 0 0 0 0 0 0 0 0 0 0 0 0 0 0 0 0 0 0 0 0 0 0 0 0 0 0 0 0 0 0 0 0 0 0 0 0 0 0 0 0 0 0 0 0 0 0 0 0 0 0 0 0 0 0 0 
0 0 0 0 0 0 0 0 0 0 0 0 0 0 133 0 0 148 2 0 0 0 0 0 80 19 0 0 1 0 0 0 0 0 251 0 0 0 0 0 0 46 3 0 1 0 0 325 0 0 0 0 0 0 0 61 0 0 16 0 1303 17 5 1 0 0 0 0 0 102 184 0 500 0 472 0 0 2498 0 0 10 0 0 
0 0 0 0 0 0 0 0 0 0 0 0 0 0 1 0 0 89 0 1 0 0 0 0 0 0 0 0 0 0 0 0 0 0 550 0 0 0 0 0 0 0 0 0 0 0 0 0 0 0 0 0 0 0 0 1 0 0 0 0 1 0 0 0 0 0 0 0 0 0 0 0 0 0 0 0 0 0 0 0 0 0 0 
105 0 288 0 0 0 0 0 0 0 0 184 0 0 0 0 0 0 0 0 0 0 0 0 1141 0 0 0 127 0 0 0 0 0 0 0 1 0 0 46 0 0 43 0 39 25 0 1536 0 0 0 0 136 0 0 0 0 0 3 0 442 0 0 0 0 0 0 0 114 0 159 0 939 0 2127 0 37 1264 0 0 0 0 0 
0 0 0 0 0 0 0 0 0 0 0 0 0 0 0 0 0 0 0 0 0 0 0 0 36 0 0 0 20 0 0 0 0 0 0 0 1 0 0 3 0 43 0 0 0 0 0 0 0 0 0 0 0 0 0 0 0 0 0 0 0 0 0 0 0 0 0 0 0 0 0 0 13 0 416 0 1 2082 0 0 0 0 0 
0 0 0 0 0 0 1 0 0 0 0 0 0 0 0 0 0 0 0 0 0 0 0 0 0 0 0 0 0 0 0 0 0 0 0 0 0 0 0 0 0 0 0 0 26 0 0 0 0 0 0 0 183 0 0 0 0 0 0 0 0 0 0 0 0 0 0 0 0 0 0 0 0 0 0 0 0 0 0 0 0 0 0 
0 0 0 0 0 0 0 0 0 0 0 0 0 0 0 0 0 0 0 0 0 0 0 0 1 0 0 0 0 0 0 0 0 0 1 1 0 0 0 1 0 39 0 26 0 0 0 386 1 0 0 0 0 0 0 0 0 0 0 0 0 0 0 0 0 0 0 0 33 0 0 0 0 0 6 4 3 2 0 0 0 0 12 
0 0 0 0 0 0 0 0 0 0 0 0 0 0 0 0 0 0 0 0 0 0 0 0 0 0 0 0 0 0 0 0 0 0 0 0 0 0 0 0 0 25 0 0 0 0 62 2 14 9 11 0 0 0 0 0 0 0 0 0 0 0 0 0 0 0 0 0 0 0 0 0 0 0 4051 1 2210 5906 266 0 0 0 10 
0 0 0 0 0 0 0 0 0 0 0 0 0 0 0 0 0 0 0 0 0 0 0 0 0 0 0 0 0 0 0 0 0 0 0 0 0 0 0 0 0 0 0 0 0 62 0 288 102 448 3421 0 0 0 0 0 418 44 106 59 0 0 0 0 0 0 0 0 0 0 269 14 70 0 67 0 0 0 0 0 0 0 0 
4 0 1536 1 0 0 11277 2459 0 0 0 1723 1058 0 0 0 0 0 0 0 0 0 0 0 627 0 0 0 77 0 0 0 0 0 0 0 2 0 0 325 0 1536 0 0 386 2 288 0 4186 5221 1122 0 2129 0 0 0 23 0 3 0 1177 0 0 0 0 0 0 0 605 11 331 0 298 0 1363 2 16566 9019 304 339 0 0 94 
0 0 0 0 34 113 6712 12236 125 4066 0 172 1808 4 0 582 0 0 31 0 0 0 0 0 0 0 0 0 5 52 0 0 0 525 763 211 1296 61 0 0 0 0 0 0 1 14 102 4186 0 1175 160 129 1888 2462 1683 0 0 0 0 0 0 0 0 0 0 0 0 0 0 0 0 0 0 0 3642 8212 6488 8456 1013 0 0 0 1913 
0 0 0 0 1 2 12 1 0 3 0 0 3 0 0 12 0 0 0 0 0 0 0 0 0 0 0 0 0 1 0 0 0 2 1 0 4 0 0 0 0 0 0 0 0 9 448 5221 1175 0 3821 0 0 0 0 0 22 0 47 0 0 0 0 0 0 0 0 0 0 0 0 0 0 0 2891 991 398 1534 105 0 0 0 398 
0 0 0 0 0 0 0 284 0 5843 0 0 0 41 0 0 0 0 0 0 0 0 0 0 0 0 0 0 0 0 0 0 0 0 0 5 0 0 0 0 0 0 0 0 0 11 3421 1122 160 3821 0 86 0 13 2391 0 675 2196 1147 2069 0 0 0 0 0 0 0 0 0 2 7566 1453 1842 0 3004 20889 3637 13491 66 0 0 0 3944 
0 0 0 0 0 0 0 0 0 52 0 0 0 45 0 17 0 0 0 0 0 0 0 0 0 0 0 0 0 0 0 0 0 0 0 3 0 0 0 0 0 0 0 0 0 0 0 0 129 0 86 0 0 2 1278 0 320 0 0 0 11 0 0 0 0 0 0 0 0 0 0 0 0 0 0 0 0 0 0 0 0 0 0 
15 0 54 14 0 0 0 0 0 0 0 0 0 0 0 0 0 0 0 0 0 0 0 0 0 0 0 0 0 0 0 0 0 0 0 0 0 0 0 0 0 136 0 183 0 0 0 2129 1888 0 0 0 0 0 0 0 0 0 0 0 0 0 0 0 0 0 0 0 0 0 0 0 0 0 0 0 0 0 0 0 0 0 0 
0 0 0 0 0 0 35 65 0 0 0 0 3 0 0 0 0 0 0 0 0 0 0 0 0 0 0 0 0 0 0 0 0 0 0 0 0 0 0 0 0 0 0 0 0 0 0 0 2462 0 13 2 0 0 0 0 0 0 0 0 0 0 0 0 0 0 0 0 0 0 0 0 0 0 0 0 0 0 0 0 0 0 0 
0 0 0 0 0 0 0 5 0 692 0 0 0 8 0 587 0 416 0 5 0 0 0 0 0 0 0 0 0 0 0 0 0 0 21 20 0 0 0 0 0 0 0 0 0 0 0 0 1683 0 2391 1278 0 0 0 70 222 0 0 0 4202 0 0 0 0 0 0 0 0 0 0 0 0 0 0 76 0 0 7 0 0 0 24 
0 0 0 0 0 0 0 0 0 0 0 0 0 5 0 0 0 168 0 3 0 0 0 0 249 0 0 0 0 0 0 0 0 0 88 1 82 0 0 61 1 0 0 0 0 0 0 0 0 0 0 0 0 0 70 0 0 0 94 0 6312 1103 37 0 126 2 366 0 0 0 0 0 3 0 11 15 0 7 0 0 513 0 2 
0 0 0 0 0 0 0 0 0 50 0 0 0 3 0 2 0 0 0 0 0 0 0 0 0 0 0 0 0 0 0 0 0 0 0 219 0 0 0 0 0 0 0 0 0 0 418 23 0 22 675 320 0 0 222 0 0 2357 1389 995 76 0 0 0 0 0 0 0 0 0 476 229 96 0 2496 3729 160 6920 401 0 0 0 1333 
0 0 0 0 0 0 0 0 0 0 0 0 0 0 0 0 0 0 0 0 0 0 0 0 0 0 0 0 0 0 0 0 0 0 0 0 0 0 0 0 0 0 0 0 0 0 44 0 0 0 2196 0 0 0 0 0 2357 0 369 3849 0 0 0 0 0 0 0 0 0 40 1573 3573 292 0 55 0 0 0 0 0 0 0 0 
0 0 0 0 0 0 0 0 0 53 0 0 0 3 72 2 0 8281 19 1534 140 4 298 0 875 0 0 0 219 0 0 0 0 167 1 68 241 0 0 16 0 3 0 0 0 0 106 3 0 47 1147 0 0 0 0 94 1389 369 0 4239 165 796 500 2297 0 0 0 0 0 829 4147 0 4007 916 2773 3392 0 10517 557 0 0 0 879 
0 0 0 0 0 0 0 0 0 0 0 0 0 0 0 0 0 0 0 0 0 0 0 0 0 0 0 0 0 0 0 0 0 0 0 0 0 0 0 0 0 0 0 0 0 0 59 0 0 0 2069 0 0 0 0 0 995 3849 4239 0 0 0 0 306 0 0 0 0 0 267 1736 23 1209 41 185 0 0 0 0 0 0 0 0 
0 0 0 0 0 0 0 0 0 37 0 0 0 47 140 904 0 3035 0 1031 43 0 40 0 1887 4 0 0 0 0 0 0 0 0 1089 126 306 0 0 1303 1 442 0 0 0 0 0 1177 0 0 0 11 0 0 4202 6312 76 0 165 0 0 380 14 0 127 0 436 0 0 228 1508 0 1536 0 581 2043 0 7357 1710 0 0 0 1416 
0 0 0 0 0 0 0 0 0 0 0 0 0 0 154 0 0 1798 0 108 330 15 274 25 0 70 0 0 0 0 0 0 0 7 0 0 3 0 0 17 0 0 0 0 0 0 0 0 0 0 0 0 0 0 0 1103 0 0 796 0 380 0 1387 28 315 0 0 0 0 1 12 0 0 0 0 0 0 0 0 0 0 0 0 
0 0 0 0 0 0 0 0 0 0 0 0 0 0 40 0 0 152 0 0 120 42 247 7 0 52 0 0 0 0 0 0 0 0 0 0 0 0 0 5 0 0 0 0 0 0 0 0 0 0 0 0 0 0 0 37 0 0 500 0 14 1387 0 442 143 35 18 0 0 424 266 0 96 0 0 0 0 0 0 0 0 0 0 
0 0 0 0 0 0 0 0 0 0 0 0 0 0 1 0 0 210 3 8 42 26 167 2 51 6 0 0 1 0 0 0 0 15 0 0 20 0 0 1 0 0 0 0 0 0 0 0 0 0 0 0 0 0 0 0 0 0 2297 306 0 28 442 0 330 1991 0 0 0 11807 3960 0 1440 0 0 0 0 0 0 0 0 0 0 
0 0 0 0 0 0 0 0 0 0 0 0 0 0 0 0 0 11 0 0 6 1 10 0 0 0 0 0 0 0 0 0 0 0 0 0 0 0 0 0 0 0 0 0 0 0 0 0 0 0 0 0 0 0 0 126 0 0 0 0 127 315 143 330 0 1257 97 0 0 276 530 0 0 0 0 0 0 0 0 0 0 0 0 
0 0 0 0 0 0 0 0 0 0 0 0 0 0 0 0 0 0 0 0 0 0 0 0 0 0 0 0 0 0 0 0 0 0 0 0 0 0 0 0 0 0 0 0 0 0 0 0 0 0 0 0 0 0 0 2 0 0 0 0 0 0 35 1991 1257 0 187 3 0 691 80 0 0 0 0 131 0 17 0 0 73 0 0 
0 0 0 0 0 0 0 0 0 0 0 0 0 0 0 0 0 0 0 0 0 0 0 0 0 0 0 0 0 0 0 0 0 0 0 0 0 0 0 0 0 0 0 0 0 0 0 0 0 0 0 0 0 0 0 366 0 0 0 0 436 0 18 0 97 187 0 115 0 0 0 0 0 0 0 0 0 0 0 0 446 15 0 
0 0 0 0 0 0 0 0 0 0 0 0 0 0 0 0 0 0 0 0 0 0 0 0 0 0 0 0 0 0 0 0 0 0 0 0 0 0 0 0 0 0 0 0 0 0 0 0 0 0 0 0 0 0 0 0 0 0 0 0 0 0 0 0 0 3 115 0 0 0 0 0 0 0 0 39 0 105 3 0 2 28 0 
0 0 0 0 0 0 0 0 0 0 0 0 0 0 0 0 0 0 0 0 0 0 0 0 0 0 0 0 0 0 0 0 0 0 0 0 0 0 0 0 0 114 0 0 33 0 0 605 0 0 0 0 0 0 0 0 0 0 0 0 0 0 0 0 0 0 0 0 0 0 0 0 5 0 1949 547 0 2068 543 0 0 119 0 
0 0 0 0 0 0 0 0 0 0 0 0 0 0 0 0 0 8 0 0 0 0 1 0 187 0 0 0 5 0 0 0 0 0 18 9 21 0 0 102 0 0 0 0 0 0 0 11 0 0 2 0 0 0 0 0 0 40 829 267 228 1 424 11807 276 691 0 0 0 0 337 0 52 1 11 1673 18 371 0 0 460 0 0 
0 0 0 0 0 0 0 0 0 0 0 0 0 0 1 0 0 19 1 0 0 0 3 0 870 0 0 0 38 0 0 0 0 1 0 0 62 0 0 184 0 159 0 0 0 0 269 331 0 0 7566 0 0 0 0 0 476 1573 4147 1736 1508 12 266 3960 530 80 0 0 0 337 0 203 418 0 1766 0 0 5 0 0 0 0 0 
0 0 0 0 0 0 0 0 0 0 0 0 0 0 0 0 0 0 0 0 0 0 0 0 0 0 0 0 0 0 0 0 0 0 0 0 0 0 0 0 0 0 0 0 0 0 14 0 0 0 1453 0 0 0 0 0 229 3573 0 23 0 0 0 0 0 0 0 0 0 0 203 0 324 0 81 0 0 0 0 0 0 0 0 
0 0 0 0 0 0 0 0 0 0 0 0 0 0 9 0 0 207 4 6 0 0 4 0 6077 0 0 0 1313 0 0 0 0 0 0 0 142 0 0 500 0 939 13 0 0 0 70 298 0 0 1842 0 0 0 0 3 96 292 4007 1209 1536 0 96 1440 0 0 0 0 5 52 418 324 0 100 341 0 0 2 0 0 0 0 0 
0 0 0 0 0 0 0 0 0 0 0 0 0 0 0 0 0 0 0 0 0 0 0 0 0 0 0 0 0 0 0 0 0 0 0 0 0 0 0 0 0 0 0 0 0 0 0 0 0 0 0 0 0 0 0 0 0 0 916 41 0 0 0 0 0 0 0 0 0 1 0 0 100 0 100 0 0 0 0 0 0 0 0 
0 0 0 0 0 0 0 0 0 0 0 0 0 0 0 0 0 0 0 0 0 0 0 0 1622 0 0 0 264 0 0 0 0 0 18 14 101 0 0 472 0 2127 416 0 6 4051 67 1363 3642 2891 3004 0 0 0 0 11 2496 55 2773 185 581 0 0 0 0 0 0 0 1949 11 1766 81 341 100 0 9 24 26 1 0 0 0 0 
0 0 0 0 0 0 0 0 0 0 0 0 0 0 0 560 0 0 0 0 0 0 0 0 0 0 0 0 0 0 0 0 0 0 549 796 0 0 0 0 0 0 0 0 4 1 0 2 8212 991 20889 0 0 0 76 15 3729 0 3392 0 2043 0 0 0 0 131 0 39 547 1673 0 0 0 0 9 0 126 782 14 0 161 49 169 
0 0 0 0 0 0 9 0 0 0 0 0 0 0 0 0 0 0 0 0 0 0 0 0 0 0 0 0 0 0 0 0 0 0 1 2 0 0 0 0 0 37 1 0 3 2210 0 16566 6488 398 3637 0 0 0 0 0 160 0 0 0 0 0 0 0 0 0 0 0 0 18 0 0 0 0 24 126 0 481 50 0 3 0 268 
1 0 0 0 0 0 3 0 0 0 0 0 0 0 0 0 0 0 0 0 0 0 0 0 1245 0 0 0 45 0 0 0 0 0 608 230 40 0 0 2498 0 1264 2082 0 2 5906 0 9019 8456 1534 13491 0 0 0 0 7 6920 0 10517 0 7357 0 0 0 0 17 0 105 2068 371 5 0 2 0 26 782 481 0 0 0 3 0 1855 
0 0 0 0 0 0 0 0 0 0 0 0 0 0 0 16 0 0 0 0 0 0 0 0 0 0 0 0 0 0 0 0 0 0 535 170 0 0 0 0 0 0 0 0 0 266 0 304 1013 105 66 0 0 0 7 0 401 0 557 0 1710 0 0 0 0 0 0 3 543 0 0 0 0 0 1 14 50 0 0 0 0 0 5768 
53 0 334 5 0 0 168 0 0 0 0 0 0 0 0 0 0 0 0 0 0 0 0 0 0 0 0 0 0 0 0 0 0 0 0 0 0 0 0 0 0 0 0 0 0 0 0 339 0 0 0 0 0 0 0 0 0 0 0 0 0 0 0 0 0 0 0 0 0 0 0 0 0 0 0 0 0 0 0 0 0 0 1 
0 0 0 0 0 0 0 0 0 0 0 0 0 0 0 0 0 0 0 0 0 0 0 0 0 0 0 0 0 0 0 0 0 0 3 0 0 0 0 10 0 0 0 0 0 0 0 0 0 0 0 0 0 0 0 513 0 0 0 0 0 0 0 0 0 73 446 2 0 460 0 0 0 0 0 161 3 3 0 0 0 1 1 
0 0 0 0 0 0 0 0 0 0 0 0 0 0 0 0 0 0 0 0 0 0 0 0 0 0 0 0 0 0 0 0 0 0 0 0 0 0 0 0 0 0 0 0 0 0 0 0 0 0 0 0 0 0 0 0 0 0 0 0 0 0 0 0 0 0 15 28 119 0 0 0 0 0 0 49 0 0 0 0 1 0 6 
412 0 0 0 48 0 1075 57 0 6432 0 0 0 0 4 905 1 1279 0 0 0 0 0 0 0 0 0 0 0 0 0 0 0 0 483 1735 3072 5819 0 0 0 0 0 0 12 10 0 94 1913 398 3944 0 0 0 24 2 1333 0 879 0 1416 0 0 0 0 0 0 0 0 0 0 0 0 0 0 169 268 1855 5768 1 1 6 0 
