0 2942 0 921 28 0 1690 0 0 0 0 999 0 0 0 0 0 0 0 0 1 0 0 0 17 0 0 62 53 14 0 801 0 1390 0 1132 2337 0 873 0 0 117 0 0 0 0 0 0 0 0 0 0 53 0 0 0 0 0 0 0 0 0 0 0 0 0 0 0 0 0 0 0 0 0 0 0 0 0 0 0 0 0 0 
2942 0 0 0 4 0 42 0 0 0 0 0 0 0 0 0 0 0 0 0 0 0 0 0 0 0 0 0 0 0 0 0 0 739 0 1 4143 0 0 0 0 0 0 0 0 0 0 0 0 0 0 0 0 0 0 0 0 0 0 0 0 0 0 0 0 0 0 0 0 0 0 0 0 0 0 0 0 0 0 0 0 0 0 
0 0 0 238 0 0 0 0 0 0 0 282 0 0 0 0 0 0 0 0 0 0 0 0 0 0 0 0 0 0 0 0 0 0 0 122 6 0 3 0 0 12 0 0 0 0 0 0 0 0 0 0 1 0 0 0 0 0 0 0 0 0 0 0 0 0 0 0 0 0 0 0 0 0 0 0 0 0 0 0 0 0 0 
921 0 238 0 0 0 67 140 0 0 0 58 0 0 0 0 0 0 0 0 0 0 0 0 0 0 0 67 2 1 0 242 0 316 0 83 78 0 227 0 0 28 0 0 0 0 0 0 0 0 0 0 17 0 0 0 0 0 0 0 0 0 0 0 0 0 0 0 0 0 0 0 0 0 0 0 0 0 0 0 0 0 130 
28 4 0 0 0 0 696 1079 61 146 0 0 0 0 0 0 0 0 0 0 0 0 0 0 0 0 0 0 0 0 0 0 0 1752 176 246 4692 20 0 0 0 0 0 0 0 47 10 33 274 0 0 0 0 0 0 0 0 0 0 0 0 0 0 0 0 0 0 0 0 0 0 0 0 0 0 0 2 22 0 0 0 0 1 
0 0 0 0 0 0 0 3790 556 5306 0 0 0 0 0 0 29 0 297 0 0 0 0 0 0 0 0 0 3785 1122 15 0 0 805 0 0 262 0 0 0 0 1 0 0 0 114 216 36 114 0 0 0 0 0 0 0 0 0 0 0 0 0 0 0 0 0 0 0 0 0 0 0 0 0 0 17 32 74 1 0 0 0 1 
1690 42 0 67 696 0 0 3861 2329 400 0 3285 2985 0 0 0 0 0 0 0 0 0 0 0 0 0 0 0 0 0 0 0 0 173 200 15642 9991 147 90 0 0 275 0 0 0 0 115 352 1774 0 0 0 30 2 0 0 0 0 0 0 0 0 0 0 0 0 0 0 0 0 0 0 0 0 0 39 36 47 0 0 0 0 0 
0 0 0 140 1079 3790 3861 0 522 1006 319 359 9188 892 0 0 0 0 0 0 0 0 0 0 0 0 0 0 0 0 0 0 0 794 3472 1867 6797 89 0 0 0 0 0 0 0 56 433 466 28669 0 0 20 0 50 682 0 0 0 0 0 0 0 0 0 0 0 0 0 0 0 0 0 0 0 0 6 1 16 0 0 0 0 1160 
0 0 0 0 61 556 2329 522 0 283 0 0 0 0 0 0 8 0 9 0 0 0 0 0 0 0 0 0 3 0 0 0 0 0 0 0 0 0 0 0 0 0 0 0 0 0 0 0 0 0 0 0 0 0 0 0 0 0 0 0 0 0 0 0 0 0 0 0 0 0 0 0 0 0 0 0 0 0 0 0 0 0 0 
0 0 0 0 146 5306 400 1006 283 0 99 0 87 135 0 381 3978 0 552 0 0 0 0 0 0 0 0 0 2901 2470 200 0 0 2598 20372 1058 18550 2897 0 31 0 0 0 0 0 0 0 0 4349 0 2484 3262 0 0 71 0 42 0 179 0 0 0 0 0 0 0 0 0 0 0 0 0 0 0 0 0 0 0 0 0 0 0 4487 
0 0 0 0 0 0 0 319 0 99 0 0 21 569 0 239 0 0 0 2 0 0 0 0 0 0 0 0 0 0 0 0 0 0 0 0 0 0 0 0 0 0 0 0 0 0 0 0 578 0 828 1322 0 0 217 0 41 0 30 0 0 0 0 0 0 0 0 0 0 0 0 0 0 0 0 0 0 0 0 0 0 0 0 
999 0 282 58 0 0 3285 359 0 0 0 0 279 1 0 0 0 0 0 0 0 0 0 0 0 0 0 0 0 0 0 0 0 0 0 0 11 0 0 0 0 4 0 0 0 0 5 110 4 0 0 0 0 0 0 0 0 0 0 0 0 0 0 0 0 0 0 0 0 0 0 0 0 0 0 4 4 1 0 0 0 0 0 
0 0 0 0 0 0 2985 9188 0 87 21 279 0 743 0 0 0 0 0 0 0 0 0 0 0 0 0 0 0 0 0 0 0 0 0 0 0 0 0 0 0 0 0 0 0 0 1 35 2536 0 0 0 26 3 21 0 0 0 0 0 0 0 0 0 0 0 0 0 0 0 0 0 0 0 0 1 0 1 0 0 0 0 0 
0 0 0 0 0 0 0 892 0 135 569 1 743 0 73 0 0 0 0 2523 0 0 0 0 0 0 0 0 0 0 0 0 0 0 0 0 0 0 0 0 0 0 0 0 0 0 0 0 456 0 52 154 0 0 220 0 1 0 0 0 38 0 0 0 0 0 0 0 0 0 0 0 0 0 0 0 0 0 0 0 0 0 0 
0 0 0 0 0 0 0 0 0 0 0 0 0 73 0 0 0 1080 0 8309 322 3 3 2 0 0 0 0 0 0 0 0 0 0 0 0 0 0 0 0 0 0 0 0 0 0 0 0 0 0 0 23 0 0 7 234 0 0 275 0 948 67 0 0 0 0 0 0 0 0 0 0 0 0 0 0 0 0 0 0 0 0 0 
0 0 0 0 0 0 0 0 0 381 239 0 0 0 0 0 6536 1 2691 59 0 0 0 0 0 0 0 0 2785 1350 118 199 310 2900 1690 34 4050 358 0 2 0 0 0 0 0 0 0 0 4 0 1428 1061 0 0 3 0 77 0 631 0 0 0 0 0 0 0 0 0 0 0 0 0 0 0 0 0 0 0 0 0 0 0 1746 
0 0 0 0 0 29 0 0 8 3978 0 0 0 0 0 6536 0 111 798 0 0 0 0 0 0 0 0 0 608 2986 860 715 193 72 0 0 66 8 0 0 15 0 0 0 0 0 0 0 0 0 0 0 0 0 0 0 0 0 0 0 0 0 0 0 0 0 0 0 0 0 0 0 0 0 0 0 0 0 0 0 0 0 0 
0 0 0 0 0 0 0 0 0 0 0 0 0 0 1080 1 111 0 9264 943 106 854 1773 0 2057 0 0 0 410 91 105 158 143 88 3236 7 768 88 0 3131 1382 0 0 0 0 0 0 0 0 0 529 641 0 0 0 149 160 0 9930 2 2676 117 0 69 0 0 0 0 0 661 22 0 0 0 0 5 0 15 0 0 2 0 1232 
0 0 0 0 0 297 0 0 9 552 0 0 0 0 0 2691 798 9264 0 0 0 0 1654 0 855 0 0 0 2088 1217 342 576 0 315 0 0 825 26 0 1324 156 0 0 0 0 0 0 0 0 0 0 0 0 0 0 0 0 0 0 0 0 0 0 0 0 0 0 0 0 0 0 0 0 0 0 0 0 0 0 0 0 0 0 
0 0 0 0 0 0 0 0 0 0 2 0 0 2523 8309 59 0 943 0 0 38 15 695 1 1529 0 0 0 83 0 0 0 0 3 284 0 104 0 0 2045 121 0 0 0 0 0 0 0 0 0 93 3379 0 0 213 459 105 0 19016 5 14552 3033 0 1424 5 1 0 0 0 121 5 0 0 0 0 114 0 172 0 0 0 0 0 
1 0 0 0 0 0 0 0 0 0 0 0 0 0 322 0 0 106 0 38 0 4029 1057 882 2160 0 0 0 1067 0 0 12 0 1 8 0 1 0 0 427 0 0 0 0 0 0 0 0 0 0 0 0 0 0 0 0 0 0 264 0 26 463 0 998 202 0 0 0 0 8 0 0 0 0 0 0 0 6 0 0 0 0 0 
0 0 0 0 0 0 0 0 0 0 0 0 0 0 3 0 0 854 0 15 4029 0 558 1027 1480 0 0 0 1171 0 0 0 0 0 16 0 66 0 0 165 0 0 0 0 0 0 0 0 0 0 0 0 0 0 0 0 0 0 5 0 0 8 0 18 0 0 0 0 0 0 0 0 0 0 0 0 0 0 0 0 0 0 0 
0 0 0 0 0 0 0 0 0 0 0 0 0 0 3 0 0 1773 1654 695 1057 558 0 365 5290 0 0 0 3630 121 0 31 0 4 0 0 214 0 0 152 1 0 0 0 0 0 0 0 0 0 0 0 0 0 0 0 0 0 3 0 0 18 0 90 0 0 0 0 0 0 0 0 0 0 0 0 0 2 0 0 0 0 0 
0 0 0 0 0 0 0 0 0 0 0 0 0 0 2 0 0 0 0 1 882 1027 365 0 1825 0 0 0 361 0 0 0 0 0 5 0 8 0 0 62 0 0 0 0 0 0 0 0 0 0 0 0 0 0 0 0 0 0 0 0 0 0 0 0 0 0 0 0 0 0 0 0 0 0 0 0 0 0 0 0 0 0 0 
17 0 0 0 0 0 0 0 0 0 0 0 0 0 0 0 0 2057 855 1529 2160 1480 5290 1825 0 125 0 0 1046 6 0 99 0 277 0 0 106 0 0 274 0 0 0 0 0 0 0 0 0 0 0 0 0 0 0 0 0 0 19 0 17 4 0 10 0 0 0 0 0 307 5 0 0 0 0 0 0 35 0 0 0 0 0 
0 0 0 0 0 0 0 0 0 0 0 0 0 0 0 0 0 0 0 0 0 0 0 0 125 0 0 0 6 0 0 0 0 0 0 0 0 0 0 114 0 0 0 0 0 0 0 0 0 0 0 0 0 0 0 0 0 0 0 0 0 0 0 0 0 0 0 0 0 0 0 0 0 0 0 0 0 0 0 0 0 0 0 
0 0 0 0 0 0 0 0 0 0 0 0 0 0 0 0 0 0 0 0 0 0 0 0 0 0 0 0 0 0 0 0 0 0 0 0 0 0 0 30 0 0 0 0 0 0 0 0 0 0 0 0 0 0 0 0 0 0 0 0 0 0 0 0 0 0 0 0 0 0 0 0 0 0 0 0 0 0 0 0 0 0 0 
62 0 0 67 0 0 0 0 0 0 0 0 0 0 0 0 0 0 0 0 0 0 0 0 0 0 0 0 0 0 0 0 0 803 0 0 0 0 0 0 2 0 0 0 0 0 0 0 0 0 0 0 0 0 0 0 0 0 0 0 0 0 0 0 0 0 0 0 0 0 0 0 0 0 0 0 0 0 0 0 0 0 0 
53 0 0 2 0 3785 0 0 3 2901 0 0 0 0 0 2785 608 410 2088 83 1067 1171 3630 361 1046 6 0 0 0 598 0 282 3 3194 1 0 2630 31 155 230 108 0 0 0 0 0 0 0 0 0 0 0 0 0 0 0 0 0 4 0 0 3 0 26 0 0 0 0 0 81 2 0 0 0 0 0 0 6 0 0 0 0 2 
14 0 0 1 0 1122 0 0 0 2470 0 0 0 0 0 1350 2986 91 1217 0 0 0 121 0 6 0 0 0 598 0 377 80 3 298 0 0 3 0 0 0 0 0 0 0 0 0 0 0 0 0 0 0 0 0 0 0 0 0 0 0 0 0 0 0 0 0 0 0 0 0 0 0 0 0 0 0 0 0 0 0 0 0 1 
0 0 0 0 0 15 0 0 0 200 0 0 0 0 0 118 860 105 342 0 0 0 0 0 0 0 0 0 0 377 0 995 0 0 0 0 0 0 0 0 0 0 0 0 0 0 0 0 0 0 0 0 0 0 0 0 0 0 0 0 0 0 0 0 0 0 0 0 0 0 0 0 0 0 0 0 0 0 0 0 0 0 0 
801 0 0 242 0 0 0 0 0 0 0 0 0 0 0 199 715 158 576 0 12 0 31 0 99 0 0 0 282 80 995 0 937 4992 0 0 28 0 0 0 0 0 0 0 0 0 0 0 0 0 0 0 0 0 0 0 0 0 0 0 0 0 0 1 0 0 0 0 0 0 0 0 0 0 0 0 0 0 0 0 0 0 0 
0 0 0 0 0 0 0 0 0 0 0 0 0 0 0 310 193 143 0 0 0 0 0 0 0 0 0 0 3 3 0 937 0 88 0 0 0 0 0 0 0 0 0 0 0 0 0 0 0 0 0 0 0 0 0 0 0 0 0 0 0 0 0 0 0 0 0 0 0 0 0 0 0 0 0 0 0 0 0 0 0 0 0 
1390 739 0 316 1752 805 173 794 0 2598 0 0 0 0 0 2900 72 88 315 3 1 0 4 0 277 0 0 803 3194 298 0 4992 88 0 0 0 42 0 0 0 0 0 0 0 0 42 118 18 34 0 0 0 0 0 0 0 0 0 0 0 0 0 0 0 0 0 0 0 0 0 0 0 0 0 0 24 59 58 0 0 0 0 1 
0 0 0 0 176 0 200 3472 0 20372 0 0 0 0 0 1690 0 3236 0 284 8 16 0 5 0 0 0 0 1 0 0 0 0 0 0 1610 571 11 3 837 79 0 0 0 0 264 69 90 39 0 0 0 0 0 0 0 0 0 0 0 0 0 0 0 0 0 0 0 0 0 0 0 0 0 1 16 21 17 0 0 0 0 0 
1132 1 122 83 246 0 15642 1867 0 1058 0 0 0 0 0 34 0 7 0 0 0 0 0 0 0 0 0 0 0 0 0 0 0 0 1610 0 86 113 4 147 0 0 0 0 0 5 14 37 22 0 0 0 0 0 0 0 0 0 0 0 0 0 0 0 0 0 0 0 0 0 0 0 0 0 0 6 6 22 0 0 0 0 19 
2337 4143 6 78 4692 262 9991 6797 0 18550 0 11 0 0 0 4050 66 768 825 104 1 66 214 8 106 0 0 0 2630 3 0 28 0 42 571 86 0 3 47 12 1 2 0 0 0 380 428 154 354 0 0 0 0 0 0 0 0 0 11 1 4 3 0 15 0 1 0 0 0 26 0 0 0 0 1 185 133 176 0 0 0 0 981 
0 0 0 0 20 0 147 89 0 2897 0 0 0 0 0 358 8 88 26 0 0 0 0 0 0 0 0 0 31 0 0 0 0 0 11 113 3 0 0 0 0 0 0 0 0 0 0 21 19 0 0 0 0 0 0 0 0 0 0 0 0 0 0 0 0 0 0 0 0 0 0 0 0 0 0 0 0 0 0 0 0 0 7913 
873 0 3 227 0 0 90 0 0 0 0 0 0 0 0 0 0 0 0 0 0 0 0 0 0 0 0 0 155 0 0 0 0 0 3 4 47 0 0 0 0 0 0 0 0 0 0 0 0 0 0 0 0 0 0 0 0 0 0 0 0 0 0 0 0 0 0 0 0 0 0 0 0 0 0 0 0 0 0 0 0 0 913 
0 0 0 0 0 0 0 0 0 31 0 0 0 0 0 2 0 3131 1324 2045 427 165 152 62 274 114 30 0 230 0 0 0 0 0 837 147 12 0 0 0 39 0 0 0 0 0 0 0 0 0 0 0 0 0 0 0 0 0 245 1 1350 11 0 5 0 0 0 0 0 2244 38 0 0 0 0 0 0 34 0 0 0 0 0 
0 0 0 0 0 0 0 0 0 0 0 0 0 0 0 0 15 1382 156 121 0 0 1 0 0 0 0 2 108 0 0 0 0 0 79 0 1 0 0 39 0 0 0 0 0 0 0 0 0 0 0 0 0 0 0 0 0 0 2 0 4 0 0 0 0 0 0 0 0 0 0 0 0 0 0 0 0 0 0 0 0 0 0 
117 0 12 28 0 1 275 0 0 0 0 4 0 0 0 0 0 0 0 0 0 0 0 0 0 0 0 0 0 0 0 0 0 0 0 0 2 0 0 0 0 0 1002 0 1040 1753 0 114 0 0 0 0 1475 0 0 0 0 0 33 10 2 30 0 22 0 4 0 0 0 0 40 0 33 0 611 0 915 3613 0 1107 0 0 0 
0 0 0 0 0 0 0 0 0 0 0 0 0 0 0 0 0 0 0 0 0 0 0 0 0 0 0 0 0 0 0 0 0 0 0 0 0 0 0 0 0 1002 0 0 0 4 0 3 0 0 0 0 0 0 0 0 0 0 0 0 0 0 0 0 0 0 0 0 0 0 0 0 3 0 203 0 273 2315 0 0 0 0 0 
0 0 0 0 0 0 0 0 0 0 0 0 0 0 0 0 0 0 0 0 0 0 0 0 0 0 0 0 0 0 0 0 0 0 0 0 0 0 0 0 0 0 0 0 109 0 0 0 0 0 0 0 177 0 0 0 0 0 0 0 0 0 0 0 0 0 0 0 0 0 0 0 0 0 0 0 0 0 0 0 0 0 0 
0 0 0 0 0 0 0 0 0 0 0 0 0 0 0 0 0 0 0 0 0 0 0 0 0 0 0 0 0 0 0 0 0 0 0 0 0 0 0 0 0 1040 0 109 0 0 0 10 0 0 0 0 30 0 0 0 0 0 0 0 0 0 0 0 0 1 0 0 0 2 0 0 0 0 0 0 0 38 1 0 0 3 6 
0 0 0 0 47 114 0 56 0 0 0 0 0 0 0 0 0 0 0 0 0 0 0 0 0 0 0 0 0 0 0 0 0 42 264 5 380 0 0 0 0 1753 4 0 0 0 198 634 2612 31 0 0 0 0 0 0 0 0 0 0 0 0 0 0 0 0 0 0 0 0 0 0 0 0 850 82 475 6523 3 0 0 0 415 
0 0 0 0 10 216 115 433 0 0 0 5 1 0 0 0 0 0 0 0 0 0 0 0 0 0 0 0 0 0 0 0 0 118 69 14 428 0 0 0 0 0 0 0 0 198 0 302 12546 3695 1474 0 0 0 0 0 4 0 0 0 0 0 0 0 0 0 0 0 0 0 0 0 0 0 590 0 0 3101 0 0 0 0 0 
0 0 0 0 33 36 352 466 0 0 0 110 35 0 0 0 0 0 0 0 0 0 0 0 0 0 0 0 0 0 0 0 0 18 90 37 154 21 0 0 0 114 3 0 10 634 302 0 1940 56 0 0 292 0 0 0 0 0 0 0 0 0 0 0 0 0 0 0 0 0 0 0 0 0 78 369 16438 6233 39 3 0 0 523 
0 0 0 0 274 114 1774 28669 0 4349 578 4 2536 456 0 4 0 0 0 0 0 0 0 0 0 0 0 0 0 0 0 0 0 34 39 22 354 19 0 0 0 0 0 0 0 2612 12546 1940 0 111 197 495 3656 2138 2682 0 0 0 0 0 327 0 0 0 0 0 0 0 0 0 0 0 0 0 3 9184 5417 11274 56 0 0 0 1345 
0 0 0 0 0 0 0 0 0 0 0 0 0 0 0 0 0 0 0 0 0 0 0 0 0 0 0 0 0 0 0 0 0 0 0 0 0 0 0 0 0 0 0 0 0 31 3695 56 111 0 1541 0 0 0 0 0 0 0 0 0 0 0 0 0 0 0 0 0 0 0 0 0 0 0 1 144 24 2765 0 0 0 0 40 
0 0 0 0 0 0 0 0 0 2484 828 0 0 52 0 1428 0 529 0 93 0 0 0 0 0 0 0 0 0 0 0 0 0 0 0 0 0 0 0 0 0 0 0 0 0 0 1474 0 197 1541 0 3 0 0 21 0 1804 8225 1020 0 0 0 0 0 0 0 0 0 0 5192 1389 424 100 1 826 14789 1284 13478 33 0 5 0 279 
0 0 0 0 0 0 0 20 0 3262 1322 0 0 154 23 1061 0 641 0 3379 0 0 0 0 0 0 0 0 0 0 0 0 0 0 0 0 0 0 0 0 0 0 0 0 0 0 0 0 495 0 3 0 0 79 480 0 129 0 0 0 1 0 0 0 0 0 0 0 0 0 0 0 0 0 0 1306 791 0 0 0 0 0 0 
53 0 1 17 0 0 30 0 0 0 0 0 26 0 0 0 0 0 0 0 0 0 0 0 0 0 0 0 0 0 0 0 0 0 0 0 0 0 0 0 0 1475 0 177 30 0 0 292 3656 0 0 0 0 118 0 0 0 0 0 0 0 0 0 0 0 0 0 0 0 0 0 0 0 0 1 0 0 0 0 0 0 0 0 
0 0 0 0 0 0 2 50 0 0 0 0 3 0 0 0 0 0 0 0 0 0 0 0 0 0 0 0 0 0 0 0 0 0 0 0 0 0 0 0 0 0 0 0 0 0 0 0 2138 0 0 79 118 0 420 1 0 0 0 0 33 0 0 0 0 0 0 0 0 0 0 0 0 0 0 0 0 0 0 0 0 0 0 
0 0 0 0 0 0 0 682 0 71 217 0 21 220 7 3 0 0 0 213 0 0 0 0 0 0 0 0 0 0 0 0 0 0 0 0 0 0 0 0 0 0 0 0 0 0 0 0 2682 0 21 480 0 420 0 1788 0 0 20 0 2401 0 0 0 0 0 0 0 0 0 0 0 0 0 0 0 0 0 0 0 0 0 0 
0 0 0 0 0 0 0 0 0 0 0 0 0 0 234 0 0 149 0 459 0 0 0 0 0 0 0 0 0 0 0 0 0 0 0 0 0 0 0 0 0 0 0 0 0 0 0 0 0 0 0 0 0 1 1788 0 0 0 2077 0 6781 317 82 9 69 0 2 0 0 0 0 0 0 0 0 0 0 0 0 0 0 0 0 
0 0 0 0 0 0 0 0 0 42 41 0 0 1 0 77 0 160 0 105 0 0 0 0 0 0 0 0 0 0 0 0 0 0 0 0 0 0 0 0 0 0 0 0 0 0 4 0 0 0 1804 129 0 0 0 0 0 4851 17 9 0 0 0 0 0 0 0 0 0 728 575 330 106 0 616 1618 24 4872 122 0 28 0 1319 
0 0 0 0 0 0 0 0 0 0 0 0 0 0 0 0 0 0 0 0 0 0 0 0 0 0 0 0 0 0 0 0 0 0 0 0 0 0 0 0 0 0 0 0 0 0 0 0 0 0 8225 0 0 0 0 0 4851 0 2577 3175 0 0 0 0 0 0 0 0 0 498 7060 1472 222 0 89 11 0 5 1 0 0 0 0 
0 0 0 0 0 0 0 0 0 179 30 0 0 0 275 631 0 9930 0 19016 264 5 3 0 19 0 0 0 4 0 0 0 0 0 0 0 11 0 0 245 2 33 0 0 0 0 0 0 0 0 1020 0 0 0 20 2077 17 2577 0 10136 177 383 346 4184 3 1315 0 0 0 16069 6250 0 1630 52 717 7676 231 3375 377 0 598 213 616 
0 0 0 0 0 0 0 0 0 0 0 0 0 0 0 0 0 2 0 5 0 0 0 0 0 0 0 0 0 0 0 0 0 0 0 0 1 0 0 1 0 10 0 0 0 0 0 0 0 0 0 0 0 0 0 0 9 3175 10136 0 7 8 0 1431 0 0 0 0 0 855 489 204 1 0 24 136 0 97 0 0 101 0 0 
0 0 0 0 0 0 0 0 0 0 0 0 0 38 948 0 0 2676 0 14552 26 0 0 0 17 0 0 0 0 0 0 0 0 0 0 0 4 0 0 1350 4 2 0 0 0 0 0 0 327 0 0 1 0 33 2401 6781 0 0 177 7 0 386 0 1533 76 0 0 0 0 932 12 0 0 0 25 3 0 31 0 0 207 0 0 
0 0 0 0 0 0 0 0 0 0 0 0 0 0 67 0 0 117 0 3033 463 8 18 0 4 0 0 0 3 0 0 0 0 0 0 0 3 0 0 11 0 30 0 0 0 0 0 0 0 0 0 0 0 0 0 317 0 0 383 8 386 0 883 3398 2049 1585 4 0 0 3660 908 0 0 0 300 2 0 53 0 0 124 0 0 
0 0 0 0 0 0 0 0 0 0 0 0 0 0 0 0 0 0 0 0 0 0 0 0 0 0 0 0 0 0 0 0 0 0 0 0 0 0 0 0 0 0 0 0 0 0 0 0 0 0 0 0 0 0 0 82 0 0 346 0 0 883 0 347 1895 1592 2 0 0 348 0 0 0 0 0 18 0 0 0 0 267 0 0 
0 0 0 0 0 0 0 0 0 0 0 0 0 0 0 0 0 69 0 1424 998 18 90 0 10 0 0 0 26 0 0 1 0 0 0 0 15 0 0 5 0 22 0 0 0 0 0 0 0 0 0 0 0 0 0 9 0 0 4184 1431 1533 3398 347 0 973 7320 0 0 8 7071 1320 0 39 0 603 156 0 767 0 0 99 0 0 
0 0 0 0 0 0 0 0 0 0 0 0 0 0 0 0 0 0 0 5 202 0 0 0 0 0 0 0 0 0 0 0 0 0 0 0 0 0 0 0 0 0 0 0 0 0 0 0 0 0 0 0 0 0 0 69 0 0 3 0 76 2049 1895 973 0 308 0 0 0 230 0 0 0 0 0 100 0 0 0 0 104 0 0 
0 0 0 0 0 0 0 0 0 0 0 0 0 0 0 0 0 0 0 1 0 0 0 0 0 0 0 0 0 0 0 0 0 0 0 0 1 0 0 0 0 4 0 0 1 0 0 0 0 0 0 0 0 0 0 0 0 0 1315 0 0 1585 1592 7320 308 0 22 0 0 494 588 0 0 0 10 0 0 24 0 0 15 20 0 
0 0 0 0 0 0 0 0 0 0 0 0 0 0 0 0 0 0 0 0 0 0 0 0 0 0 0 0 0 0 0 0 0 0 0 0 0 0 0 0 0 0 0 0 0 0 0 0 0 0 0 0 0 0 0 2 0 0 0 0 0 4 2 0 0 22 0 16 0 0 0 0 0 0 0 13 0 0 0 0 103 0 0 
0 0 0 0 0 0 0 0 0 0 0 0 0 0 0 0 0 0 0 0 0 0 0 0 0 0 0 0 0 0 0 0 0 0 0 0 0 0 0 0 0 0 0 0 0 0 0 0 0 0 0 0 0 0 0 0 0 0 0 0 0 0 0 0 0 0 16 0 0 9 0 0 0 0 0 0 0 0 0 0 47 0 0 
0 0 0 0 0 0 0 0 0 0 0 0 0 0 0 0 0 0 0 0 0 0 0 0 0 0 0 0 0 0 0 0 0 0 0 0 0 0 0 0 0 0 0 0 0 0 0 0 0 0 0 0 0 0 0 0 0 0 0 0 0 0 0 8 0 0 0 0 0 29 0 0 0 0 1256 0 0 0 0 0 0 123 0 
0 0 0 0 0 0 0 0 0 0 0 0 0 0 0 0 0 661 0 121 8 0 0 0 307 0 0 0 81 0 0 0 0 0 0 0 26 0 0 2244 0 0 0 0 2 0 0 0 0 0 5192 0 0 0 0 0 728 498 16069 855 932 3660 348 7071 230 494 0 9 29 0 1171 140 218 0 32 92 0 694 3 0 0 15 0 
0 0 0 0 0 0 0 0 0 0 0 0 0 0 0 0 0 22 0 5 0 0 0 0 5 0 0 0 2 0 0 0 0 0 0 0 0 0 0 38 0 40 0 0 0 0 0 0 0 0 1389 0 0 0 0 0 575 7060 6250 489 12 908 0 1320 0 588 0 0 0 1171 0 947 2820 0 406 9 0 0 0 0 0 0 0 
0 0 0 0 0 0 0 0 0 0 0 0 0 0 0 0 0 0 0 0 0 0 0 0 0 0 0 0 0 0 0 0 0 0 0 0 0 0 0 0 0 0 0 0 0 0 0 0 0 0 424 0 0 0 0 0 330 1472 0 204 0 0 0 0 0 0 0 0 0 140 947 0 1716 0 0 0 0 0 0 0 0 0 0 
0 0 0 0 0 0 0 0 0 0 0 0 0 0 0 0 0 0 0 0 0 0 0 0 0 0 0 0 0 0 0 0 0 0 0 0 0 0 0 0 0 33 3 0 0 0 0 0 0 0 100 0 0 0 0 0 106 222 1630 1 0 0 0 39 0 0 0 0 0 218 2820 1716 0 624 1263 2 0 0 0 0 0 0 0 
0 0 0 0 0 0 0 0 0 0 0 0 0 0 0 0 0 0 0 0 0 0 0 0 0 0 0 0 0 0 0 0 0 0 0 0 0 0 0 0 0 0 0 0 0 0 0 0 0 0 1 0 0 0 0 0 0 0 52 0 0 0 0 0 0 0 0 0 0 0 0 0 624 0 37 0 0 0 0 0 0 0 0 
0 0 0 0 0 0 0 0 0 0 0 0 0 0 0 0 0 0 0 0 0 0 0 0 0 0 0 0 0 0 0 0 0 0 1 0 1 0 0 0 0 611 203 0 0 850 590 78 3 1 826 0 1 0 0 0 616 89 717 24 25 300 0 603 0 10 0 0 1256 32 406 0 1263 37 0 0 0 640 0 2 0 0 1 
0 0 0 0 0 17 39 6 0 0 0 4 1 0 0 0 0 5 0 114 0 0 0 0 0 0 0 0 0 0 0 0 0 24 16 6 185 0 0 0 0 0 0 0 0 82 0 369 9184 144 14789 1306 0 0 0 0 1618 11 7676 136 3 2 18 156 100 0 13 0 0 92 9 0 2 0 0 0 1455 374 56 0 101 195 583 
0 0 0 0 2 32 36 1 0 0 0 4 0 0 0 0 0 0 0 0 0 0 0 0 0 0 0 0 0 0 0 0 0 59 21 6 133 0 0 0 0 915 273 0 0 475 0 16438 5417 24 1284 791 0 0 0 0 24 0 231 0 0 0 0 0 0 0 0 0 0 0 0 0 0 0 0 1455 0 368 1 0 0 0 269 
0 0 0 0 22 74 47 16 0 0 0 1 1 0 0 0 0 15 0 172 6 0 2 0 35 0 0 0 6 0 0 0 0 58 17 22 176 0 0 34 0 3613 2315 0 38 6523 3101 6233 11274 2765 13478 0 0 0 0 0 4872 5 3375 97 31 53 0 767 0 24 0 0 0 694 0 0 0 0 640 374 368 0 4 17 16 0 3642 
0 0 0 0 0 1 0 0 0 0 0 0 0 0 0 0 0 0 0 0 0 0 0 0 0 0 0 0 0 0 0 0 0 0 0 0 0 0 0 0 0 0 0 0 1 3 0 39 56 0 33 0 0 0 0 0 122 1 377 0 0 0 0 0 0 0 0 0 0 3 0 0 0 0 0 56 1 4 0 0 0 0 11840 
0 0 0 0 0 0 0 0 0 0 0 0 0 0 0 0 0 0 0 0 0 0 0 0 0 0 0 0 0 0 0 0 0 0 0 0 0 0 0 0 0 1107 0 0 0 0 0 3 0 0 0 0 0 0 0 0 0 0 0 0 0 0 0 0 0 0 0 0 0 0 0 0 0 0 2 0 0 17 0 0 0 0 0 
0 0 0 0 0 0 0 0 0 0 0 0 0 0 0 0 0 2 0 0 0 0 0 0 0 0 0 0 0 0 0 0 0 0 0 0 0 0 0 0 0 0 0 0 0 0 0 0 0 0 5 0 0 0 0 0 28 0 598 101 207 124 267 99 104 15 103 47 0 0 0 0 0 0 0 101 0 16 0 0 0 0 0 
0 0 0 0 0 0 0 0 0 0 0 0 0 0 0 0 0 0 0 0 0 0 0 0 0 0 0 0 0 0 0 0 0 0 0 0 0 0 0 0 0 0 0 0 3 0 0 0 0 0 0 0 0 0 0 0 0 0 213 0 0 0 0 0 0 20 0 0 123 15 0 0 0 0 0 195 0 0 0 0 0 0 0 
0 0 0 130 1 1 0 1160 0 4487 0 0 0 0 0 1746 0 1232 0 0 0 0 0 0 0 0 0 0 2 1 0 0 0 1 0 19 981 7913 913 0 0 0 0 0 6 415 0 523 1345 40 279 0 0 0 0 0 1319 0 616 0 0 0 0 0 0 0 0 0 0 0 0 0 0 0 1 583 269 3642 11840 0 0 0 0 
