0 528 0 987 94 0 10 0 0 38 0 933 0 0 0 4 0 0 358 0 0 0 0 0 24 0 1 6 17 1 0 5 0 1393 0 2367 7402 5 170 0 0 3773 0 16 302 0 0 11 0 0 0 0 22 0 0 0 0 0 0 0 0 0 0 0 0 0 0 0 0 0 0 0 0 0 0 0 0 0 0 0 0 0 0 
528 0 0 0 286 0 274 0 0 481 0 0 0 0 0 35 0 6 1460 0 0 0 0 0 0 0 0 0 0 0 0 0 0 773 0 4 10284 0 0 0 0 0 0 0 0 0 0 0 0 0 0 0 0 0 0 0 0 0 0 0 0 0 0 0 0 0 0 0 0 0 0 0 0 0 0 0 0 0 0 0 0 0 0 
0 0 0 1071 0 0 0 106 0 0 0 876 0 0 0 0 0 0 0 0 0 0 0 0 0 0 0 0 0 0 0 0 0 0 0 2 0 0 0 0 0 377 0 20 1 0 0 511 0 0 0 0 0 0 0 0 0 0 0 0 0 0 0 0 0 0 0 0 0 0 0 0 0 0 0 0 0 0 0 0 0 0 0 
987 0 1071 0 0 0 0 204 0 0 0 106 103 0 0 0 0 0 0 0 0 0 0 0 0 0 0 0 0 0 0 0 0 0 0 125 29 0 343 0 0 2172 0 0 191 0 0 1 0 0 0 0 78 0 0 0 0 0 0 0 0 0 0 0 0 0 0 0 0 0 0 0 0 0 0 0 0 0 0 0 0 0 0 
94 286 0 0 0 213 195 9 178 1258 0 0 0 18 0 1 0 6 1170 0 0 0 0 0 0 0 0 0 0 0 0 0 0 1746 1 51 2864 0 0 0 0 0 0 0 0 0 0 0 0 0 0 0 0 0 0 0 0 0 0 0 0 0 0 0 0 0 0 0 0 0 0 0 0 0 0 0 0 0 0 0 0 0 0 
0 0 0 0 213 0 494 0 641 2109 0 0 0 1 0 0 0 43 1444 0 0 0 0 0 0 0 0 0 0 39 0 0 0 33 0 0 15 0 0 0 0 0 0 0 0 0 0 0 0 0 0 0 0 0 0 0 0 0 0 0 0 0 0 0 0 0 0 0 0 0 0 0 0 0 0 0 0 0 0 0 0 0 0 
10 274 0 0 195 494 0 800 4452 5088 0 1933 2314 66 0 0 0 87 1560 0 0 0 0 0 0 0 0 0 0 0 0 0 0 393 1577 25069 14331 1094 0 0 0 1879 0 146 19 0 1 8174 3918 0 4 0 0 0 0 0 0 0 0 0 0 0 0 0 0 0 0 0 0 0 0 0 0 0 0 6 68 1 0 0 0 0 83 
0 0 106 204 9 0 800 0 77 1127 656 365 25587 11199 0 0 0 96 294 0 0 0 0 0 0 0 0 0 0 0 0 0 0 12 2931 2677 1160 13 0 0 0 0 0 0 0 0 7 2206 8755 0 228 0 0 221 34 0 0 0 0 0 0 0 0 0 0 0 0 0 0 0 0 0 0 0 0 163 433 116 0 0 0 0 277 
0 0 0 0 178 641 4452 77 0 2055 0 0 111 1 0 0 0 19 117 0 0 0 0 0 0 0 0 0 0 0 0 0 0 0 421 666 487 8 0 0 0 0 0 0 0 0 0 0 1617 0 43 0 0 1 0 0 0 0 0 0 0 0 0 0 0 0 0 0 0 0 0 0 0 0 0 97 23 55 0 0 0 0 35 
38 481 0 0 1258 2109 5088 1127 2055 0 595 0 11 3895 0 987 474 1296 6382 0 0 0 0 0 0 0 0 0 0 1075 0 0 0 2659 26394 3571 6235 783 0 4 0 0 0 0 0 0 0 0 0 0 1796 1027 0 0 604 0 307 0 1 0 348 0 0 0 0 0 0 0 0 0 0 0 0 0 0 0 0 0 0 0 0 0 4794 
0 0 0 0 0 0 0 656 0 595 0 0 0 6286 0 0 0 331 0 23 0 0 0 0 0 0 0 0 0 0 0 0 0 0 0 0 0 0 0 0 0 0 0 0 0 0 0 0 0 0 24 34 0 0 131 0 0 0 0 0 0 0 0 0 0 0 0 0 0 0 0 0 0 0 0 0 0 0 0 0 0 0 0 
933 0 876 106 0 0 1933 365 0 0 0 0 68 0 0 0 0 0 0 0 0 0 0 0 0 0 0 0 0 0 0 0 0 0 0 0 0 0 14 0 0 218 0 213 98 0 0 848 0 0 0 0 0 0 0 0 0 0 0 0 0 0 0 0 0 0 0 0 0 0 0 0 0 0 0 0 0 0 0 0 0 0 0 
0 0 0 103 0 0 2314 25587 111 11 0 68 0 9 0 0 0 1 10 0 0 0 0 0 0 0 0 0 0 0 0 0 0 0 1478 175 808 14 0 0 0 0 0 0 0 0 0 562 1863 0 2 0 0 1 0 0 0 0 0 0 0 0 0 0 0 0 0 0 0 0 0 0 0 0 0 0 0 0 0 0 0 0 135 
0 0 0 0 18 1 66 11199 1 3895 6286 0 9 0 287 0 0 4578 11 7994 0 0 0 0 0 0 0 0 0 0 0 0 0 8 867 6 891 4 0 0 0 0 0 0 0 0 0 0 1 0 2 45 0 0 3 0 0 0 0 0 3 0 0 0 0 0 0 0 0 0 0 0 0 0 0 0 0 0 0 0 0 0 274 
0 0 0 0 0 0 0 0 0 0 0 0 0 287 0 0 0 4118 181 6199 0 0 9 0 0 1 0 0 0 0 0 0 0 0 0 0 0 0 0 0 0 0 0 0 0 0 0 0 0 0 0 0 0 0 33 12 0 0 431 5 566 0 0 0 0 0 0 0 0 0 0 0 0 0 0 3 0 2 0 0 0 0 0 
4 35 0 0 1 0 0 0 0 987 0 0 0 0 0 0 2180 333 41 0 0 0 0 0 0 0 0 0 189 70 15 4 0 596 1235 649 1100 51 0 0 0 0 0 0 0 0 0 0 0 0 235 141 0 0 4 0 305 0 142 0 1379 0 0 0 0 0 0 0 0 0 0 0 0 0 0 0 0 0 0 0 0 0 635 
0 0 0 0 0 0 0 0 0 474 0 0 0 0 0 2180 0 1843 2659 0 0 0 0 0 0 0 0 0 833 2165 2750 1120 14 982 0 0 34 0 0 0 0 0 0 0 0 0 0 0 0 0 0 0 0 0 0 0 0 0 0 0 0 0 0 0 0 0 0 0 0 0 0 0 0 0 0 0 0 0 0 0 0 0 0 
0 6 0 0 6 43 87 96 19 1296 331 0 1 4578 4118 333 1843 0 3500 4452 2201 249 7753 331 11964 581 0 0 1826 0 0 0 0 68 2027 323 318 0 0 1537 0 0 0 0 0 0 0 0 0 0 55 39 0 0 599 341 168 0 5544 3 18347 0 0 0 0 519 0 0 0 157 0 0 0 0 0 2790 613 1283 4 0 6 0 10 
358 1460 0 0 1170 1444 1560 294 117 6382 0 0 10 11 181 41 2659 3500 0 0 0 1 1662 39 27 214 0 0 3628 3287 12 395 2 5217 273 0 5778 338 0 928 834 0 0 0 0 0 0 0 0 0 0 0 0 0 0 0 0 0 2730 0 1596 0 0 0 0 6 0 0 0 0 0 0 0 0 0 0 0 0 0 0 0 0 54 
0 0 0 0 0 0 0 0 0 0 23 0 0 7994 6199 0 0 4452 0 0 119 56 3 681 79 0 0 0 0 0 0 0 0 0 0 0 0 0 0 274 0 0 0 0 0 0 0 0 0 0 0 0 0 0 217 985 0 0 371 0 2740 0 0 0 0 21 0 0 0 11 0 0 0 0 0 1371 0 542 1 0 1 0 0 
0 0 0 0 0 0 0 0 0 0 0 0 0 0 0 0 0 2201 0 119 0 443 0 245 2 0 0 0 0 0 0 0 0 0 0 0 0 0 0 0 0 0 0 0 0 0 0 0 0 0 0 0 0 0 0 0 0 0 0 0 0 5 0 0 0 0 0 0 0 0 0 0 0 0 0 0 0 0 0 0 0 0 0 
0 0 0 0 0 0 0 0 0 0 0 0 0 0 0 0 0 249 1 56 443 0 29 1723 1124 0 0 0 0 0 0 0 0 0 0 0 0 0 0 0 0 0 0 0 0 0 0 0 0 0 0 0 0 0 0 0 0 0 0 0 0 1 0 0 0 0 0 0 0 0 0 0 0 0 0 0 0 0 0 0 0 0 0 
0 0 0 0 0 0 0 0 0 0 0 0 0 0 9 0 0 7753 1662 3 0 29 0 786 10830 0 0 0 52 0 0 0 0 0 26 0 37 0 0 1951 0 0 0 0 0 0 0 0 0 0 0 0 0 0 0 0 0 0 0 0 0 0 0 0 0 4 0 0 0 0 0 0 0 0 0 0 0 0 0 0 0 0 0 
0 0 0 0 0 0 0 0 0 0 0 0 0 0 0 0 0 331 39 681 245 1723 786 0 303 43 0 0 0 0 0 0 0 0 0 0 0 0 0 0 0 0 0 0 0 0 0 0 0 0 0 0 0 0 0 0 0 0 0 0 0 0 0 0 0 0 0 0 0 0 0 0 0 0 0 0 0 0 0 0 0 0 0 
24 0 0 0 0 0 0 0 0 0 0 0 0 0 0 0 0 11964 27 79 2 1124 10830 303 0 124 0 0 70 1 0 0 0 607 224 0 901 10 0 1221 2 0 0 0 0 0 0 0 0 0 0 0 0 0 0 0 0 0 0 0 0 0 0 0 0 0 0 0 0 0 0 0 0 0 0 0 0 0 0 0 0 0 0 
0 0 0 0 0 0 0 0 0 0 0 0 0 0 1 0 0 581 214 0 0 0 0 43 124 0 0 0 0 0 0 0 0 0 35 0 0 0 0 98 0 0 0 0 0 0 0 0 0 0 0 0 0 0 0 0 0 0 0 0 0 0 0 0 0 0 0 0 0 0 0 0 0 0 0 0 0 0 0 0 0 0 0 
1 0 0 0 0 0 0 0 0 0 0 0 0 0 0 0 0 0 0 0 0 0 0 0 0 0 0 0 0 0 0 0 0 591 0 0 262 15 0 3 18 0 0 0 0 0 0 0 0 0 0 0 0 0 0 0 0 0 0 0 0 0 0 0 0 0 0 0 0 0 0 0 0 0 0 0 0 0 0 0 0 0 0 
6 0 0 0 0 0 0 0 0 0 0 0 0 0 0 0 0 0 0 0 0 0 0 0 0 0 0 0 17 12 0 2 0 3512 0 0 1 0 0 0 0 0 0 0 0 0 0 0 0 0 0 0 0 0 0 0 0 0 0 0 0 0 0 0 0 0 0 0 0 0 0 0 0 0 0 0 0 0 0 0 0 0 0 
17 0 0 0 0 0 0 0 0 0 0 0 0 0 0 189 833 1826 3628 0 0 0 52 0 70 0 0 17 0 1835 224 117 1 2250 797 0 442 20 0 347 794 0 0 0 0 0 0 0 0 0 0 0 0 0 0 0 0 0 0 0 0 0 0 0 0 0 0 0 0 0 0 0 0 0 0 0 0 0 0 0 0 0 0 
1 0 0 0 0 39 0 0 0 1075 0 0 0 0 0 70 2165 0 3287 0 0 0 0 0 1 0 0 12 1835 0 775 1724 281 1062 0 0 179 138 0 0 295 0 0 0 0 0 0 0 0 0 0 0 0 0 0 0 0 0 0 0 0 0 0 0 0 0 0 0 0 0 0 0 0 0 0 0 0 0 0 0 0 0 0 
0 0 0 0 0 0 0 0 0 0 0 0 0 0 0 15 2750 0 12 0 0 0 0 0 0 0 0 0 224 775 0 863 0 6 0 0 0 0 0 0 0 0 0 0 0 0 0 0 0 0 0 0 0 0 0 0 0 0 0 0 0 0 0 0 0 0 0 0 0 0 0 0 0 0 0 0 0 0 0 0 0 0 0 
5 0 0 0 0 0 0 0 0 0 0 0 0 0 0 4 1120 0 395 0 0 0 0 0 0 0 0 2 117 1724 863 0 2783 381 0 0 12 0 0 0 0 0 0 0 0 0 0 0 0 0 0 0 0 0 0 0 0 0 0 0 0 0 0 0 0 0 0 0 0 0 0 0 0 0 0 0 0 0 0 0 0 0 0 
0 0 0 0 0 0 0 0 0 0 0 0 0 0 0 0 14 0 2 0 0 0 0 0 0 0 0 0 1 281 0 2783 0 14 0 0 22 1 0 0 1 0 0 0 0 0 0 0 0 0 0 0 0 0 0 0 0 0 0 0 0 0 0 0 0 0 0 0 0 0 0 0 0 0 0 0 0 0 0 0 0 0 0 
1393 773 0 0 1746 33 393 12 0 2659 0 0 0 8 0 596 982 68 5217 0 0 0 0 0 607 0 591 3512 2250 1062 6 381 14 0 4 0 230 9 0 20 3 0 0 0 0 0 0 0 0 0 0 0 0 0 0 0 0 0 0 0 0 0 0 0 0 0 0 0 0 0 0 0 0 0 0 0 0 0 0 0 0 0 11 
0 0 0 0 1 0 1577 2931 421 26394 0 0 1478 867 0 1235 0 2027 273 0 0 0 26 0 224 35 0 0 797 0 0 0 0 4 0 1220 622 91 0 1076 170 0 0 0 0 0 0 0 344 0 0 0 0 25 0 0 0 0 0 0 0 0 0 0 0 0 0 0 0 0 0 0 0 0 0 0 0 0 0 0 0 0 17 
2367 4 2 125 51 0 25069 2677 666 3571 0 0 175 6 0 649 0 323 0 0 0 0 0 0 0 0 0 0 0 0 0 0 0 0 1220 0 2 4 1 0 0 119 0 0 1 0 0 0 9 0 0 0 0 16 0 0 0 0 0 0 0 0 0 0 0 0 0 0 0 0 0 0 0 0 0 0 0 0 0 0 0 0 75 
7402 10284 0 29 2864 15 14331 1160 487 6235 0 0 808 891 0 1100 34 318 5778 0 0 0 37 0 901 0 262 1 442 179 0 12 22 230 622 2 0 32 0 97 38 0 0 0 0 0 0 0 55 0 0 0 0 3 2 0 0 0 0 0 0 0 0 0 0 0 0 0 0 0 0 0 0 0 0 0 0 0 0 0 0 0 1505 
5 0 0 0 0 0 1094 13 8 783 0 0 14 4 0 51 0 0 338 0 0 0 0 0 10 0 15 0 20 138 0 0 1 9 91 4 32 0 0 3 2 0 0 0 0 0 0 0 0 0 0 0 0 0 0 0 0 0 0 0 0 0 0 0 0 0 0 0 0 0 0 0 0 0 0 0 0 0 0 0 0 0 6027 
170 0 0 343 0 0 0 0 0 0 0 14 0 0 0 0 0 0 0 0 0 0 0 0 0 0 0 0 0 0 0 0 0 0 0 1 0 0 0 0 0 134 0 0 2 0 0 0 0 0 0 0 10 0 0 0 0 0 0 0 0 0 0 0 0 0 0 0 0 0 0 0 0 0 0 0 0 0 0 0 0 0 0 
0 0 0 0 0 0 0 0 0 4 0 0 0 0 0 0 0 1537 928 274 0 0 1951 0 1221 98 3 0 347 0 0 0 0 20 1076 0 97 3 0 0 2 0 0 0 0 0 0 0 0 0 0 0 0 0 0 0 0 0 88 8 22 0 0 0 0 1044 0 0 0 104 0 0 0 0 0 147 0 98 0 0 32 0 0 
0 0 0 0 0 0 0 0 0 0 0 0 0 0 0 0 0 0 834 0 0 0 0 0 2 0 18 0 794 295 0 0 1 3 170 0 38 2 0 2 0 0 0 0 0 0 0 0 0 0 0 0 0 0 0 0 0 0 0 0 0 0 0 0 0 0 0 0 0 0 0 0 0 0 0 0 0 0 0 0 0 0 106 
3773 0 377 2172 0 0 1879 0 0 0 0 218 0 0 0 0 0 0 0 0 0 0 0 0 0 0 0 0 0 0 0 0 0 0 0 119 0 0 134 0 0 0 598 0 1316 254 0 245 0 0 0 0 196 0 0 0 0 0 0 0 0 0 0 0 0 0 0 0 0 0 0 0 0 0 859 0 3201 5078 1 384 0 0 0 
0 0 0 0 0 0 0 0 0 0 0 0 0 0 0 0 0 0 0 0 0 0 0 0 0 0 0 0 0 0 0 0 0 0 0 0 0 0 0 0 0 598 0 0 0 24 0 14 0 0 0 0 0 0 0 0 0 0 0 0 0 0 0 0 0 0 0 0 0 0 0 0 0 0 3 26 402 5016 17 0 0 0 4 
16 0 20 0 0 0 146 0 0 0 0 213 0 0 0 0 0 0 0 0 0 0 0 0 0 0 0 0 0 0 0 0 0 0 0 0 0 0 0 0 0 0 0 0 12 0 0 0 15 0 0 0 378 153 0 0 0 0 0 0 0 0 0 0 0 0 0 0 0 0 0 0 0 0 0 0 0 0 0 0 0 0 0 
302 0 1 191 0 0 19 0 0 0 0 98 0 0 0 0 0 0 0 0 0 0 0 0 0 0 0 0 0 0 0 0 0 0 0 1 0 0 2 0 0 1316 0 12 0 0 0 0 0 0 0 0 766 230 0 0 0 0 19 0 0 0 0 0 0 131 0 10 0 0 0 0 0 0 6 9 0 14 6 0 0 83 0 
0 0 0 0 0 0 0 0 0 0 0 0 0 0 0 0 0 0 0 0 0 0 0 0 0 0 0 0 0 0 0 0 0 0 0 0 0 0 0 0 0 254 24 0 0 0 0 209 433 0 412 0 0 0 0 0 1 0 0 0 0 0 0 0 0 0 0 0 0 0 0 0 0 0 716 33 1065 14117 0 0 0 0 4 
0 0 0 0 0 0 1 7 0 0 0 0 0 0 0 0 0 0 0 0 0 0 0 0 0 0 0 0 0 0 0 0 0 0 0 0 0 0 0 0 0 0 0 0 0 0 0 336 709 280 8527 0 0 0 0 0 17 0 0 0 0 0 0 0 0 0 0 0 0 0 0 0 0 0 55 4 24 1165 0 0 0 0 0 
11 0 511 1 0 0 8174 2206 0 0 0 848 562 0 0 0 0 0 0 0 0 0 0 0 0 0 0 0 0 0 0 0 0 0 0 0 0 0 0 0 0 245 14 0 0 209 336 0 2765 4289 2534 0 464 5083 0 0 0 0 0 0 0 0 0 0 0 0 0 0 0 0 0 0 0 0 5 167 20867 6145 20 0 0 0 213 
0 0 0 0 0 0 3918 8755 1617 0 0 0 1863 1 0 0 0 0 0 0 0 0 0 0 0 0 0 0 0 0 0 0 0 0 344 9 55 0 0 0 0 0 0 15 0 433 709 2765 0 1200 4386 538 501 23515 18635 0 17 2 0 0 0 0 0 0 0 0 0 0 0 0 0 0 0 0 48 4357 2704 7489 1 0 0 0 128 
0 0 0 0 0 0 0 0 0 0 0 0 0 0 0 0 0 0 0 0 0 0 0 0 0 0 0 0 0 0 0 0 0 0 0 0 0 0 0 0 0 0 0 0 0 0 280 4289 1200 0 262 0 0 0 0 0 0 0 0 0 0 0 0 0 0 0 0 0 0 0 0 0 0 0 0 1 0 0 0 0 0 0 0 
0 0 0 0 0 0 4 228 43 1796 24 0 2 2 0 235 0 55 0 0 0 0 0 0 0 0 0 0 0 0 0 0 0 0 0 0 0 0 0 0 0 0 0 0 0 412 8527 2534 4386 262 0 270 0 108 881 0 1566 1546 1334 3092 1 0 0 0 0 0 0 0 0 13 121 0 9 6 3288 7528 4878 7633 38 0 0 0 131 
0 0 0 0 0 0 0 0 0 1027 34 0 0 45 0 141 0 39 0 0 0 0 0 0 0 0 0 0 0 0 0 0 0 0 0 0 0 0 0 0 0 0 0 0 0 0 0 0 538 0 270 0 0 0 1603 0 39 0 0 0 0 0 0 0 0 0 0 0 0 0 0 0 0 0 0 1 29 0 0 0 0 0 0 
22 0 0 78 0 0 0 0 0 0 0 0 0 0 0 0 0 0 0 0 0 0 0 0 0 0 0 0 0 0 0 0 0 0 0 0 0 0 10 0 0 196 0 378 766 0 0 464 501 0 0 0 0 14 0 0 0 0 0 0 0 0 0 0 0 0 0 0 0 0 0 0 0 0 0 0 0 0 0 0 0 0 0 
0 0 0 0 0 0 0 221 1 0 0 0 1 0 0 0 0 0 0 0 0 0 0 0 0 0 0 0 0 0 0 0 0 0 25 16 3 0 0 0 0 0 0 153 230 0 0 5083 23515 0 108 0 14 0 37 0 0 0 0 0 0 0 0 0 0 0 0 0 0 0 0 0 0 0 0 5 1 37 0 0 0 0 0 
0 0 0 0 0 0 0 34 0 604 131 0 0 3 33 4 0 599 0 217 0 0 0 0 0 0 0 0 0 0 0 0 0 0 0 0 2 0 0 0 0 0 0 0 0 0 0 0 18635 0 881 1603 0 37 0 2235 0 0 21 0 6960 0 0 0 0 0 0 0 0 0 0 0 0 0 0 21 23 13 2 0 0 0 0 
0 0 0 0 0 0 0 0 0 0 0 0 0 0 12 0 0 341 0 985 0 0 0 0 0 0 0 0 0 0 0 0 0 0 0 0 0 0 0 0 0 0 0 0 0 0 0 0 0 0 0 0 0 0 2235 0 0 0 7461 469 5847 196 0 43 0 1 1 0 0 0 0 0 0 0 0 209 0 76 18 0 0 0 0 
0 0 0 0 0 0 0 0 0 307 0 0 0 0 0 305 0 168 0 0 0 0 0 0 0 0 0 0 0 0 0 0 0 0 0 0 0 0 0 0 0 0 0 0 0 1 17 0 17 0 1566 39 0 0 0 0 0 7411 1949 391 0 0 0 0 0 0 0 0 0 157 173 0 67 43 2879 2381 2820 4513 346 0 0 0 461 
0 0 0 0 0 0 0 0 0 0 0 0 0 0 0 0 0 0 0 0 0 0 0 0 0 0 0 0 0 0 0 0 0 0 0 0 0 0 0 0 0 0 0 0 0 0 0 0 2 0 1546 0 0 0 0 0 7411 0 58 5245 0 0 0 0 0 0 0 0 0 402 5373 4250 2438 27 363 0 0 24 0 0 0 0 0 
0 0 0 0 0 0 0 0 0 1 0 0 0 0 431 142 0 5544 2730 371 0 0 0 0 0 0 0 0 0 0 0 0 0 0 0 0 0 0 0 88 0 0 0 0 19 0 0 0 0 0 1334 0 0 0 21 7461 1949 58 0 4195 1668 1082 179 2052 662 2013 217 0 0 1744 41 0 1214 288 167 2969 1522 5319 484 0 387 142 0 
0 0 0 0 0 0 0 0 0 0 0 0 0 0 5 0 0 3 0 0 0 0 0 0 0 0 0 0 0 0 0 0 0 0 0 0 0 0 0 8 0 0 0 0 0 0 0 0 0 0 3092 0 0 0 0 469 391 5245 4195 0 98 252 0 1601 0 1998 1 0 0 6482 3648 79 1419 3 1585 1 0 2729 0 0 6 0 0 
0 0 0 0 0 0 0 0 0 348 0 0 0 3 566 1379 0 18347 1596 2740 0 0 0 0 0 0 0 0 0 0 0 0 0 0 0 0 0 0 0 22 0 0 0 0 0 0 0 0 0 0 1 0 0 0 6960 5847 0 0 1668 98 0 798 23 211 450 180 10 0 0 943 0 0 81 59 27 2365 177 932 17 0 20 0 0 
0 0 0 0 0 0 0 0 0 0 0 0 0 0 0 0 0 0 0 0 5 1 0 0 0 0 0 0 0 0 0 0 0 0 0 0 0 0 0 0 0 0 0 0 0 0 0 0 0 0 0 0 0 0 0 196 0 0 1082 252 798 0 346 1597 366 786 2 0 0 4424 227 0 0 0 22 0 0 0 0 0 1 0 0 
0 0 0 0 0 0 0 0 0 0 0 0 0 0 0 0 0 0 0 0 0 0 0 0 0 0 0 0 0 0 0 0 0 0 0 0 0 0 0 0 0 0 0 0 0 0 0 0 0 0 0 0 0 0 0 0 0 0 179 0 23 346 0 16 1403 2798 0 0 0 1309 12 0 0 0 0 0 0 0 0 0 0 0 0 
0 0 0 0 0 0 0 0 0 0 0 0 0 0 0 0 0 0 0 0 0 0 0 0 0 0 0 0 0 0 0 0 0 0 0 0 0 0 0 0 0 0 0 0 0 0 0 0 0 0 0 0 0 0 0 43 0 0 2052 1601 211 1597 16 0 282 12990 0 0 0 16877 1268 0 7 0 183 0 0 1 0 0 0 0 0 
0 0 0 0 0 0 0 0 0 0 0 0 0 0 0 0 0 0 0 0 0 0 0 0 0 0 0 0 0 0 0 0 0 0 0 0 0 0 0 0 0 0 0 0 0 0 0 0 0 0 0 0 0 0 0 0 0 0 662 0 450 366 1403 282 0 881 32 0 0 556 3 0 0 0 0 0 0 0 0 0 24 0 0 
0 0 0 0 0 0 0 0 0 0 0 0 0 0 0 0 0 519 6 21 0 0 4 0 0 0 0 0 0 0 0 0 0 0 0 0 0 0 0 1044 0 0 0 0 131 0 0 0 0 0 0 0 0 0 0 1 0 0 2013 1998 180 786 2798 12990 881 0 167 0 0 1382 113 0 0 0 1051 379 1 1884 454 13 128 79 0 
0 0 0 0 0 0 0 0 0 0 0 0 0 0 0 0 0 0 0 0 0 0 0 0 0 0 0 0 0 0 0 0 0 0 0 0 0 0 0 0 0 0 0 0 0 0 0 0 0 0 0 0 0 0 0 1 0 0 217 1 10 2 0 0 32 167 0 0 0 1 0 0 0 0 0 0 0 0 0 0 166 0 0 
0 0 0 0 0 0 0 0 0 0 0 0 0 0 0 0 0 0 0 0 0 0 0 0 0 0 0 0 0 0 0 0 0 0 0 0 0 0 0 0 0 0 0 0 10 0 0 0 0 0 0 0 0 0 0 0 0 0 0 0 0 0 0 0 0 0 0 0 0 0 0 0 0 0 9 0 1 74 22 0 112 45 0 
0 0 0 0 0 0 0 0 0 0 0 0 0 0 0 0 0 0 0 0 0 0 0 0 0 0 0 0 0 0 0 0 0 0 0 0 0 0 0 0 0 0 0 0 0 0 0 0 0 0 0 0 0 0 0 0 0 0 0 0 0 0 0 0 0 0 0 0 0 0 0 0 328 0 3777 0 0 35 0 0 0 25 0 
0 0 0 0 0 0 0 0 0 0 0 0 0 0 0 0 0 157 0 11 0 0 0 0 0 0 0 0 0 0 0 0 0 0 0 0 0 0 0 104 0 0 0 0 0 0 0 0 0 0 13 0 0 0 0 0 157 402 1744 6482 943 4424 1309 16877 556 1382 1 0 0 0 713 30 258 0 2106 3 0 527 11 0 0 0 0 
0 0 0 0 0 0 0 0 0 0 0 0 0 0 0 0 0 0 0 0 0 0 0 0 0 0 0 0 0 0 0 0 0 0 0 0 0 0 0 0 0 0 0 0 0 0 0 0 0 0 121 0 0 0 0 0 173 5373 41 3648 0 227 12 1268 3 113 0 0 0 713 0 98 2854 0 1988 0 0 1 0 0 0 0 0 
0 0 0 0 0 0 0 0 0 0 0 0 0 0 0 0 0 0 0 0 0 0 0 0 0 0 0 0 0 0 0 0 0 0 0 0 0 0 0 0 0 0 0 0 0 0 0 0 0 0 0 0 0 0 0 0 0 4250 0 79 0 0 0 0 0 0 0 0 0 30 98 0 292 0 0 0 0 0 0 0 0 0 0 
0 0 0 0 0 0 0 0 0 0 0 0 0 0 0 0 0 0 0 0 0 0 0 0 0 0 0 0 0 0 0 0 0 0 0 0 0 0 0 0 0 0 0 0 0 0 0 0 0 0 9 0 0 0 0 0 67 2438 1214 1419 81 0 0 7 0 0 0 0 328 258 2854 292 0 47 1330 0 0 0 0 0 0 0 0 
0 0 0 0 0 0 0 0 0 0 0 0 0 0 0 0 0 0 0 0 0 0 0 0 0 0 0 0 0 0 0 0 0 0 0 0 0 0 0 0 0 0 0 0 0 0 0 0 0 0 6 0 0 0 0 0 43 27 288 3 59 0 0 0 0 0 0 0 0 0 0 0 47 0 4 0 0 0 0 0 0 0 0 
0 0 0 0 0 0 0 0 0 0 0 0 0 0 0 0 0 0 0 0 0 0 0 0 0 0 0 0 0 0 0 0 0 0 0 0 0 0 0 0 0 859 3 0 6 716 55 5 48 0 3288 0 0 0 0 0 2879 363 167 1585 27 22 0 183 0 1051 0 9 3777 2106 1988 0 1330 4 0 0 0 131 0 0 0 0 0 
0 0 0 0 0 0 6 163 97 0 0 0 0 0 3 0 0 2790 0 1371 0 0 0 0 0 0 0 0 0 0 0 0 0 0 0 0 0 0 0 147 0 0 26 0 9 33 4 167 4357 1 7528 1 0 5 21 209 2381 0 2969 1 2365 0 0 0 0 379 0 0 0 3 0 0 0 0 0 0 912 152 398 0 294 186 999 
0 0 0 0 0 0 68 433 23 0 0 0 0 0 0 0 0 613 0 0 0 0 0 0 0 0 0 0 0 0 0 0 0 0 0 0 0 0 0 0 0 3201 402 0 0 1065 24 20867 2704 0 4878 29 0 1 23 0 2820 0 1522 0 177 0 0 0 0 1 0 1 0 0 0 0 0 0 0 912 0 11 22 0 0 2 234 
0 0 0 0 0 0 1 116 55 0 0 0 0 0 2 0 0 1283 0 542 0 0 0 0 0 0 0 0 0 0 0 0 0 0 0 0 0 0 0 98 0 5078 5016 0 14 14117 1165 6145 7489 0 7633 0 0 37 13 76 4513 24 5319 2729 932 0 0 1 0 1884 0 74 35 527 1 0 0 0 131 152 11 0 1 0 0 0 6710 
0 0 0 0 0 0 0 0 0 0 0 0 0 0 0 0 0 4 0 1 0 0 0 0 0 0 0 0 0 0 0 0 0 0 0 0 0 0 0 0 0 1 17 0 6 0 0 20 1 0 38 0 0 0 2 18 346 0 484 0 17 0 0 0 0 454 0 22 0 11 0 0 0 0 0 398 22 1 0 0 0 0 8165 
0 0 0 0 0 0 0 0 0 0 0 0 0 0 0 0 0 0 0 0 0 0 0 0 0 0 0 0 0 0 0 0 0 0 0 0 0 0 0 0 0 384 0 0 0 0 0 0 0 0 0 0 0 0 0 0 0 0 0 0 0 0 0 0 0 13 0 0 0 0 0 0 0 0 0 0 0 0 0 0 0 0 0 
0 0 0 0 0 0 0 0 0 0 0 0 0 0 0 0 0 6 0 1 0 0 0 0 0 0 0 0 0 0 0 0 0 0 0 0 0 0 0 32 0 0 0 0 0 0 0 0 0 0 0 0 0 0 0 0 0 0 387 6 20 1 0 0 24 128 166 112 0 0 0 0 0 0 0 294 0 0 0 0 0 4 0 
0 0 0 0 0 0 0 0 0 0 0 0 0 0 0 0 0 0 0 0 0 0 0 0 0 0 0 0 0 0 0 0 0 0 0 0 0 0 0 0 0 0 0 0 83 0 0 0 0 0 0 0 0 0 0 0 0 0 142 0 0 0 0 0 0 79 0 45 25 0 0 0 0 0 0 186 2 0 0 0 4 0 0 
0 0 0 0 0 0 83 277 35 4794 0 0 135 274 0 635 0 10 54 0 0 0 0 0 0 0 0 0 0 0 0 0 0 11 17 75 1505 6027 0 0 106 0 4 0 0 4 0 213 128 0 131 0 0 0 0 0 461 0 0 0 0 0 0 0 0 0 0 0 0 0 0 0 0 0 0 999 234 6710 8165 0 0 0 0 
