0 254 0 390 1 0 1500 0 0 0 0 0 0 0 0 0 0 7 0 0 2 29 2 101 50 2 0 92 0 80 0 1094 0 1106 43 205 178 0 379 0 0 0 0 4 0 0 0 196 132 0 0 0 0 0 0 0 0 0 1 0 0 0 0 0 0 0 0 0 0 0 3 0 4 0 4 10 0 58 13 0 0 0 1 
254 0 0 0 0 0 0 0 0 0 0 0 0 0 0 0 0 86 0 8 24 0 39 0 14 0 0 0 0 30 0 1 0 155 2 21 3938 1 0 0 0 0 0 0 0 0 0 0 0 0 0 0 0 0 0 0 0 0 0 1 0 0 0 0 0 0 0 0 0 0 27 0 96 0 16 21 0 494 130 0 0 0 43 
0 0 0 55 0 0 0 0 0 0 0 35 0 0 0 0 0 0 0 0 0 0 0 0 0 0 0 0 0 0 0 0 0 0 0 0 0 0 0 0 0 0 0 102 6 0 0 545 289 0 0 0 0 0 0 0 0 0 0 0 0 0 0 0 0 0 0 0 0 0 0 0 0 0 0 0 0 0 0 0 0 0 0 
390 0 55 0 0 0 208 1412 0 0 0 0 0 0 0 0 0 0 0 0 0 0 0 0 0 0 0 0 0 0 0 0 0 0 0 18 0 0 50 0 0 0 0 27 114 0 0 648 70 0 0 0 0 0 0 0 0 0 0 0 0 0 0 0 0 0 0 0 0 0 0 0 0 0 0 0 0 0 0 0 0 0 0 
1 0 0 0 0 35 380 14 71 8 0 0 0 0 0 0 0 473 0 40 118 0 206 1 225 0 0 0 5 184 0 3 0 2474 1278 416 6439 56 0 0 0 0 0 0 0 0 0 78 213 0 0 0 0 0 0 0 0 0 0 1 8 0 0 0 0 1 0 0 0 0 89 0 185 0 18 1 0 356 46 0 0 0 140 
0 0 0 0 35 0 0 481 1293 3407 0 0 0 0 0 0 0 0 0 0 0 0 0 0 0 0 0 0 0 0 0 0 0 324 0 0 83 0 0 0 0 0 0 0 0 0 0 0 0 0 0 0 0 0 0 0 0 0 0 0 0 0 0 0 0 0 0 0 0 0 0 0 0 0 0 0 0 0 0 0 0 0 0 
1500 0 0 208 380 0 0 4316 1120 143 0 1171 597 0 0 0 0 1 0 2 1 18 2 54 60 0 0 208 0 943 0 2729 0 1561 3239 9386 14474 241 41 0 0 0 0 314 2 0 0 12246 10784 0 0 0 79 117 0 0 0 0 0 0 0 0 0 0 0 0 0 0 0 0 2 0 4 0 0 0 0 4 1 0 0 0 1168 
0 0 0 1412 14 481 4316 0 6024 206 1056 4138 9557 2577 305 0 0 0 0 83 0 0 0 0 0 0 0 0 0 1 0 0 0 1400 7533 2568 9237 0 0 0 0 0 0 21 0 0 0 785 30707 0 0 7 190 1796 611 0 0 0 0 0 0 0 0 0 0 0 0 0 0 0 0 0 0 0 0 0 6 22 0 0 0 0 0 
0 0 0 0 71 1293 1120 6024 0 492 0 0 0 0 0 167 0 0 0 0 0 0 0 0 0 0 0 0 210 74 0 0 0 404 205 371 341 0 0 0 0 0 0 0 0 0 0 3 131 0 0 0 0 0 0 0 0 0 0 0 0 0 0 0 0 0 0 0 0 0 0 0 0 0 0 0 0 0 0 0 0 0 0 
0 0 0 0 8 3407 143 206 492 0 24 0 3 789 0 2015 342 0 0 14 0 0 0 0 0 0 0 0 2606 3703 0 0 0 2654 23270 709 11088 0 0 137 0 0 0 0 0 0 0 0 2514 0 60 6083 0 0 589 0 1 0 5 0 391 0 0 0 0 0 0 0 0 0 0 0 0 0 0 1 1 0 0 0 0 0 2945 
0 0 0 0 0 0 0 1056 0 24 0 0 3 598 0 2 0 7 0 152 0 0 0 0 0 0 0 0 0 0 0 0 0 0 324 77 0 0 0 0 0 0 0 0 0 0 0 0 231 0 147 3685 0 0 1662 0 5 0 6 0 611 0 0 0 0 0 0 0 0 0 0 0 0 0 0 1 0 0 0 0 0 0 0 
0 0 35 0 0 0 1171 4138 0 0 0 0 234 0 0 0 0 0 0 0 0 0 0 0 0 0 0 0 0 0 0 0 0 0 0 0 0 0 0 0 0 0 0 50 157 0 0 229 2 0 0 0 0 0 0 0 0 0 0 0 0 0 0 0 0 0 0 0 0 0 0 0 0 0 0 0 0 0 0 0 0 0 0 
0 0 0 0 0 0 597 9557 0 3 3 234 0 90 695 0 0 0 0 122 0 0 0 0 0 0 0 0 0 0 0 0 0 0 0 3 0 0 0 0 0 0 0 0 0 0 0 153 481 0 0 0 1 78 0 0 0 0 0 0 0 0 0 0 0 0 0 0 0 0 0 0 0 0 0 0 0 0 0 0 0 0 0 
0 0 0 0 0 0 0 2577 0 789 598 0 90 0 1914 0 0 0 0 2316 5 0 0 0 0 0 0 0 0 0 0 0 0 0 0 0 0 0 0 0 0 0 0 0 0 0 0 0 0 0 0 0 0 0 189 1 0 0 0 0 15 0 0 0 0 0 0 0 0 0 0 0 0 0 0 0 0 0 0 0 0 0 0 
0 0 0 0 0 0 0 305 0 0 0 0 695 1914 0 0 0 25 0 1184 6 0 0 1 0 0 0 0 0 0 0 0 0 0 0 0 0 0 0 0 0 0 0 0 0 0 0 0 0 0 0 0 0 0 5 2 0 0 8 0 4 1 3 0 0 0 0 0 0 0 0 0 0 0 0 0 0 0 0 0 0 0 0 
0 0 0 0 0 0 0 0 167 2015 2 0 0 0 0 0 6279 3 111 18 0 0 0 0 0 0 0 0 1065 2196 2 18 0 2354 483 0 9628 0 0 470 0 0 0 0 0 0 0 0 0 0 0 0 0 0 0 0 0 0 0 0 3 0 0 0 0 0 0 0 0 0 0 0 0 0 0 0 0 0 0 0 0 0 345 
0 0 0 0 0 0 0 0 0 342 0 0 0 0 0 6279 0 913 1254 54 0 0 0 0 0 0 0 0 570 5965 1403 116 128 1467 0 0 352 0 0 0 0 0 0 0 0 0 0 0 0 0 0 0 0 0 0 0 0 0 0 0 0 0 0 0 0 0 0 0 0 0 0 0 0 0 0 0 0 0 0 0 0 0 0 
7 86 0 0 473 0 1 0 0 0 7 0 0 0 25 3 913 0 12224 523 0 0 3679 0 2653 0 0 0 1204 3573 98 2042 190 1883 2045 0 2613 23 0 689 0 0 0 0 0 0 0 0 0 0 0 0 0 0 3 432 1 0 4955 223 830 2075 839 54 62 279 0 0 0 13 137 0 198 0 48 159 0 867 356 0 3 8 733 
0 0 0 0 0 0 0 0 0 0 0 0 0 0 0 111 1254 12224 0 4878 0 0 228 0 418 0 0 0 3586 6060 428 89 0 0 0 0 0 0 0 0 0 0 0 0 0 0 0 0 0 0 0 0 0 0 0 1 0 0 151 75 549 5 0 0 0 39 0 0 0 2 10 0 17 0 6 0 0 8 0 0 0 0 0 
0 8 0 0 40 0 2 83 0 14 152 0 122 2316 1184 18 54 523 4878 0 156 77 0 49 143 54 0 0 161 2741 125 3524 715 439 1151 0 651 2 0 113 0 0 0 0 0 0 0 0 0 0 0 1 0 0 452 1062 0 0 8357 88 10793 1156 665 67 3 49 0 0 0 0 0 0 2 0 0 352 0 34 10 0 4 3 2 
2 24 0 0 118 0 1 0 0 0 0 0 0 5 6 0 0 0 0 156 0 36 28 36 59 0 0 0 1 4 0 202 0 522 14 0 97 0 0 27 0 0 0 0 0 0 0 0 0 0 0 0 0 0 0 1 0 0 7 0 2 20 9 1 2 1 0 0 0 0 0 0 0 0 0 86 0 5 1 0 5 0 0 
29 0 0 0 0 0 18 0 0 0 0 0 0 0 0 0 0 0 0 77 36 0 502 235 660 0 0 0 3538 1405 0 4924 0 1274 21 0 1 0 0 21 0 0 0 0 0 0 0 0 0 0 0 0 0 0 0 0 0 0 0 0 0 0 0 0 0 0 0 0 0 0 0 0 0 0 0 0 0 0 0 0 0 0 0 
2 39 0 0 206 0 2 0 0 0 0 0 0 0 0 0 0 3679 228 0 28 502 0 449 1896 0 0 0 1170 119 0 711 0 1008 0 0 100 0 0 0 0 0 0 0 0 0 0 0 0 0 0 0 0 0 0 0 0 0 147 0 1 47 0 11 0 5 0 0 0 0 0 0 0 0 0 111 0 46 11 0 13 2 0 
101 0 0 0 1 0 54 0 0 0 0 0 0 0 1 0 0 0 0 49 36 235 449 0 1612 46 0 0 2 67 0 6013 0 691 95 0 4 0 0 27 0 0 0 0 0 0 0 0 0 0 0 0 0 0 0 0 0 0 0 0 2 0 0 0 0 0 0 0 0 0 0 0 0 0 0 0 0 0 0 0 0 0 0 
50 14 0 0 225 0 60 0 0 0 0 0 0 0 0 0 0 2653 418 143 59 660 1896 1612 0 214 0 0 2297 599 0 1691 0 587 210 0 225 14 0 74 0 0 0 0 0 0 0 0 0 0 0 0 0 0 0 0 0 0 442 103 174 143 2 0 0 60 0 0 3 4 14 0 20 0 3 0 0 77 23 0 0 0 0 
2 0 0 0 0 0 0 0 0 0 0 0 0 0 0 0 0 0 0 54 0 0 0 46 214 0 3 0 30 5 0 0 0 0 51 0 7 0 0 169 0 0 0 0 0 0 0 0 0 0 0 0 0 0 0 0 0 0 0 0 0 0 0 0 0 0 0 0 0 0 0 0 0 0 0 0 0 0 0 0 0 0 0 
0 0 0 0 0 0 0 0 0 0 0 0 0 0 0 0 0 0 0 0 0 0 0 0 0 3 0 0 0 0 0 0 0 0 0 0 0 0 0 71 0 0 0 0 0 0 0 0 0 0 0 0 0 0 0 0 0 0 0 0 0 0 0 0 0 0 0 0 0 0 0 0 0 0 0 0 0 0 0 0 0 0 0 
92 0 0 0 0 0 208 0 0 0 0 0 0 0 0 0 0 0 0 0 0 0 0 0 0 0 0 0 0 0 0 0 0 482 3 0 475 152 0 6 109 0 0 0 0 0 0 0 0 0 0 0 0 0 0 0 0 0 0 0 0 0 0 0 0 0 0 0 0 0 0 0 0 0 0 0 0 0 0 0 0 0 0 
0 0 0 0 5 0 0 0 210 2606 0 0 0 0 0 1065 570 1204 3586 161 1 3538 1170 2 2297 30 0 0 0 198 0 351 0 91 571 0 650 42 0 331 67 0 0 0 0 0 0 0 0 0 0 0 0 0 0 0 0 0 33 1 22 10 0 0 0 0 0 0 0 1 1 0 0 0 0 0 0 0 0 0 0 0 0 
80 30 0 0 184 0 943 1 74 3703 0 0 0 0 0 2196 5965 3573 6060 2741 4 1405 119 67 599 5 0 0 198 0 519 2025 0 638 384 0 1881 33 0 31 0 0 0 0 0 0 0 0 0 0 0 0 0 0 0 0 0 0 178 22 902 16 0 0 0 13 0 0 0 2 11 0 12 0 0 0 0 36 10 0 0 0 0 
0 0 0 0 0 0 0 0 0 0 0 0 0 0 0 2 1403 98 428 125 0 0 0 0 0 0 0 0 0 519 0 238 0 0 0 0 0 0 0 0 0 0 0 0 0 0 0 0 0 0 0 0 0 0 0 0 0 0 0 0 20 0 0 0 0 0 0 0 0 0 0 0 0 0 0 0 0 0 0 0 0 0 0 
1094 1 0 0 3 0 2729 0 0 0 0 0 0 0 0 18 116 2042 89 3524 202 4924 711 6013 1691 0 0 0 351 2025 238 0 97 1873 40 0 532 52 0 0 0 0 0 0 0 0 0 0 0 0 0 0 0 0 0 0 0 0 338 3 2985 7 0 0 0 3 0 0 0 14 196 0 80 3 2 13 0 2 0 0 0 0 0 
0 0 0 0 0 0 0 0 0 0 0 0 0 0 0 0 128 190 0 715 0 0 0 0 0 0 0 0 0 0 0 97 0 0 0 0 0 0 0 0 0 0 0 0 0 0 0 0 0 0 0 0 0 0 0 0 0 0 101 0 71 0 0 0 0 0 0 0 0 0 0 0 0 0 0 5 0 0 0 0 0 0 0 
1106 155 0 0 2474 324 1561 1400 404 2654 0 0 0 0 0 2354 1467 1883 0 439 522 1274 1008 691 587 0 0 482 91 638 0 1873 0 0 38 33 87 0 0 16 0 0 0 0 0 0 0 0 0 0 0 0 0 0 0 3 0 0 338 0 669 0 0 0 0 2 0 0 0 0 72 0 112 3 11 376 0 307 164 0 0 0 129 
43 2 0 0 1278 0 3239 7533 205 23270 324 0 0 0 0 483 0 2045 0 1151 14 21 0 95 210 51 0 3 571 384 0 40 0 38 0 1659 428 414 0 87 48 0 0 0 0 0 0 0 81 0 19 76 0 0 0 1 53 0 160 0 536 0 0 0 0 0 0 0 0 3 34 0 35 7 3 55 0 54 9 0 0 0 1985 
205 21 0 18 416 0 9386 2568 371 709 77 0 3 0 0 0 0 0 0 0 0 0 0 0 0 0 0 0 0 0 0 0 0 33 1659 0 487 0 0 0 7 0 0 0 0 0 0 65 708 1 0 0 0 0 0 0 0 0 0 0 0 0 0 0 0 0 0 0 0 0 0 0 0 0 0 0 2 1 0 0 0 0 576 
178 3938 0 0 6439 83 14474 9237 341 11088 0 0 0 0 0 9628 352 2613 0 651 97 1 100 4 225 7 0 475 650 1881 0 532 0 87 428 487 0 5 0 198 0 0 0 0 0 0 0 0 279 0 0 0 0 0 0 0 11 0 1422 7 2545 0 0 0 0 4 0 0 0 64 2621 0 2474 46 131 767 0 1807 637 0 0 0 5077 
0 1 0 0 56 0 241 0 0 0 0 0 0 0 0 0 0 23 0 2 0 0 0 0 14 0 0 152 42 33 0 52 0 0 414 0 5 0 0 16 0 0 0 0 0 0 0 0 0 0 0 0 0 0 0 0 0 0 24 3 144 0 0 0 0 0 0 0 0 3 180 0 141 8 8 36 0 119 23 0 0 0 2906 
379 0 0 50 0 0 41 0 0 0 0 0 0 0 0 0 0 0 0 0 0 0 0 0 0 0 0 0 0 0 0 0 0 0 0 0 0 0 0 0 116 0 0 1 0 0 0 55 22 0 0 0 0 0 0 0 0 0 0 0 0 0 0 0 0 0 0 0 0 0 0 0 0 0 0 0 0 0 0 0 0 0 120 
0 0 0 0 0 0 0 0 0 137 0 0 0 0 0 470 0 689 0 113 27 21 0 27 74 169 71 6 331 31 0 0 0 16 87 0 198 16 0 0 87 0 0 0 0 0 0 0 0 0 0 0 0 0 0 0 5 0 368 6 513 0 0 0 0 2 0 0 0 13 213 0 307 20 5 108 0 77 29 0 0 0 6 
0 0 0 0 0 0 0 0 0 0 0 0 0 0 0 0 0 0 0 0 0 0 0 0 0 0 0 109 67 0 0 0 0 0 48 7 0 0 116 87 0 0 0 0 0 0 0 0 0 0 0 0 0 0 0 0 0 0 0 0 0 0 0 0 0 0 0 0 0 0 0 0 0 0 0 0 0 0 0 0 0 0 0 
0 0 0 0 0 0 0 0 0 0 0 0 0 0 0 0 0 0 0 0 0 0 0 0 0 0 0 0 0 0 0 0 0 0 0 0 0 0 0 0 0 0 216 0 19 46 0 919 0 0 0 0 20 0 0 0 0 0 3 0 0 0 5 23 41 0 0 0 31 0 38 0 1661 0 2834 0 82 907 0 0 0 0 0 
0 0 0 0 0 0 0 0 0 0 0 0 0 0 0 0 0 0 0 0 0 0 0 0 0 0 0 0 0 0 0 0 0 0 0 0 0 0 0 0 0 216 0 0 0 310 0 0 0 0 0 0 0 0 0 0 0 0 12 0 0 0 5 63 115 1 0 0 0 0 0 0 279 0 549 0 18 703 0 0 0 0 0 
4 0 102 27 0 0 314 21 0 0 0 50 0 0 0 0 0 0 0 0 0 0 0 0 0 0 0 0 0 0 0 0 0 0 0 0 0 0 1 0 0 0 0 0 0 0 0 0 0 0 0 0 219 0 0 0 0 0 0 0 0 0 0 0 0 0 0 0 0 0 0 0 0 0 0 0 0 0 0 0 0 0 0 
0 0 6 114 0 0 2 0 0 0 0 157 0 0 0 0 0 0 0 0 0 0 0 0 0 0 0 0 0 0 0 0 0 0 0 0 0 0 0 0 0 19 0 0 0 0 0 827 132 0 0 0 114 0 0 0 0 0 0 0 0 0 0 0 0 0 0 0 0 0 1 0 0 0 0 1 0 1 0 4 0 0 35 
0 0 0 0 0 0 0 0 0 0 0 0 0 0 0 0 0 0 0 0 0 0 0 0 0 0 0 0 0 0 0 0 0 0 0 0 0 0 0 0 0 46 310 0 0 0 214 136 0 0 0 0 0 0 0 0 0 0 12 0 0 0 164 396 1361 78 0 0 0 0 0 0 102 0 248 25 291 6469 0 0 0 0 86 
0 0 0 0 0 0 0 0 0 0 0 0 0 0 0 0 0 0 0 0 0 0 0 0 0 0 0 0 0 0 0 0 0 0 0 0 0 0 0 0 0 0 0 0 0 214 0 44 197 3691 105 0 0 0 0 0 0 0 0 0 0 0 0 0 0 0 0 0 0 1 0 0 0 0 1932 4 0 3542 0 0 0 0 0 
196 0 545 648 78 0 12246 785 3 0 0 229 153 0 0 0 0 0 0 0 0 0 0 0 0 0 0 0 0 0 0 0 0 0 0 65 0 0 55 0 0 919 0 0 827 136 44 0 5372 1088 0 0 2363 11 0 0 0 0 19 0 0 0 83 88 366 59 0 0 4 0 0 0 839 0 149 901 20423 10639 4 2527 1 0 216 
132 0 289 70 213 0 10784 30707 131 2514 231 2 481 0 0 0 0 0 0 0 0 0 0 0 0 0 0 0 0 0 0 0 0 0 81 708 279 0 22 0 0 0 0 0 132 0 197 5372 0 6913 817 200 890 6753 1187 0 0 0 0 0 5 0 0 0 0 0 0 0 0 0 0 0 0 0 59 8005 5529 14559 0 300 0 0 0 
0 0 0 0 0 0 0 0 0 0 0 0 0 0 0 0 0 0 0 0 0 0 0 0 0 0 0 0 0 0 0 0 0 0 0 1 0 0 0 0 0 0 0 0 0 0 3691 1088 6913 0 2557 0 0 0 0 0 0 0 0 0 0 0 0 0 0 0 0 0 0 0 0 0 0 0 190 26 0 2254 0 0 0 0 0 
0 0 0 0 0 0 0 0 0 60 147 0 0 0 0 0 0 0 0 0 0 0 0 0 0 0 0 0 0 0 0 0 0 0 19 0 0 0 0 0 0 0 0 0 0 0 105 0 817 2557 0 14 0 0 0 0 2759 9 361 0 3 0 0 0 0 0 0 0 0 6610 6209 34 273 0 2034 19596 5671 9238 0 0 0 0 0 
0 0 0 0 0 0 0 7 0 6083 3685 0 0 0 0 0 0 0 0 1 0 0 0 0 0 0 0 0 0 0 0 0 0 0 76 0 0 0 0 0 0 0 0 0 0 0 0 0 200 0 14 0 0 2 1295 0 0 0 14 0 3 0 0 0 0 0 0 0 0 0 0 0 0 0 0 314 321 11 0 0 0 0 0 
0 0 0 0 0 0 79 190 0 0 0 0 1 0 0 0 0 0 0 0 0 0 0 0 0 0 0 0 0 0 0 0 0 0 0 0 0 0 0 0 0 20 0 219 114 0 0 2363 890 0 0 0 0 13 0 0 0 0 0 0 0 0 0 0 0 0 0 0 0 0 0 0 0 0 0 0 0 0 0 0 0 0 0 
0 0 0 0 0 0 117 1796 0 0 0 0 78 0 0 0 0 0 0 0 0 0 0 0 0 0 0 0 0 0 0 0 0 0 0 0 0 0 0 0 0 0 0 0 0 0 0 11 6753 0 0 2 13 0 438 248 0 0 0 0 139 0 0 0 0 0 0 0 0 0 0 0 0 0 0 0 0 0 0 0 0 0 0 
0 0 0 0 0 0 0 611 0 589 1662 0 0 189 5 0 0 3 0 452 0 0 0 0 0 0 0 0 0 0 0 0 0 0 0 0 0 0 0 0 0 0 0 0 0 0 0 0 1187 0 0 1295 0 438 0 2139 0 0 0 0 2687 0 0 0 1 0 1 0 0 0 0 0 0 0 0 0 0 0 0 0 0 0 0 
0 0 0 0 0 0 0 0 0 0 0 0 0 1 2 0 0 432 1 1062 1 0 0 0 0 0 0 0 0 0 0 0 0 3 1 0 0 0 0 0 0 0 0 0 0 0 0 0 0 0 0 0 0 248 2139 0 0 0 22 0 2188 36 107 0 98 22 16 0 0 0 0 0 0 0 0 68 0 2 1 0 20 0 0 
0 0 0 0 0 0 0 0 0 1 5 0 0 0 0 0 0 1 0 0 0 0 0 0 0 0 0 0 0 0 0 0 0 0 53 0 11 0 0 5 0 0 0 0 0 0 0 0 0 0 2759 0 0 0 0 0 0 3826 5749 0 9 0 0 0 0 0 0 0 0 3343 6492 1 98 0 203 3609 106 7522 0 0 0 0 18 
0 0 0 0 0 0 0 0 0 0 0 0 0 0 0 0 0 0 0 0 0 0 0 0 0 0 0 0 0 0 0 0 0 0 0 0 0 0 0 0 0 0 0 0 0 0 0 0 0 0 9 0 0 0 0 0 3826 0 594 533 0 0 0 0 0 0 0 0 0 1574 7842 1702 94 4 119 0 0 0 0 0 0 0 0 
1 0 0 0 0 0 0 0 0 5 6 0 0 0 8 0 0 4955 151 8357 7 0 147 0 442 0 0 0 33 178 0 338 101 338 160 0 1422 24 0 368 0 3 12 0 0 12 0 19 0 0 361 14 0 0 0 22 5749 594 0 8834 1114 1021 58 866 79 5904 0 0 372 5566 6663 448 7420 1490 1103 5882 0 3748 440 0 3 17 493 
0 1 0 0 1 0 0 0 0 0 0 0 0 0 0 0 0 223 75 88 0 0 0 0 103 0 0 0 1 22 0 3 0 0 0 0 7 3 0 6 0 0 0 0 0 0 0 0 0 0 0 0 0 0 0 0 0 533 8834 0 723 0 0 796 0 1049 0 0 2 1268 3884 197 188 0 31 0 0 111 0 0 0 0 0 
0 0 0 0 8 0 0 0 0 391 611 0 0 15 4 3 0 830 549 10793 2 0 1 2 174 0 0 0 22 902 20 2985 71 669 536 0 2545 144 0 513 0 0 0 0 0 0 0 0 5 0 3 3 0 139 2687 2188 9 0 1114 723 0 491 377 0 291 165 0 0 1 272 879 0 439 4 47 26 0 342 17 0 0 0 309 
0 0 0 0 0 0 0 0 0 0 0 0 0 0 1 0 0 2075 5 1156 20 0 47 0 143 0 0 0 10 16 0 7 0 0 0 0 0 0 0 0 0 0 0 0 0 0 0 0 0 0 0 0 0 0 0 36 0 0 1021 0 491 0 308 10 15 63 0 0 6 188 41 0 105 0 78 19 0 638 36 0 0 15 0 
0 0 0 0 0 0 0 0 0 0 0 0 0 0 3 0 0 839 0 665 9 0 0 0 2 0 0 0 0 0 0 0 0 0 0 0 0 0 0 0 0 5 5 0 0 164 0 83 0 0 0 0 0 0 0 107 0 0 58 0 377 308 0 2 315 119 0 0 0 1274 1507 0 3824 0 397 7 0 1986 0 0 2 0 0 
0 0 0 0 0 0 0 0 0 0 0 0 0 0 0 0 0 54 0 67 1 0 11 0 0 0 0 0 0 0 0 0 0 0 0 0 0 0 0 0 0 23 63 0 0 396 0 88 0 0 0 0 0 0 0 0 0 0 866 796 0 10 2 0 5 3374 1 0 108 5096 960 0 1614 0 373 8 0 1144 23 0 15 0 0 
0 0 0 0 0 0 0 0 0 0 0 0 0 0 0 0 0 62 0 3 2 0 0 0 0 0 0 0 0 0 0 0 0 0 0 0 0 0 0 0 0 41 115 0 0 1361 0 366 0 0 0 0 0 0 1 98 0 0 79 0 291 15 315 5 0 70 5 0 4 3 20 0 1852 0 293 0 0 787 0 0 11 0 0 
0 0 0 0 1 0 0 0 0 0 0 0 0 0 0 0 0 279 39 49 1 0 5 0 60 0 0 0 0 13 0 3 0 2 0 0 4 0 0 2 0 0 1 0 0 78 0 59 0 0 0 0 0 0 0 22 0 0 5904 1049 165 63 119 3374 70 0 9 75 50 399 1 0 440 0 244 85 0 983 21 0 227 16 0 
0 0 0 0 0 0 0 0 0 0 0 0 0 0 0 0 0 0 0 0 0 0 0 0 0 0 0 0 0 0 0 0 0 0 0 0 0 0 0 0 0 0 0 0 0 0 0 0 0 0 0 0 0 0 1 16 0 0 0 0 0 0 0 1 5 9 0 4 0 0 0 0 0 0 0 0 0 0 0 0 239 1 0 
0 0 0 0 0 0 0 0 0 0 0 0 0 0 0 0 0 0 0 0 0 0 0 0 0 0 0 0 0 0 0 0 0 0 0 0 0 0 0 0 0 0 0 0 0 0 0 0 0 0 0 0 0 0 0 0 0 0 0 0 0 0 0 0 0 75 4 0 34 0 0 0 0 0 0 0 0 0 0 0 58 3 0 
0 0 0 0 0 0 0 0 0 0 0 0 0 0 0 0 0 0 0 0 0 0 0 0 3 0 0 0 0 0 0 0 0 0 0 0 0 0 0 0 0 31 0 0 0 0 0 4 0 0 0 0 0 0 0 0 0 0 372 2 1 6 0 108 4 50 0 34 0 0 0 0 4 0 163 124 0 185 99 0 252 961 0 
0 0 0 0 0 0 0 0 0 0 0 0 0 0 0 0 0 13 2 0 0 0 0 0 4 0 0 0 1 2 0 14 0 0 3 0 64 3 0 13 0 0 0 0 0 0 1 0 0 0 6610 0 0 0 0 0 3343 1574 5566 1268 272 188 1274 5096 3 399 0 0 0 0 283 0 936 0 285 0 0 2869 2 0 0 0 0 
3 27 0 0 89 0 2 0 0 0 0 0 0 0 0 0 0 137 10 0 0 0 0 0 14 0 0 0 1 11 0 196 0 72 34 0 2621 180 0 213 0 38 0 0 1 0 0 0 0 0 6209 0 0 0 0 0 6492 7842 6663 3884 879 41 1507 960 20 1 0 0 0 283 0 60 2003 1 312 264 0 2204 239 0 65 63 12 
0 0 0 0 0 0 0 0 0 0 0 0 0 0 0 0 0 0 0 0 0 0 0 0 0 0 0 0 0 0 0 0 0 0 0 0 0 0 0 0 0 0 0 0 0 0 0 0 0 0 34 0 0 0 0 0 1 1702 448 197 0 0 0 0 0 0 0 0 0 0 60 0 548 0 10 0 0 17 0 0 0 0 0 
4 96 0 0 185 0 4 0 0 0 0 0 0 0 0 0 0 198 17 2 0 0 0 0 20 0 0 0 0 12 0 80 0 112 35 0 2474 141 0 307 0 1661 279 0 0 102 0 839 0 0 273 0 0 0 0 0 98 94 7420 188 439 105 3824 1614 1852 440 0 0 4 936 2003 548 0 0 1322 149 0 1007 90 0 31 4 34 
0 0 0 0 0 0 0 0 0 0 0 0 0 0 0 0 0 0 0 0 0 0 0 0 0 0 0 0 0 0 0 3 0 3 7 0 46 8 0 20 0 0 0 0 0 0 0 0 0 0 0 0 0 0 0 0 0 4 1490 0 4 0 0 0 0 0 0 0 0 0 1 0 0 0 4 0 0 1 0 0 0 0 8 
4 16 0 0 18 0 0 0 0 0 0 0 0 0 0 0 0 48 6 0 0 0 0 0 3 0 0 0 0 0 0 2 0 11 3 0 131 8 0 5 0 2834 549 0 0 248 1932 149 59 190 2034 0 0 0 0 0 203 119 1103 31 47 78 397 373 293 244 0 0 163 285 312 10 1322 4 0 51 0 111 0 0 0 0 0 
10 21 0 0 1 0 0 0 0 1 1 0 0 0 0 0 0 159 0 352 86 0 111 0 0 0 0 0 0 0 0 13 5 376 55 0 767 36 0 108 0 0 0 0 1 25 4 901 8005 26 19596 314 0 0 0 68 3609 0 5882 0 26 19 7 8 0 85 0 0 124 0 264 0 149 0 51 0 36 30 182 0 88 80 2188 
0 0 0 0 0 0 0 6 0 1 0 0 0 0 0 0 0 0 0 0 0 0 0 0 0 0 0 0 0 0 0 0 0 0 0 2 0 0 0 0 0 82 18 0 0 291 0 20423 5529 0 5671 321 0 0 0 0 106 0 0 0 0 0 0 0 0 0 0 0 0 0 0 0 0 0 0 36 0 0 3 1 0 0 1485 
58 494 0 0 356 0 4 22 0 0 0 0 0 0 0 0 0 867 8 34 5 0 46 0 77 0 0 0 0 36 0 2 0 307 54 1 1807 119 0 77 0 907 703 0 1 6469 3542 10639 14559 2254 9238 11 0 0 0 2 7522 0 3748 111 342 638 1986 1144 787 983 0 0 185 2869 2204 17 1007 1 111 30 0 0 128 0 72 0 367 
13 130 0 0 46 0 1 0 0 0 0 0 0 0 0 0 0 356 0 10 1 0 11 0 23 0 0 0 0 10 0 0 0 164 9 0 637 23 0 29 0 0 0 0 0 0 0 4 0 0 0 0 0 0 0 1 0 0 440 0 17 36 0 23 0 21 0 0 99 2 239 0 90 0 0 182 3 128 0 0 8 0 805 
0 0 0 0 0 0 0 0 0 0 0 0 0 0 0 0 0 0 0 0 0 0 0 0 0 0 0 0 0 0 0 0 0 0 0 0 0 0 0 0 0 0 0 0 4 0 0 2527 300 0 0 0 0 0 0 0 0 0 0 0 0 0 0 0 0 0 0 0 0 0 0 0 0 0 0 0 1 0 0 0 0 0 0 
0 0 0 0 0 0 0 0 0 0 0 0 0 0 0 0 0 3 0 4 5 0 13 0 0 0 0 0 0 0 0 0 0 0 0 0 0 0 0 0 0 0 0 0 0 0 0 1 0 0 0 0 0 0 0 20 0 0 3 0 0 0 2 15 11 227 239 58 252 0 65 0 31 0 0 88 0 72 8 0 0 51 0 
0 0 0 0 0 0 0 0 0 0 0 0 0 0 0 0 0 8 0 3 0 0 2 0 0 0 0 0 0 0 0 0 0 0 0 0 0 0 0 0 0 0 0 0 0 0 0 0 0 0 0 0 0 0 0 0 0 0 17 0 0 15 0 0 0 16 1 3 961 0 63 0 4 0 0 80 0 0 0 0 51 0 0 
1 43 0 0 140 0 1168 0 0 2945 0 0 0 0 0 345 0 733 0 2 0 0 0 0 0 0 0 0 0 0 0 0 0 129 1985 576 5077 2906 120 6 0 0 0 0 35 86 0 216 0 0 0 0 0 0 0 0 18 0 493 0 309 0 0 0 0 0 0 0 0 0 12 0 34 8 0 2188 1485 367 805 0 0 0 0 
