0 1734 504 333 9 0 7166 1 0 0 0 659 0 0 0 0 0 0 0 0 0 0 0 0 7 0 0 0 0 0 0 487 0 1176 0 142 0 0 629 0 0 850 0 447 10 0 0 386 522 0 0 0 0 0 0 0 0 0 0 0 0 0 0 0 0 0 0 0 0 0 0 0 0 0 1 1 0 3 0 0 0 0 0 
1734 0 0 0 195 0 162 0 0 0 0 0 0 0 0 0 0 0 0 0 0 0 0 0 24 0 0 45 0 0 0 2936 0 3530 0 0 266 0 0 0 0 0 0 0 0 0 0 0 0 0 0 0 0 0 0 0 0 0 0 0 0 0 0 0 0 0 0 0 0 0 0 0 0 0 0 4 0 7 0 0 0 0 1 
504 0 0 330 0 0 0 0 0 0 0 116 0 0 0 0 0 0 0 0 0 0 0 0 0 0 0 0 0 0 0 0 0 233 0 112 242 0 96 0 0 118 0 255 10 0 0 971 757 0 0 0 0 0 0 0 0 0 0 0 0 0 0 0 0 0 0 0 0 0 0 0 0 0 0 0 0 0 0 0 0 0 0 
333 0 330 0 0 0 46 0 0 0 0 552 0 0 0 0 0 0 0 0 0 0 0 0 0 0 0 0 0 0 0 0 0 102 0 124 97 2 81 0 0 142 0 1235 90 0 0 2918 2830 0 0 0 0 0 0 0 0 0 0 0 0 0 0 0 0 0 0 0 0 0 0 0 0 0 0 0 18 1 0 0 0 0 0 
9 195 0 0 0 7 64 2770 1 3 0 0 0 0 0 157 1 4 0 1 2 0 12 416 929 0 0 0 18 2 1 2821 0 6406 117 2 7009 416 0 0 0 0 0 0 0 0 1 65 230 0 0 0 0 2 0 0 0 0 0 0 0 0 0 0 0 0 0 0 0 0 0 0 0 0 4 791 5 1760 36 0 0 0 309 
0 0 0 0 7 0 0 3725 1401 6819 0 0 0 0 0 205 416 0 0 0 0 0 0 0 0 0 0 0 0 72 3 0 0 2238 0 0 2961 0 0 0 0 0 0 0 0 0 0 0 0 0 0 0 0 0 0 0 0 0 0 0 0 0 0 0 0 0 0 0 0 0 0 0 0 0 0 0 0 0 0 0 0 0 0 
7166 162 0 46 64 0 0 10045 8065 243 0 44 1000 0 0 4 0 2 0 0 0 0 9 374 481 0 0 67 10 0 0 2610 0 7102 3522 9315 15813 2726 278 0 0 50 0 347 83 3 2 7470 4059 0 0 0 0 577 0 0 0 0 0 0 0 0 0 0 0 0 0 0 0 0 0 0 0 0 3 315 1083 1154 84 0 0 0 1613 
1 0 0 0 2770 3725 10045 0 691 698 399 1833 27188 7305 0 3 0 55 0 4 0 0 0 0 0 0 0 0 0 0 0 0 0 607 15292 3009 10218 746 68 0 0 0 0 412 155 0 12 5734 22840 0 0 1125 37 2386 691 0 0 0 0 0 3 0 0 0 0 0 0 0 0 0 0 0 0 0 31 134 359 111 51 0 0 0 3100 
0 0 0 0 1 1401 8065 691 0 1317 0 0 0 0 0 1 0 0 0 0 0 0 0 0 0 0 0 0 0 0 0 0 0 0 84 0 1104 14 0 0 0 0 0 0 0 0 0 0 14 0 0 0 0 0 0 0 0 0 0 0 0 0 0 0 0 0 0 0 0 0 0 0 0 0 0 0 0 0 0 0 0 0 121 
0 0 0 0 3 6819 243 698 1317 0 34 0 2 1052 0 890 4818 43 0 4 0 0 0 0 0 0 0 0 0 2114 20 2 0 3914 22799 243 11452 1574 1 0 0 0 0 0 0 0 0 0 182 0 2581 5645 0 0 632 0 0 0 0 0 3 0 0 0 0 0 0 0 0 0 0 0 0 0 0 0 0 0 0 0 0 0 10092 
0 0 0 0 0 0 0 399 0 34 0 0 9 6664 0 219 0 0 0 85 0 0 0 0 0 0 0 0 0 0 0 0 0 0 33 42 0 0 0 0 0 0 0 0 0 0 0 0 1 0 1094 1715 0 0 605 0 7 0 0 0 0 0 0 0 0 0 0 0 0 0 0 0 0 0 0 0 1 0 0 0 0 0 0 
659 0 116 552 0 0 44 1833 0 0 0 0 61 0 0 0 0 0 0 0 0 0 0 0 0 0 0 0 0 0 0 0 0 1 0 0 8 0 29 0 0 548 0 1166 231 0 0 153 270 0 0 0 1 0 0 0 0 0 0 0 0 0 0 0 0 0 0 0 0 0 0 0 0 0 1 0 0 0 0 6 0 0 0 
0 0 0 0 0 0 1000 27188 0 2 9 61 0 99 274 0 0 0 0 246 0 0 0 0 0 0 0 0 0 0 0 0 0 0 57 0 37 0 0 0 0 0 0 78 29 0 0 284 327 0 0 0 0 114 0 0 0 0 0 0 0 0 0 0 0 0 0 0 0 0 0 0 0 0 0 0 1 1 0 0 0 0 0 
0 0 0 0 0 0 0 7305 0 1052 6664 0 99 0 1566 197 0 286 0 6108 0 0 0 0 0 0 0 0 0 0 0 0 0 0 0 0 0 0 0 0 0 0 0 0 0 0 0 0 0 0 0 1 0 0 2 0 0 0 0 0 0 0 0 0 0 0 0 0 0 0 0 0 0 0 0 0 0 0 0 0 0 0 0 
0 0 0 0 0 0 0 0 0 0 0 0 274 1566 0 0 0 1205 0 10727 34 0 0 17 9 932 0 0 0 12 0 14 0 2 4 9 3 1 12 24 0 0 0 0 0 0 0 0 0 0 0 0 0 0 0 0 0 0 548 0 354 430 452 968 31 0 0 0 0 0 0 0 0 0 0 3 0 129 0 0 50 0 0 
0 0 0 0 157 205 4 3 1 890 219 0 0 197 0 0 6128 131 11 26 0 0 0 0 0 0 0 0 0 2067 1431 297 0 2371 3564 5 13940 46 0 2 0 0 0 0 0 0 0 0 0 0 171 665 0 0 35 0 0 0 0 0 38 0 0 0 0 0 0 0 0 0 0 0 0 0 0 0 0 0 0 0 0 0 5413 
0 0 0 0 1 416 0 0 0 4818 0 0 0 0 0 6128 0 2185 141 0 0 0 0 0 0 0 0 0 2 9600 2551 737 0 4243 0 0 4443 0 0 0 0 0 0 0 0 0 0 0 0 0 0 0 0 0 0 0 0 0 0 0 0 0 0 0 0 0 0 0 0 0 0 0 0 0 0 0 0 0 0 0 0 0 0 
0 0 0 0 4 0 2 55 0 43 0 0 0 286 1205 131 2185 0 13613 700 50 1469 7203 142 297 0 0 0 3447 7127 3101 10765 640 2798 13132 163 16050 969 0 290 0 0 0 0 0 0 0 0 0 0 886 1583 0 0 1255 490 438 0 2838 0 16746 84 688 7965 218 0 0 0 0 6 4 24 518 492 673 487 0 3994 201 0 0 0 6463 
0 0 0 0 0 0 0 0 0 0 0 0 0 0 0 11 141 13613 0 0 0 0 86 0 0 0 0 0 4082 10081 227 0 0 0 0 0 0 0 0 0 0 0 0 0 0 0 0 0 0 0 0 0 0 0 0 0 0 0 0 0 0 0 0 0 0 0 0 0 0 0 0 0 0 0 0 0 0 0 0 0 0 0 0 
0 0 0 0 1 0 0 4 0 4 85 0 246 6108 10727 26 0 700 0 0 250 4 0 56 0 17 0 0 0 2 0 15 5 3 106 37 433 29 0 0 0 0 0 0 0 0 0 0 0 0 117 428 0 0 1545 2020 36 0 802 24 4042 18 123 1317 20 0 0 0 0 65 1 161 1311 555 146 42 1 2980 139 0 0 0 53 
0 0 0 0 2 0 0 0 0 0 0 0 0 0 34 0 0 50 0 250 0 1939 1 771 0 0 0 0 0 2 0 12 0 4 2 0 237 14 0 0 0 0 0 0 0 0 0 0 0 0 0 0 0 0 0 8 0 0 68 0 16 80 654 5907 210 0 0 0 0 0 37 1 147 0 361 3 0 378 0 0 0 0 3 
0 0 0 0 0 0 0 0 0 0 0 0 0 0 0 0 0 1469 0 4 1939 0 1 2849 25 0 0 0 1046 1061 0 888 0 155 0 0 5 0 0 0 0 0 0 0 0 0 0 6 0 0 0 0 0 0 0 0 0 0 0 0 2 0 242 576 185 0 0 0 0 0 105 0 445 0 420 0 0 1234 0 0 0 0 0 
0 0 0 0 12 0 9 0 0 0 0 0 0 0 0 0 0 7203 86 0 1 1 0 40 645 0 0 0 4407 4202 6 6551 129 1573 0 0 4065 52 0 0 0 0 0 0 0 0 0 2 0 0 0 0 0 0 0 0 0 0 24 0 0 1 43 4142 50 2 0 0 0 0 35 0 467 0 1840 0 0 5539 0 0 0 0 3 
0 0 0 0 416 0 374 0 0 0 0 0 0 0 17 0 0 142 0 56 771 2849 40 0 468 131 0 0 831 282 0 807 0 32 33 0 1450 0 0 45 0 0 0 0 0 0 0 0 0 0 0 0 0 0 0 13 0 0 120 0 245 197 1075 3446 149 0 0 0 0 0 0 0 0 0 0 1 0 11 0 0 10 0 0 
7 24 0 0 929 0 481 0 0 0 0 0 0 0 9 0 0 297 0 0 0 25 645 468 0 4 0 79 2996 2661 1 4014 0 24 204 0 1560 0 0 210 0 0 0 0 0 0 0 0 0 0 0 0 0 0 0 0 0 0 0 0 0 0 0 0 0 0 0 0 0 0 0 0 0 0 0 0 0 7 0 0 0 0 0 
0 0 0 0 0 0 0 0 0 0 0 0 0 0 932 0 0 0 0 17 0 0 0 131 4 0 0 0 304 45 0 19 0 0 37 0 78 0 0 212 0 0 0 0 0 0 0 0 0 0 0 0 0 0 0 0 0 0 2 0 146 0 29 3 0 0 0 0 0 0 0 0 0 0 0 0 0 0 0 0 14 0 0 
0 0 0 0 0 0 0 0 0 0 0 0 0 0 0 0 0 0 0 0 0 0 0 0 0 0 0 34 0 0 0 0 0 0 0 0 0 0 0 0 0 0 0 0 0 0 0 0 0 0 0 0 0 0 0 0 0 0 0 0 0 0 0 0 0 0 0 0 0 0 0 0 0 0 0 0 0 0 0 0 0 0 0 
0 45 0 0 0 0 67 0 0 0 0 0 0 0 0 0 0 0 0 0 0 0 0 0 79 0 34 0 0 0 0 0 0 0 0 0 408 110 0 14 0 0 0 0 0 0 0 0 0 0 0 0 0 0 0 0 0 0 0 0 0 0 0 0 0 0 0 0 0 0 0 0 0 0 0 0 0 0 0 0 0 0 0 
0 0 0 0 18 0 10 0 0 0 0 0 0 0 0 0 2 3447 4082 0 0 1046 4407 831 2996 304 0 0 0 7003 584 1761 13 1 5 0 339 0 0 155 0 0 0 0 0 0 0 0 0 0 0 0 0 0 0 0 0 0 0 0 0 0 24 0 1 0 0 0 0 0 3 0 13 0 8 0 0 38 0 0 0 0 0 
0 0 0 0 2 72 0 0 0 2114 0 0 0 0 12 2067 9600 7127 10081 2 2 1061 4202 282 2661 45 0 0 7003 0 604 157 0 289 0 0 2146 0 0 465 0 0 0 0 0 0 0 0 0 0 0 0 0 0 0 0 0 0 0 0 2 0 199 4 18 0 0 0 0 0 42 0 145 1 64 2 0 334 0 0 0 0 3 
0 0 0 0 1 3 0 0 0 20 0 0 0 0 0 1431 2551 3101 227 0 0 0 6 0 1 0 0 0 584 604 0 1671 0 89 0 0 278 0 0 0 0 0 0 0 0 0 0 0 0 0 0 0 0 0 0 0 0 0 0 0 0 0 0 0 0 0 0 0 0 0 0 1 1 1 0 0 0 4 0 0 0 0 0 
487 2936 0 0 2821 0 2610 0 0 2 0 0 0 0 14 297 737 10765 0 15 12 888 6551 807 4014 19 0 0 1761 157 1671 0 783 302 193 0 4588 92 0 654 0 0 0 0 0 0 0 0 0 0 0 0 0 0 0 0 0 0 0 0 30 0 0 0 0 0 0 0 0 0 1 1 19 30 32 11 0 1352 30 0 0 0 23 
0 0 0 0 0 0 0 0 0 0 0 0 0 0 0 0 0 640 0 5 0 0 129 0 0 0 0 0 13 0 0 783 0 21 0 0 0 0 0 0 0 0 0 0 0 0 0 0 0 0 0 0 0 0 0 0 0 0 0 0 3 0 0 0 0 0 0 0 0 0 0 0 4 3 0 8 0 10 0 0 0 0 2 
1176 3530 233 102 6406 2238 7102 607 0 3914 0 1 0 0 2 2371 4243 2798 0 3 4 155 1573 32 24 0 0 0 1 289 89 302 21 0 0 17 1234 210 42 0 0 0 0 0 1 0 0 0 0 0 0 0 0 0 0 0 0 0 0 0 0 0 0 0 0 0 0 0 0 0 0 0 0 0 23 40 0 2893 26 0 0 0 2 
0 0 0 0 117 0 3522 15292 84 22799 33 0 57 0 4 3564 0 13132 0 106 2 0 0 33 204 37 0 0 5 0 0 193 0 0 0 1878 579 59 0 126 136 0 0 0 0 0 95 1250 4172 0 95 24 0 119 0 0 26 0 1497 0 2030 0 0 0 0 0 0 0 0 0 0 0 4 19 86 3594 6 392 206 0 0 0 941 
142 0 112 124 2 0 9315 3009 0 243 42 0 0 0 9 5 0 163 0 37 0 0 0 0 0 0 0 0 0 0 0 0 0 17 1878 0 210 0 1 2 0 0 0 0 0 0 5 250 96 0 1 1 0 0 0 0 0 0 5 0 29 0 0 0 0 0 0 0 0 0 0 0 0 0 6 3 0 2 1 0 0 0 25 
0 266 242 97 7009 2961 15813 10218 1104 11452 0 8 37 0 3 13940 4443 16050 0 433 237 5 4065 1450 1560 78 0 408 339 2146 278 4588 0 1234 579 210 0 0 33 119 0 0 0 0 2 0 1 31 293 0 0 0 0 90 0 0 0 0 2 0 208 0 5 18 0 0 0 0 0 0 0 5 129 151 150 1712 4 4511 644 0 0 0 1919 
0 0 0 2 416 0 2726 746 14 1574 0 0 0 0 1 46 0 969 0 29 14 0 52 0 0 0 0 110 0 0 0 92 0 210 59 0 0 0 0 11 3 0 0 0 3 0 0 0 16 0 0 0 0 0 0 0 0 0 0 0 95 0 0 0 0 0 0 0 0 0 0 1 14 19 21 114 13 125 39 0 0 0 3384 
629 0 96 81 0 0 278 68 0 1 0 29 0 0 12 0 0 0 0 0 0 0 0 0 0 0 0 0 0 0 0 0 0 42 0 1 33 0 0 0 1 55 0 4 38 0 0 0 1 0 1 0 0 0 0 0 0 0 0 0 0 0 0 0 0 0 0 0 0 0 0 0 0 0 6 0 1 1 0 10 0 0 0 
0 0 0 0 0 0 0 0 0 0 0 0 0 0 24 2 0 290 0 0 0 0 0 45 210 212 0 14 155 465 0 654 0 0 126 2 119 11 0 0 58 0 0 0 0 0 0 0 0 0 0 0 0 0 0 0 0 0 0 0 3 0 1 0 0 0 0 0 0 0 0 0 1 0 0 6 0 5 3 0 106 0 90 
0 0 0 0 0 0 0 0 0 0 0 0 0 0 0 0 0 0 0 0 0 0 0 0 0 0 0 0 0 0 0 0 0 0 136 0 0 3 1 58 0 0 0 0 0 0 0 0 0 0 0 0 0 0 0 0 0 0 0 0 0 0 0 0 0 0 0 0 0 0 0 0 0 0 0 0 0 0 0 0 0 0 157 
850 0 118 142 0 0 50 0 0 0 0 548 0 0 0 0 0 0 0 0 0 0 0 0 0 0 0 0 0 0 0 0 0 0 0 0 0 0 55 0 0 0 1385 189 902 330 0 6429 0 0 0 0 449 0 0 0 0 0 0 0 0 0 0 0 0 0 0 11 17 0 0 0 310 0 497 0 118 3 0 56 0 1 0 
0 0 0 0 0 0 0 0 0 0 0 0 0 0 0 0 0 0 0 0 0 0 0 0 0 0 0 0 0 0 0 0 0 0 0 0 0 0 0 0 0 1385 0 0 0 711 0 4 0 0 0 0 0 0 0 0 0 0 0 0 0 0 0 0 0 0 0 0 0 0 0 0 1294 0 1122 0 0 484 0 0 0 0 0 
447 0 255 1235 0 0 347 412 0 0 0 1166 78 0 0 0 0 0 0 0 0 0 0 0 0 0 0 0 0 0 0 0 0 0 0 0 0 0 4 0 0 189 0 0 231 0 0 0 0 0 0 0 573 0 0 0 0 0 0 0 0 0 0 0 0 0 0 5 2 0 0 0 23 0 16 0 25 15 0 44 0 0 0 
10 0 10 90 0 0 83 155 0 0 0 231 29 0 0 0 0 0 0 0 0 0 0 0 0 0 0 0 0 0 0 0 0 1 0 0 2 3 38 0 0 902 0 231 0 0 0 39 10 0 11 3 489 50 0 0 0 0 0 0 1 0 0 0 0 0 0 0 0 0 0 0 0 0 42 0 6 0 0 1 0 0 0 
0 0 0 0 0 0 3 0 0 0 0 0 0 0 0 0 0 0 0 0 0 0 0 0 0 0 0 0 0 0 0 0 0 0 0 0 0 0 0 0 0 330 711 0 0 0 466 325 2 0 0 0 0 0 0 0 0 0 0 0 0 0 0 0 0 0 0 0 0 0 0 0 1129 0 7610 0 22 2673 13 0 0 0 0 
0 0 0 0 1 0 2 12 0 0 0 0 0 0 0 0 0 0 0 0 0 0 0 0 0 0 0 0 0 0 0 0 0 0 95 5 1 0 0 0 0 0 0 0 0 466 0 18 3246 163 3643 0 0 0 0 0 0 17 11 0 0 0 0 0 0 0 0 0 0 0 0 424 282 32 7991 43 66 2393 129 0 0 0 32 
386 0 971 2918 65 0 7470 5734 0 0 0 153 284 0 0 0 0 0 0 0 0 6 2 0 0 0 0 0 0 0 0 0 0 0 1250 250 31 0 0 0 0 6429 4 0 39 325 18 0 16171 1120 1645 0 25 761 0 0 0 0 0 0 0 0 0 0 21 9 0 11 11 0 0 0 2906 0 2847 261 14740 16525 1385 175 0 1 247 
522 0 757 2830 230 0 4059 22840 14 182 1 270 327 0 0 0 0 0 0 0 0 0 0 0 0 0 0 0 0 0 0 0 0 0 4172 96 293 16 1 0 0 0 0 0 10 2 3246 16171 0 3832 5142 27 2174 20753 4743 0 8 1 1144 0 31 0 0 0 0 0 0 0 0 0 0 692 87 7 7270 4817 1919 12452 1380 4 0 0 2480 
0 0 0 0 0 0 0 0 0 0 0 0 0 0 0 0 0 0 0 0 0 0 0 0 0 0 0 0 0 0 0 0 0 0 0 0 0 0 0 0 0 0 0 0 0 0 163 1120 3832 0 1261 0 0 0 0 0 0 0 0 0 0 0 0 0 0 0 0 0 0 0 0 0 0 0 5 0 0 0 0 0 0 0 0 
0 0 0 0 0 0 0 0 0 2581 1094 0 0 0 0 171 0 886 0 117 0 0 0 0 0 0 0 0 0 0 0 0 0 0 95 1 0 0 1 0 0 0 0 0 11 0 3643 1645 5142 1261 0 0 0 0 214 0 1690 679 725 0 0 0 0 0 0 2 0 0 0 7 1208 6014 2256 253 4264 14701 3771 5934 1000 1 0 0 13013 
0 0 0 0 0 0 0 1125 0 5645 1715 0 0 1 0 665 0 1583 0 428 0 0 0 0 0 0 0 0 0 0 0 0 0 0 24 1 0 0 0 0 0 0 0 0 3 0 0 0 27 0 0 0 0 15 2092 0 1008 0 0 0 0 0 0 0 0 0 0 0 0 0 0 0 0 0 0 564 222 0 0 0 0 0 0 
0 0 0 0 0 0 0 37 0 0 0 1 0 0 0 0 0 0 0 0 0 0 0 0 0 0 0 0 0 0 0 0 0 0 0 0 0 0 0 0 0 449 0 573 489 0 0 25 2174 0 0 0 0 162 0 0 0 0 0 0 0 0 0 0 0 0 0 0 0 0 0 0 0 0 0 0 0 0 0 0 0 0 0 
0 0 0 0 2 0 577 2386 0 0 0 0 114 0 0 0 0 0 0 0 0 0 0 0 0 0 0 0 0 0 0 0 0 0 119 0 90 0 0 0 0 0 0 0 50 0 0 761 20753 0 0 15 162 0 23 166 0 0 0 0 1593 0 0 0 0 0 0 0 0 0 0 0 0 0 0 0 0 0 0 0 0 0 5 
0 0 0 0 0 0 0 691 0 632 605 0 0 2 0 35 0 1255 0 1545 0 0 0 0 0 0 0 0 0 0 0 0 0 0 0 0 0 0 0 0 0 0 0 0 0 0 0 0 4743 0 214 2092 0 23 0 2367 4 0 18 0 4173 0 0 0 0 0 0 0 0 0 0 0 0 0 0 0 0 0 0 0 0 0 1 
0 0 0 0 0 0 0 0 0 0 0 0 0 0 0 0 0 490 0 2020 8 0 0 13 0 0 0 0 0 0 0 0 0 0 0 0 0 0 0 0 0 0 0 0 0 0 0 0 0 0 0 0 0 166 2367 0 0 0 1565 165 11275 707 622 2478 183 0 36 55 0 119 1 97 445 224 67 31 0 688 246 0 231 0 121 
0 0 0 0 0 0 0 0 0 0 7 0 0 0 0 0 0 438 0 36 0 0 0 0 0 0 0 0 0 0 0 0 0 0 26 0 0 0 0 0 0 0 0 0 0 0 0 0 8 0 1690 1008 0 0 4 0 0 6405 3693 156 0 0 0 0 0 1 0 0 0 9 856 1138 38 0 539 3070 2 9058 1556 7 0 0 1431 
0 0 0 0 0 0 0 0 0 0 0 0 0 0 0 0 0 0 0 0 0 0 0 0 0 0 0 0 0 0 0 0 0 0 0 0 0 0 0 0 0 0 0 0 0 0 17 0 1 0 679 0 0 0 0 0 6405 0 606 1599 0 0 0 0 0 17 0 0 0 148 681 11233 2745 150 18 0 0 11 0 0 0 0 0 
0 0 0 0 0 0 0 0 0 0 0 0 0 0 548 0 0 2838 0 802 68 0 24 120 0 2 0 0 0 0 0 0 0 0 1497 5 2 0 0 0 0 0 0 0 0 0 11 0 1144 0 725 0 0 0 18 1565 3693 606 0 18056 1439 61 1300 396 3645 1 0 0 0 3273 830 1760 4713 4121 4245 12001 237 14624 2921 122 0 0 2056 
0 0 0 0 0 0 0 0 0 0 0 0 0 0 0 0 0 0 0 24 0 0 0 0 0 0 0 0 0 0 0 0 0 0 0 0 0 0 0 0 0 0 0 0 0 0 0 0 0 0 0 0 0 0 0 165 156 1599 18056 0 303 0 0 3560 0 13 0 0 0 6998 6003 5943 1095 37 0 0 0 0 0 0 0 0 0 
0 0 0 0 0 0 0 3 0 3 0 0 0 0 354 38 0 16746 0 4042 16 2 0 245 0 146 0 0 0 2 0 30 3 0 2030 29 208 95 0 3 0 0 0 0 1 0 0 0 31 0 0 0 0 1593 4173 11275 0 0 1439 303 0 444 29 1012 2 0 0 0 0 151 2 388 1995 1727 441 4124 568 879 121 119 12 0 430 
0 0 0 0 0 0 0 0 0 0 0 0 0 0 430 0 0 84 0 18 80 0 1 197 0 0 0 0 0 0 0 0 0 0 0 0 0 0 0 0 0 0 0 0 0 0 0 0 0 0 0 0 0 0 0 707 0 0 61 0 444 0 1644 255 841 0 0 0 0 0 0 0 0 0 0 0 0 0 0 0 0 0 0 
0 0 0 0 0 0 0 0 0 0 0 0 0 0 452 0 0 688 0 123 654 242 43 1075 0 29 0 0 24 199 0 0 0 0 0 0 5 0 0 1 0 0 0 0 0 0 0 0 0 0 0 0 0 0 0 622 0 0 1300 0 29 1644 0 407 2068 0 0 0 0 0 30 0 27 1 6 0 0 155 0 0 4 0 2 
0 0 0 0 0 0 0 0 0 0 0 0 0 0 968 0 0 7965 0 1317 5907 576 4142 3446 0 3 0 0 0 4 0 0 0 0 0 0 18 0 0 0 0 0 0 0 0 0 0 0 0 0 0 0 0 0 0 2478 0 0 396 3560 1012 255 407 0 123 2701 0 0 0 1502 7227 1368 8008 1921 772 0 0 5480 55 0 1 0 0 
0 0 0 0 0 0 0 0 0 0 0 0 0 0 31 0 0 218 0 20 210 185 50 149 0 0 0 0 1 18 0 0 0 0 0 0 0 0 0 0 0 0 0 0 0 0 0 21 0 0 0 0 0 0 0 183 0 0 3645 0 2 841 2068 123 0 98 29 12 0 0 571 0 1109 1 161 0 0 799 0 0 212 0 0 
0 0 0 0 0 0 0 0 0 0 0 0 0 0 0 0 0 0 0 0 0 0 2 0 0 0 0 0 0 0 0 0 0 0 0 0 0 0 0 0 0 0 0 0 0 0 0 9 0 0 2 0 0 0 0 0 1 17 1 13 0 0 0 2701 98 0 51 0 593 1361 5999 167 6752 41 59 1 0 726 0 0 1022 0 0 
0 0 0 0 0 0 0 0 0 0 0 0 0 0 0 0 0 0 0 0 0 0 0 0 0 0 0 0 0 0 0 0 0 0 0 0 0 0 0 0 0 0 0 0 0 0 0 0 0 0 0 0 0 0 0 36 0 0 0 0 0 0 0 0 29 51 0 58 0 26 0 0 4 0 0 0 0 3 0 0 193 0 0 
0 0 0 0 0 0 0 0 0 0 0 0 0 0 0 0 0 0 0 0 0 0 0 0 0 0 0 0 0 0 0 0 0 0 0 0 0 0 0 0 0 11 0 5 0 0 0 11 0 0 0 0 0 0 0 55 0 0 0 0 0 0 0 0 12 0 58 0 0 0 0 0 0 0 23 0 0 28 0 0 16 0 0 
0 0 0 0 0 0 0 0 0 0 0 0 0 0 0 0 0 0 0 0 0 0 0 0 0 0 0 0 0 0 0 0 0 0 0 0 0 0 0 0 0 17 0 2 0 0 0 11 0 0 0 0 0 0 0 0 0 0 0 0 0 0 0 0 0 593 0 0 0 0 0 0 0 0 22 0 0 538 0 0 168 0 0 
0 0 0 0 0 0 0 0 0 0 0 0 0 0 0 0 0 6 0 65 0 0 0 0 0 0 0 0 0 0 0 0 0 0 0 0 0 0 0 0 0 0 0 0 0 0 0 0 0 0 7 0 0 0 0 119 9 148 3273 6998 151 0 0 1502 0 1361 26 0 0 0 2358 437 1991 0 0 0 0 3 0 0 106 0 0 
0 0 0 0 0 0 0 0 0 0 0 0 0 0 0 0 0 4 0 1 37 105 35 0 0 0 0 0 3 42 0 1 0 0 0 0 0 0 0 0 0 0 0 0 0 0 0 0 0 0 1208 0 0 0 0 1 856 681 830 6003 2 0 30 7227 571 5999 0 0 0 2358 0 23 114 0 49 0 0 232 0 0 1 0 0 
0 0 0 0 0 0 0 0 0 0 0 0 0 0 0 0 0 24 0 161 1 0 0 0 0 0 0 0 0 0 1 1 0 0 0 0 5 1 0 0 0 0 0 0 0 0 424 0 692 0 6014 0 0 0 0 97 1138 11233 1760 5943 388 0 0 1368 0 167 0 0 0 437 23 0 182 0 448 0 0 2080 0 0 0 0 0 
0 0 0 0 0 0 0 0 0 0 0 0 0 0 0 0 0 518 0 1311 147 445 467 0 0 0 0 0 13 145 1 19 4 0 4 0 129 14 0 1 0 310 1294 23 0 1129 282 2906 87 0 2256 0 0 0 0 445 38 2745 4713 1095 1995 0 27 8008 1109 6752 4 0 0 1991 114 182 0 0 193 541 0 2529 0 0 1541 0 9 
0 0 0 0 0 0 0 0 0 0 0 0 0 0 0 0 0 492 0 555 0 0 0 0 0 0 0 0 0 1 1 30 3 0 19 0 151 19 0 0 0 0 0 0 0 0 32 0 7 0 253 0 0 0 0 224 0 150 4121 37 1727 0 1 1921 1 41 0 0 0 0 0 0 0 0 0 2 0 0 0 0 0 0 36 
1 0 0 0 4 0 3 31 0 0 0 1 0 0 0 0 0 673 0 146 361 420 1840 0 0 0 0 0 8 64 0 32 0 23 86 6 150 21 6 0 0 497 1122 16 42 7610 7991 2847 7270 5 4264 0 0 0 0 67 539 18 4245 0 441 0 6 772 161 59 0 23 22 0 49 448 193 0 0 6 2 671 1 0 0 4 43 
1 4 0 0 791 0 315 134 0 0 0 0 0 0 3 0 0 487 0 42 3 0 0 1 0 0 0 0 0 2 0 11 8 40 3594 3 1712 114 0 6 0 0 0 0 0 0 43 261 4817 0 14701 564 0 0 0 31 3070 0 12001 0 4124 0 0 0 0 1 0 0 0 0 0 0 541 2 6 0 1270 2002 328 70 54 111 3330 
0 0 0 18 5 0 1083 359 0 0 1 0 1 0 0 0 0 0 0 1 0 0 0 0 0 0 0 0 0 0 0 0 0 0 6 0 4 13 1 0 0 118 0 25 6 22 66 14740 1919 0 3771 222 0 0 0 0 2 0 237 0 568 0 0 0 0 0 0 0 0 0 0 0 0 0 2 1270 0 72 16 13 0 0 387 
3 7 0 1 1760 0 1154 111 0 0 0 0 1 0 129 0 0 3994 0 2980 378 1234 5539 11 7 0 0 0 38 334 4 1352 10 2893 392 2 4511 125 1 5 0 3 484 15 0 2673 2393 16525 12452 0 5934 0 0 0 0 688 9058 11 14624 0 879 0 155 5480 799 726 3 28 538 3 232 2080 2529 0 671 2002 72 0 31 2 241 3 602 
0 0 0 0 36 0 84 51 0 0 0 0 0 0 0 0 0 201 0 139 0 0 0 0 0 0 0 0 0 0 0 30 0 26 206 1 644 39 0 3 0 0 0 0 0 13 129 1385 1380 0 1000 0 0 0 0 246 1556 0 2921 0 121 0 0 55 0 0 0 0 0 0 0 0 0 0 1 328 16 31 0 0 0 0 2136 
0 0 0 0 0 0 0 0 0 0 0 6 0 0 0 0 0 0 0 0 0 0 0 0 0 0 0 0 0 0 0 0 0 0 0 0 0 0 10 0 0 56 0 44 1 0 0 175 4 0 1 0 0 0 0 0 7 0 122 0 119 0 0 0 0 0 0 0 0 0 0 0 0 0 0 70 13 2 0 0 0 0 0 
0 0 0 0 0 0 0 0 0 0 0 0 0 0 50 0 0 0 0 0 0 0 0 10 0 14 0 0 0 0 0 0 0 0 0 0 0 0 0 106 0 0 0 0 0 0 0 0 0 0 0 0 0 0 0 231 0 0 0 0 12 0 4 1 212 1022 193 16 168 106 1 0 1541 0 0 54 0 241 0 0 0 55 0 
0 0 0 0 0 0 0 0 0 0 0 0 0 0 0 0 0 0 0 0 0 0 0 0 0 0 0 0 0 0 0 0 0 0 0 0 0 0 0 0 0 1 0 0 0 0 0 1 0 0 0 0 0 0 0 0 0 0 0 0 0 0 0 0 0 0 0 0 0 0 0 0 0 0 4 111 0 3 0 0 55 0 0 
0 1 0 0 309 0 1613 3100 121 10092 0 0 0 0 0 5413 0 6463 0 53 3 0 3 0 0 0 0 0 0 3 0 23 2 2 941 25 1919 3384 0 90 157 0 0 0 0 0 32 247 2480 0 13013 0 0 5 1 121 1431 0 2056 0 430 0 2 0 0 0 0 0 0 0 0 0 9 36 43 3330 387 602 2136 0 0 0 0 
