0 867 2159 849 619 0 4909 0 0 0 0 819 0 0 0 0 1 0 0 0 0 0 0 0 0 0 0 55 0 25 0 337 0 788 0 2 2 0 185 0 0 0 0 0 20 0 0 0 0 0 0 0 31 0 0 0 0 0 0 0 0 0 0 0 0 0 0 0 0 0 0 0 0 0 0 0 0 0 0 0 0 0 0 
867 0 0 0 24 0 237 0 0 0 0 0 0 0 0 0 0 118 0 0 0 3 799 91 74 0 0 0 71 287 0 1710 0 2687 0 0 216 0 0 0 0 0 0 0 0 0 0 0 0 0 0 0 0 0 0 0 0 0 0 0 0 0 0 0 0 0 0 0 0 0 0 0 0 0 0 0 0 0 0 0 0 0 0 
2159 0 0 5 0 0 0 22 0 0 0 124 0 0 0 0 0 0 0 0 0 0 0 0 0 0 0 255 0 0 0 0 0 942 0 109 215 0 3 0 0 0 0 37 1409 0 0 958 9 0 0 0 463 0 0 0 0 0 0 0 0 0 0 0 0 0 0 0 0 0 0 0 0 0 0 0 0 0 0 7 0 0 0 
849 0 5 0 0 0 0 7 0 0 0 168 0 0 0 0 0 0 0 0 0 0 0 0 0 0 0 304 0 0 0 0 0 62 31 135 442 0 8 0 124 0 0 61 832 0 0 1197 16 0 0 0 305 0 0 0 0 0 0 0 0 0 0 0 0 0 0 0 0 0 0 0 0 0 0 0 0 0 0 0 0 0 0 
619 24 0 0 0 250 1715 3366 416 274 0 0 0 0 0 18 36 0 0 0 0 2 25 20 0 0 0 0 3 58 374 420 0 5042 0 0 1 0 0 0 0 0 0 0 0 0 0 0 0 0 0 0 0 0 0 0 0 0 0 0 0 0 0 0 0 0 0 0 0 0 0 0 0 0 0 0 0 0 0 0 0 0 0 
0 0 0 0 250 0 973 6530 1912 1614 0 0 0 0 0 299 990 0 0 0 0 0 0 0 0 0 0 0 1 113 1596 0 0 252 0 0 0 0 0 0 0 0 0 0 0 0 0 0 0 0 0 0 0 0 0 0 0 0 0 0 0 0 0 0 0 0 0 0 0 0 0 0 0 0 0 0 0 0 0 0 0 0 0 
4909 237 0 0 1715 973 0 11236 1241 392 0 500 3098 0 0 13 0 615 0 1 85 54 5813 762 390 0 0 2555 786 549 10 3703 0 4392 13 11757 9574 13 2 0 0 0 0 4 20 0 0 2465 864 0 0 0 4 0 0 0 0 0 0 0 0 0 0 0 0 0 0 0 0 0 0 0 0 0 4 5 6 24 0 0 0 0 1 
0 0 22 7 3366 6530 11236 0 4275 237 325 270 22470 1948 45 103 275 90 0 403 0 1 1 0 0 0 0 0 0 3 39 8 5 3000 2066 2475 10432 0 0 0 0 0 0 3 0 0 0 209 9638 0 16 4 5 1 0 0 12 0 0 0 0 0 0 0 0 0 0 0 0 0 0 0 5 13 12 250 30 389 0 0 0 0 95 
0 0 0 0 416 1912 1241 4275 0 6947 0 0 0 0 0 0 0 0 0 0 0 0 0 0 0 0 0 0 0 0 0 0 0 0 0 0 0 0 0 0 0 0 0 0 0 0 0 0 0 0 0 0 0 0 0 0 0 0 0 0 0 0 0 0 0 0 0 0 0 0 0 0 0 0 0 0 0 0 0 0 0 0 0 
0 0 0 0 274 1614 392 237 6947 0 2457 0 37 7743 1 7101 12774 1764 2753 2797 0 0 0 0 0 0 0 0 93 6436 3924 3 0 1481 8400 2533 16637 0 0 0 0 0 0 0 0 0 0 0 441 0 553 57 0 0 110 0 142 0 16 0 0 0 0 0 0 0 0 0 0 0 0 0 1 0 0 2 0 16 0 0 0 0 0 
0 0 0 0 0 0 0 325 0 2457 0 0 8 3086 2 24 0 212 0 1158 0 0 0 0 0 0 0 0 0 0 0 0 0 0 4 4 0 0 0 0 0 0 0 0 0 0 0 0 0 0 0 0 0 0 0 0 0 0 0 0 0 0 0 0 0 0 0 0 0 0 0 0 0 0 0 0 0 0 0 0 0 0 0 
819 0 124 168 0 0 500 270 0 0 0 0 11 0 0 0 0 0 0 0 0 0 0 0 0 0 0 0 0 0 0 0 0 113 0 120 15 0 21 0 0 0 0 0 4 0 0 0 0 0 0 0 13 0 0 0 0 0 0 0 0 0 0 0 0 0 0 0 0 0 0 0 0 0 0 0 0 0 0 0 0 0 0 
0 0 0 0 0 0 3098 22470 0 37 8 11 0 5 0 0 0 40 0 0 7 1 9 20 0 0 0 0 0 0 0 5 0 619 4 45 1710 1 0 0 0 0 0 0 0 0 0 0 496 0 0 0 0 0 0 0 1 0 0 0 0 0 0 0 0 0 0 0 0 0 0 0 0 0 2 1 0 0 0 0 0 0 0 
0 0 0 0 0 0 0 1948 0 7743 3086 0 5 0 1328 62 0 861 0 5487 0 0 0 0 0 1 0 0 0 0 0 0 0 0 336 31 409 0 0 2 0 0 0 0 0 0 0 0 12 0 553 230 0 0 10 0 5 0 2 0 395 0 0 0 0 0 0 0 0 0 0 0 0 0 0 0 0 33 0 0 0 0 0 
0 0 0 0 0 0 0 45 0 1 2 0 0 1328 0 1 115 4240 0 1834 64 1 0 0 0 162 0 0 0 44 86 206 5 19 1148 0 2127 0 0 70 0 0 0 0 0 0 0 0 0 0 0 0 0 0 48 5 0 0 109 327 267 483 53 68 41 0 0 0 0 121 50 0 65 15 0 0 0 23 0 0 6 0 0 
0 0 0 0 18 299 13 103 0 7101 24 0 0 62 1 0 10127 1574 3634 0 0 0 0 0 0 0 0 0 11 493 73 4 0 263 970 129 14078 0 0 0 0 0 0 0 0 0 0 0 0 0 0 0 0 0 49 0 40 0 39 0 1 0 0 0 0 0 0 0 0 0 0 0 0 0 0 0 0 0 0 0 0 0 0 
1 0 0 0 36 990 0 275 0 12774 0 0 0 0 115 10127 0 266 363 0 0 0 0 0 0 0 0 0 0 413 1706 493 73 5438 0 0 1925 0 0 0 0 0 0 0 0 0 0 0 0 0 0 0 0 0 0 0 6 0 0 0 26 0 0 0 0 0 0 0 0 0 0 0 6 8 30 0 0 7 0 0 0 0 0 
0 118 0 0 0 0 615 90 0 1764 212 0 40 861 4240 1574 266 0 9297 4123 50 27 568 3 665 93 0 0 1595 5267 2359 4817 12 1177 7582 254 11577 0 0 1480 0 0 0 0 0 0 0 0 2 0 0 0 0 3 780 5 85 9 2476 587 894 60 11 581 2 0 0 0 0 164 177 0 1681 170 336 423 0 2270 7 0 0 0 1 
0 0 0 0 0 0 0 0 0 2753 0 0 0 0 0 3634 363 9297 0 0 0 1 3724 0 14 0 0 0 3252 7156 182 761 0 0 0 0 5 0 0 0 0 0 0 0 0 0 0 0 0 0 0 0 0 0 0 0 0 0 0 0 0 0 0 0 0 0 0 0 0 0 0 0 0 0 0 0 0 0 0 0 0 0 0 
0 0 0 0 0 0 1 403 0 2797 1158 0 0 5487 1834 0 0 4123 0 0 1870 13 12 0 0 836 4 0 0 3 28 133 0 13 37 2 1132 0 0 921 0 0 0 0 0 0 0 0 0 0 0 0 0 0 40 3 5 1 1630 666 420 64 3 513 1 0 0 0 0 112 33 0 1438 218 120 0 0 1000 15 0 0 0 0 
0 0 0 0 0 0 85 0 0 0 0 0 7 0 64 0 0 50 0 1870 0 1793 15 597 0 53 0 0 128 5 24 289 0 282 4 0 483 0 0 40 0 0 0 0 0 0 0 0 0 0 0 0 0 0 0 4 3 0 6379 118 615 758 1388 8390 209 0 0 0 0 86 2 0 941 130 1552 403 0 707 1 0 0 0 0 
0 3 0 0 2 0 54 1 0 0 0 0 1 0 1 0 0 27 1 13 1793 0 234 722 0 9 0 0 301 1156 297 2188 0 340 0 0 54 0 0 0 0 0 0 0 0 0 0 0 0 0 0 0 0 0 0 0 0 0 465 0 1 13 133 828 119 0 0 0 0 0 0 0 158 0 640 209 0 395 4 0 0 0 0 
0 799 0 0 25 0 5813 1 0 0 0 0 9 0 0 0 0 568 3724 12 15 234 0 646 5821 5 0 0 5944 1549 83 2633 0 577 10 0 963 0 0 279 0 0 0 0 0 0 0 0 0 0 0 0 0 0 0 0 0 0 644 0 0 11 6 144 1 0 0 0 0 0 0 0 83 0 143 21 0 73 0 0 0 0 0 
0 91 0 0 20 0 762 0 0 0 0 0 20 0 0 0 0 3 0 0 597 722 646 0 433 156 0 0 35 194 32 977 0 1579 0 0 616 0 0 285 0 0 0 0 0 0 0 0 0 0 0 0 0 0 0 0 0 0 4 0 0 16 11 24 79 0 0 0 0 0 0 0 14 0 102 15 0 44 2 0 0 0 0 
0 74 0 0 0 0 390 0 0 0 0 0 0 0 0 0 0 665 14 0 0 0 5821 433 0 18 112 0 613 24 0 0 0 0 1 0 454 0 0 547 0 0 0 0 0 0 0 0 0 0 0 0 0 0 0 0 0 0 0 0 0 0 0 0 0 0 0 0 0 0 0 0 0 0 0 0 0 0 0 0 0 0 0 
0 0 0 0 0 0 0 0 0 0 0 0 0 1 162 0 0 93 0 836 53 9 5 156 18 0 18 0 0 0 0 0 0 0 0 0 18 0 0 199 0 0 0 0 0 0 0 0 0 0 0 0 0 0 0 1 0 0 10 0 9 16 48 1 10 0 0 0 0 0 0 0 0 0 0 0 0 0 0 0 0 0 0 
0 0 0 0 0 0 0 0 0 0 0 0 0 0 0 0 0 0 0 4 0 0 0 0 112 18 0 0 12 1 0 0 0 0 0 0 32 0 0 658 2 0 0 0 0 0 0 0 0 0 0 0 0 0 0 0 0 0 0 0 0 0 1 0 0 0 0 0 0 0 0 0 0 0 0 0 0 0 0 0 0 0 0 
55 0 255 304 0 0 2555 0 0 0 0 0 0 0 0 0 0 0 0 0 0 0 0 0 0 0 0 0 20 1 0 115 0 42 62 4 928 358 21 156 42 0 0 0 0 0 0 0 0 0 0 0 0 0 0 0 0 0 0 0 0 0 0 0 0 0 0 0 0 0 0 0 0 0 0 0 0 0 0 0 0 0 0 
0 71 0 0 3 1 786 0 0 93 0 0 0 0 0 11 0 1595 3252 0 128 301 5944 35 613 0 12 20 0 1786 0 191 0 0 5 0 2384 12 0 76 0 0 0 0 0 0 0 0 0 0 0 0 0 0 0 0 0 0 0 0 0 0 0 0 0 0 0 0 0 0 0 0 0 0 0 0 0 0 0 0 0 0 0 
25 287 0 0 58 113 549 3 0 6436 0 0 0 0 44 493 413 5267 7156 3 5 1156 1549 194 24 0 1 1 1786 0 433 1477 0 57 0 0 286 0 0 1 0 0 0 0 0 0 0 0 0 0 0 0 0 0 0 0 7 0 0 0 37 0 0 0 0 0 0 0 0 0 1 0 11 12 20 0 0 1 0 0 0 0 0 
0 0 0 0 374 1596 10 39 0 3924 0 0 0 0 86 73 1706 2359 182 28 24 297 83 32 0 0 0 0 0 433 0 1264 2 954 0 0 169 0 0 0 0 0 0 0 0 0 0 0 0 0 0 0 0 0 0 0 15 2 0 0 53 0 0 0 0 0 0 0 0 0 6 0 96 47 28 0 0 11 0 0 0 0 0 
337 1710 0 0 420 0 3703 8 0 3 0 0 5 0 206 4 493 4817 761 133 289 2188 2633 977 0 0 0 115 191 1477 1264 0 150 522 1 0 736 60 1 0 0 0 0 0 0 0 0 0 0 0 0 0 0 0 0 0 206 34 3 0 75 0 0 228 0 0 0 0 0 2 40 0 729 314 445 38 0 323 0 0 0 0 0 
0 0 0 0 0 0 0 5 0 0 0 0 0 0 5 0 73 12 0 0 0 0 0 0 0 0 0 0 0 0 2 150 0 263 0 0 43 0 0 0 0 0 0 0 0 0 0 0 0 0 0 0 0 0 0 0 1 0 0 0 1 0 0 0 0 0 0 0 0 0 1 0 0 1 1 0 0 0 0 0 0 0 0 
788 2687 942 62 5042 252 4392 3000 0 1481 0 113 619 0 19 263 5438 1177 0 13 282 340 577 1579 0 0 0 42 0 57 954 522 263 0 0 1 123 0 67 0 0 0 0 0 9 0 0 0 248 0 0 0 1 3 0 0 4 2 0 0 0 0 0 7 0 0 0 0 0 0 0 0 39 9 97 52 0 46 0 0 0 0 0 
0 0 0 31 0 0 13 2066 0 8400 4 0 4 336 1148 970 0 7582 0 37 4 0 10 0 1 0 0 62 5 0 0 1 0 0 0 31 183 156 0 27 369 0 0 0 0 0 0 0 61 0 622 106 0 0 54 14 13 0 490 0 815 0 0 0 0 0 0 0 0 0 0 0 11 2 7 4168 45 11333 2 0 0 0 210 
2 0 109 135 0 0 11757 2475 0 2533 4 120 45 31 0 129 0 254 0 2 0 0 0 0 0 0 0 4 0 0 0 0 0 1 31 0 67 0 433 0 1 0 0 0 0 0 0 0 274 0 220 59 0 0 2 0 39 0 350 0 938 0 0 0 0 0 0 0 0 0 0 0 0 0 26 312 0 152 0 0 0 0 146 
2 216 215 442 1 0 9574 10432 0 16637 0 15 1710 409 2127 14078 1925 11577 5 1132 483 54 963 616 454 18 32 928 2384 286 169 736 43 123 183 67 0 45 3 28 35 0 0 0 0 0 0 35 1120 0 1324 90 0 19 0 9 233 21 3 0 59 1 0 35 5 0 0 0 0 0 3 0 2156 593 866 215 2 11855 101 2 0 0 6512 
0 0 0 0 0 0 13 0 0 0 0 0 1 0 0 0 0 0 0 0 0 0 0 0 0 0 0 358 12 0 0 60 0 0 156 0 45 0 0 0 1 0 0 0 0 0 0 0 2 0 0 0 0 0 0 0 0 0 0 0 0 0 0 0 0 0 0 0 0 0 0 0 0 0 2 0 0 33 1 0 0 0 4797 
185 0 3 8 0 0 2 0 0 0 0 21 0 0 0 0 0 0 0 0 0 0 0 0 0 0 0 21 0 0 0 1 0 67 0 433 3 0 0 0 46 0 0 0 1 0 0 0 0 0 0 0 0 0 0 0 0 0 0 0 0 0 0 0 0 0 0 0 0 0 0 0 0 0 0 0 0 0 14 0 0 0 0 
0 0 0 0 0 0 0 0 0 0 0 0 0 2 70 0 0 1480 0 921 40 0 279 285 547 199 658 156 76 1 0 0 0 0 27 0 28 0 0 0 221 0 0 0 0 0 0 0 0 0 0 0 0 0 0 22 0 0 73 0 99 87 387 17 180 0 7 0 0 0 0 0 8 0 0 16 0 75 0 0 321 0 20 
0 0 0 124 0 0 0 0 0 0 0 0 0 0 0 0 0 0 0 0 0 0 0 0 0 0 2 42 0 0 0 0 0 0 369 1 35 1 46 221 0 0 0 0 0 0 0 0 0 0 0 0 0 0 0 0 0 0 0 0 0 0 0 0 0 0 0 0 0 0 0 0 0 0 0 0 0 4 0 0 0 0 0 
0 0 0 0 0 0 0 0 0 0 0 0 0 0 0 0 0 0 0 0 0 0 0 0 0 0 0 0 0 0 0 0 0 0 0 0 0 0 0 0 0 0 615 442 4524 1229 0 3024 0 0 0 0 744 0 0 0 0 0 0 0 0 0 0 0 0 0 0 0 12 0 0 0 3 0 654 0 3 0 0 6 0 0 0 
0 0 0 0 0 0 0 0 0 0 0 0 0 0 0 0 0 0 0 0 0 0 0 0 0 0 0 0 0 0 0 0 0 0 0 0 0 0 0 0 0 615 0 0 0 0 0 0 0 0 0 0 0 0 0 0 0 0 0 0 0 0 0 0 0 0 0 0 0 0 0 0 0 0 1530 0 0 0 0 0 0 0 0 
0 0 37 61 0 0 4 3 0 0 0 0 0 0 0 0 0 0 0 0 0 0 0 0 0 0 0 0 0 0 0 0 0 0 0 0 0 0 0 0 0 442 0 0 1 0 0 0 12 0 0 0 68 0 0 0 0 0 0 0 0 0 0 0 0 0 0 0 0 0 0 0 7 0 175 0 0 15 0 0 0 0 0 
20 0 1409 832 0 0 20 0 0 0 0 4 0 0 0 0 0 0 0 0 0 0 0 0 0 0 0 0 0 0 0 0 0 9 0 0 0 0 1 0 0 4524 0 1 0 0 0 19 448 0 0 0 1389 0 0 0 0 0 0 0 0 0 0 0 0 0 0 0 41 0 0 0 28 0 685 0 67 1287 0 14 0 0 0 
0 0 0 0 0 0 0 0 0 0 0 0 0 0 0 0 0 0 0 0 0 0 0 0 0 0 0 0 0 0 0 0 0 0 0 0 0 0 0 0 0 1229 0 0 0 0 1103 1450 1876 239 322 0 0 0 0 0 23 0 6 0 0 0 0 0 0 0 0 0 0 0 0 0 0 0 1662 0 0 0 0 0 0 0 0 
0 0 0 0 0 0 0 0 0 0 0 0 0 0 0 0 0 0 0 0 0 0 0 0 0 0 0 0 0 0 0 0 0 0 0 0 0 0 0 0 0 0 0 0 0 1103 0 15 2119 1195 2295 0 0 0 0 0 572 4 743 105 0 0 0 0 0 0 0 0 0 0 1849 2 172 0 1395 0 0 0 0 0 0 0 0 
0 0 958 1197 0 0 2465 209 0 0 0 0 0 0 0 0 0 0 0 0 0 0 0 0 0 0 0 0 0 0 0 0 0 0 0 0 35 0 0 0 0 3024 0 0 19 1450 15 0 8303 8231 34 0 1549 0 0 0 0 0 0 0 0 0 0 1 0 0 0 0 4 0 0 0 318 0 11217 0 7335 7766 72 0 0 0 0 
0 0 9 16 0 0 864 9638 0 441 0 0 496 12 0 0 0 2 0 0 0 0 0 0 0 0 0 0 0 0 0 0 0 248 61 274 1120 2 0 0 0 0 0 12 448 1876 2119 8303 0 2144 1049 179 1749 6892 0 0 6 0 21 0 3 0 0 0 0 0 0 0 0 0 0 0 0 0 6808 5328 1250 18040 28 0 0 0 433 
0 0 0 0 0 0 0 0 0 0 0 0 0 0 0 0 0 0 0 0 0 0 0 0 0 0 0 0 0 0 0 0 0 0 0 0 0 0 0 0 0 0 0 0 0 239 1195 8231 2144 0 6337 0 0 0 0 0 0 0 0 0 0 0 0 0 0 0 0 0 0 0 0 0 0 0 11 0 0 0 0 0 0 0 0 
0 0 0 0 0 0 0 16 0 553 0 0 0 553 0 0 0 0 0 0 0 0 0 0 0 0 0 0 0 0 0 0 0 0 622 220 1324 0 0 0 0 0 0 0 0 322 2295 34 1049 6337 0 565 0 66 97 0 4253 765 1024 83 0 0 0 0 0 0 0 0 0 0 7266 36 6330 0 2796 2052 16 20831 0 0 0 0 0 
0 0 0 0 0 0 0 4 0 57 0 0 0 230 0 0 0 0 0 0 0 0 0 0 0 0 0 0 0 0 0 0 0 0 106 59 90 0 0 0 0 0 0 0 0 0 0 0 179 0 565 0 0 496 624 0 206 0 4 0 52 0 0 0 0 0 0 0 0 0 0 0 0 0 0 0 0 3 0 0 0 0 0 
31 0 463 305 0 0 4 5 0 0 0 13 0 0 0 0 0 0 0 0 0 0 0 0 0 0 0 0 0 0 0 0 0 1 0 0 0 0 0 0 0 744 0 68 1389 0 0 1549 1749 0 0 0 0 0 0 0 0 0 0 0 0 0 0 0 0 0 0 0 0 0 1 0 2 0 215 0 36 129 0 30 0 0 0 
0 0 0 0 0 0 0 1 0 0 0 0 0 0 0 0 0 3 0 0 0 0 0 0 0 0 0 0 0 0 0 0 0 3 0 0 19 0 0 0 0 0 0 0 0 0 0 0 6892 0 66 496 0 0 491 0 5 0 5 0 800 0 0 0 0 0 0 0 0 0 0 0 0 0 0 0 0 0 0 0 0 0 0 
0 0 0 0 0 0 0 0 0 110 0 0 0 10 48 49 0 780 0 40 0 0 0 0 0 0 0 0 0 0 0 0 0 0 54 2 0 0 0 0 0 0 0 0 0 0 0 0 0 0 97 624 0 491 0 107 812 0 940 0 13393 0 0 0 0 0 0 0 0 0 0 0 0 0 0 55 0 698 0 0 0 0 0 
0 0 0 0 0 0 0 0 0 0 0 0 0 0 5 0 0 5 0 3 4 0 0 0 0 1 0 0 0 0 0 0 0 0 14 0 9 0 0 22 0 0 0 0 0 0 0 0 0 0 0 0 0 0 107 0 0 1 916 397 1307 838 153 377 32 0 248 0 0 454 356 0 26 7 0 0 0 33 0 0 267 0 0 
0 0 0 0 0 0 0 12 0 142 0 0 1 5 0 40 6 85 0 5 3 0 0 0 0 0 0 0 0 7 15 206 1 4 13 39 233 0 0 0 0 0 0 0 0 23 572 0 6 0 4253 206 0 5 812 0 0 4556 1085 63 5 0 0 0 0 0 0 0 0 1 3728 43 1556 0 1427 466 0 12969 0 0 0 0 0 
0 0 0 0 0 0 0 0 0 0 0 0 0 0 0 0 0 9 0 1 0 0 0 0 0 0 0 0 0 0 2 34 0 2 0 0 21 0 0 0 0 0 0 0 0 0 4 0 0 0 765 0 0 0 0 1 4556 0 1684 427 1 0 0 0 0 0 0 0 0 0 4612 1087 3280 0 2263 0 0 30 0 0 0 0 0 
0 0 0 0 0 0 0 0 0 16 0 0 0 2 109 39 0 2476 0 1630 6379 465 644 4 0 10 0 0 0 0 0 3 0 0 490 350 3 0 0 73 0 0 0 0 0 6 743 0 21 0 1024 4 0 5 940 916 1085 1684 0 21055 3524 127 267 98 354 6 105 0 0 2525 4876 0 5108 91 3410 1909 1 17891 0 0 93 0 0 
0 0 0 0 0 0 0 0 0 0 0 0 0 0 327 0 0 587 0 666 118 0 0 0 0 0 0 0 0 0 0 0 0 0 0 0 0 0 0 0 0 0 0 0 0 0 105 0 0 0 83 0 0 0 0 397 63 427 21055 0 228 0 0 1705 0 41 0 0 0 6930 9175 1426 1376 19 349 0 0 3 0 0 0 0 0 
0 0 0 0 0 0 0 0 0 0 0 0 0 395 267 1 26 894 0 420 615 1 0 0 0 9 0 0 0 37 53 75 1 0 815 938 59 0 0 99 0 0 0 0 0 0 0 0 3 0 0 52 0 800 13393 1307 5 1 3524 228 0 1109 70 567 7 0 499 0 0 2 2 0 10 14 62 327 0 1186 0 0 260 0 0 
0 0 0 0 0 0 0 0 0 0 0 0 0 0 483 0 0 60 0 64 758 13 11 16 0 16 0 0 0 0 0 0 0 0 0 0 1 0 0 87 0 0 0 0 0 0 0 0 0 0 0 0 0 0 0 838 0 0 127 0 1109 0 1070 449 1039 0 1 0 0 0 0 0 7 0 5 0 0 9 0 0 28 0 0 
0 0 0 0 0 0 0 0 0 0 0 0 0 0 53 0 0 11 0 3 1388 133 6 11 0 48 1 0 0 0 0 0 0 0 0 0 0 0 0 387 0 0 0 0 0 0 0 0 0 0 0 0 0 0 0 153 0 0 267 0 70 1070 0 1342 1210 7 5 0 0 0 0 0 70 0 28 0 0 7 0 0 3 0 0 
0 0 0 0 0 0 0 0 0 0 0 0 0 0 68 0 0 581 0 513 8390 828 144 24 0 1 0 0 0 0 0 228 0 7 0 0 35 0 0 17 0 0 0 0 0 0 0 1 0 0 0 0 0 0 0 377 0 0 98 1705 567 449 1342 0 308 1963 0 0 0 13633 1070 0 9698 0 1041 158 0 2661 0 0 61 0 0 
0 0 0 0 0 0 0 0 0 0 0 0 0 0 41 0 0 2 0 1 209 119 1 79 0 10 0 0 0 0 0 0 0 0 0 0 5 0 0 180 0 0 0 0 0 0 0 0 0 0 0 0 0 0 0 32 0 0 354 0 7 1039 1210 308 0 1077 121 25 0 65 0 0 22 0 72 3 0 1239 0 0 259 0 0 
0 0 0 0 0 0 0 0 0 0 0 0 0 0 0 0 0 0 0 0 0 0 0 0 0 0 0 0 0 0 0 0 0 0 0 0 0 0 0 0 0 0 0 0 0 0 0 0 0 0 0 0 0 0 0 0 0 0 6 41 0 0 7 1963 1077 0 748 15 668 1843 8 0 597 0 71 4 0 823 2 0 1998 136 0 
0 0 0 0 0 0 0 0 0 0 0 0 0 0 0 0 0 0 0 0 0 0 0 0 0 0 0 0 0 0 0 0 0 0 0 0 0 0 0 7 0 0 0 0 0 0 0 0 0 0 0 0 0 0 0 248 0 0 105 0 499 1 5 0 121 748 0 4 0 0 0 0 0 0 0 0 0 0 0 0 6 1 0 
0 0 0 0 0 0 0 0 0 0 0 0 0 0 0 0 0 0 0 0 0 0 0 0 0 0 0 0 0 0 0 0 0 0 0 0 0 0 0 0 0 0 0 0 0 0 0 0 0 0 0 0 0 0 0 0 0 0 0 0 0 0 0 0 25 15 4 0 288 0 0 0 0 0 0 0 0 0 0 0 236 248 0 
0 0 0 0 0 0 0 0 0 0 0 0 0 0 0 0 0 0 0 0 0 0 0 0 0 0 0 0 0 0 0 0 0 0 0 0 0 0 0 0 0 12 0 0 41 0 0 4 0 0 0 0 0 0 0 0 0 0 0 0 0 0 0 0 0 668 0 288 0 0 0 0 0 0 197 0 0 673 85 0 132 109 0 
0 0 0 0 0 0 0 0 0 0 0 0 0 0 121 0 0 164 0 112 86 0 0 0 0 0 0 0 0 0 0 2 0 0 0 0 0 0 0 0 0 0 0 0 0 0 0 0 0 0 0 0 0 0 0 454 1 0 2525 6930 2 0 0 13633 65 1843 0 0 0 0 985 0 1103 1 5 2 0 1027 83 0 339 47 0 
0 0 0 0 0 0 0 0 0 0 0 0 0 0 50 0 0 177 0 33 2 0 0 0 0 0 0 0 0 1 6 40 1 0 0 0 3 0 0 0 0 0 0 0 0 0 1849 0 0 0 7266 0 1 0 0 356 3728 4612 4876 9175 2 0 0 1070 0 8 0 0 0 985 0 213 361 3 2616 0 0 1273 55 0 0 0 0 
0 0 0 0 0 0 0 0 0 0 0 0 0 0 0 0 0 0 0 0 0 0 0 0 0 0 0 0 0 0 0 0 0 0 0 0 0 0 0 0 0 0 0 0 0 0 2 0 0 0 36 0 0 0 0 0 43 1087 0 1426 0 0 0 0 0 0 0 0 0 0 213 0 620 0 27 0 0 5 0 0 0 0 0 
0 0 0 0 0 0 0 5 0 1 0 0 0 0 65 0 6 1681 0 1438 941 158 83 14 0 0 0 0 0 11 96 729 0 39 11 0 2156 0 0 8 0 3 0 7 28 0 172 318 0 0 6330 0 2 0 0 26 1556 3280 5108 1376 10 7 70 9698 22 597 0 0 0 1103 361 620 0 3 1767 0 0 1912 67 0 0 0 0 
0 0 0 0 0 0 0 13 0 0 0 0 0 0 15 0 8 170 0 218 130 0 0 0 0 0 0 0 0 12 47 314 1 9 2 0 593 0 0 0 0 0 0 0 0 0 0 0 0 0 0 0 0 0 0 7 0 0 91 19 14 0 0 0 0 0 0 0 0 1 3 0 3 0 296 0 0 0 0 0 0 0 0 
0 0 0 0 0 0 4 12 0 0 0 0 2 0 0 0 30 336 0 120 1552 640 143 102 0 0 0 0 0 20 28 445 1 97 7 26 866 2 0 0 0 654 1530 175 685 1662 1395 11217 6808 11 2796 0 215 0 0 0 1427 2263 3410 349 62 5 28 1041 72 71 0 0 197 5 2616 27 1767 296 0 58 0 98 9 0 0 0 1 
0 0 0 0 0 0 5 250 0 2 0 0 1 0 0 0 0 423 0 0 403 209 21 15 0 0 0 0 0 0 0 38 0 52 4168 312 215 0 0 16 0 0 0 0 0 0 0 0 5328 0 2052 0 0 0 55 0 466 0 1909 0 327 0 0 158 3 4 0 0 0 2 0 0 0 0 58 0 181 488 17 0 4 0 818 
0 0 0 0 0 0 6 30 0 0 0 0 0 0 0 0 0 0 0 0 0 0 0 0 0 0 0 0 0 0 0 0 0 0 45 0 2 0 0 0 0 3 0 0 67 0 0 7335 1250 0 16 0 36 0 0 0 0 0 1 0 0 0 0 0 0 0 0 0 0 0 0 0 0 0 0 181 0 69 0 11 0 0 157 
0 0 0 0 0 0 24 389 0 16 0 0 0 33 23 0 7 2270 0 1000 707 395 73 44 0 0 0 0 0 1 11 323 0 46 11333 152 11855 33 0 75 4 0 0 15 1287 0 0 7766 18040 0 20831 3 129 0 698 33 12969 30 17891 3 1186 9 7 2661 1239 823 0 0 673 1027 1273 5 1912 0 98 488 69 0 5 24 45 0 2141 
0 0 0 0 0 0 0 0 0 0 0 0 0 0 0 0 0 7 0 15 1 4 0 2 0 0 0 0 0 0 0 0 0 0 2 0 101 1 14 0 0 0 0 0 0 0 0 72 28 0 0 0 0 0 0 0 0 0 0 0 0 0 0 0 0 2 0 0 85 83 55 0 67 0 9 17 0 5 0 0 0 0 1759 
0 0 7 0 0 0 0 0 0 0 0 0 0 0 0 0 0 0 0 0 0 0 0 0 0 0 0 0 0 0 0 0 0 0 0 0 2 0 0 0 0 6 0 0 14 0 0 0 0 0 0 0 30 0 0 0 0 0 0 0 0 0 0 0 0 0 0 0 0 0 0 0 0 0 0 0 11 24 0 0 0 0 0 
0 0 0 0 0 0 0 0 0 0 0 0 0 0 6 0 0 0 0 0 0 0 0 0 0 0 0 0 0 0 0 0 0 0 0 0 0 0 0 321 0 0 0 0 0 0 0 0 0 0 0 0 0 0 0 267 0 0 93 0 260 28 3 61 259 1998 6 236 132 339 0 0 0 0 0 4 0 45 0 0 0 0 0 
0 0 0 0 0 0 0 0 0 0 0 0 0 0 0 0 0 0 0 0 0 0 0 0 0 0 0 0 0 0 0 0 0 0 0 0 0 0 0 0 0 0 0 0 0 0 0 0 0 0 0 0 0 0 0 0 0 0 0 0 0 0 0 0 0 136 1 248 109 47 0 0 0 0 0 0 0 0 0 0 0 0 12 
0 0 0 0 0 0 1 95 0 0 0 0 0 0 0 0 0 1 0 0 0 0 0 0 0 0 0 0 0 0 0 0 0 0 210 146 6512 4797 0 20 0 0 0 0 0 0 0 0 433 0 0 0 0 0 0 0 0 0 0 0 0 0 0 0 0 0 0 0 0 0 0 0 0 0 1 818 157 2141 1759 0 0 12 0 
