0 82 516 89 16 0 814 0 0 0 0 120 0 0 0 0 0 86 3 0 0 0 74 0 147 0 568 793 167 468 0 3683 0 1152 0 30 70 0 529 0 0 1131 0 0 275 0 0 402 0 0 0 0 65 0 0 0 0 0 0 0 0 0 5 0 6 0 0 0 72 22 142 0 104 0 304 0 3 1 0 57 0 0 0 
82 0 0 0 46 0 38 0 0 0 0 0 0 0 0 0 0 1579 810 0 0 0 637 0 53 0 0 207 59 983 0 1425 1 2750 0 0 3330 0 0 0 0 0 0 0 0 0 0 0 0 0 0 0 0 0 0 0 0 0 0 0 0 0 0 0 0 0 0 0 0 0 0 0 0 0 0 0 0 0 0 0 0 0 0 
516 0 0 13 0 0 6 0 0 0 0 503 0 0 0 0 0 0 0 0 0 0 0 0 0 0 120 50 0 0 0 0 0 138 0 1657 190 1 530 0 0 289 0 29 59 0 0 6031 919 0 0 0 19 0 0 0 0 0 0 0 0 0 3 0 6 0 0 0 0 0 20 0 4 0 2 0 15 1 0 279 0 0 0 
89 0 13 0 0 0 0 5 0 0 0 147 0 0 0 0 0 0 0 0 0 0 0 0 0 0 0 0 0 0 0 0 0 15 0 30 0 0 13 0 0 995 0 102 3 0 0 6427 486 0 0 0 0 0 0 0 0 0 0 0 0 0 0 0 0 0 0 0 1 1 1 0 0 0 4 0 0 0 0 112 0 0 0 
16 46 0 0 0 1748 63 347 391 96 0 0 0 0 0 0 37 2370 283 0 0 0 4 0 0 0 0 0 17 0 0 499 60 5106 0 0 4127 0 0 0 0 0 0 0 0 0 0 0 0 0 0 0 0 0 0 0 0 0 0 0 0 0 0 0 0 0 0 0 0 0 0 0 0 0 0 0 0 0 0 0 0 0 0 
0 0 0 0 1748 0 188 2501 1683 893 0 0 0 0 0 0 7 22 27 0 0 0 0 0 4 0 0 0 337 185 0 249 0 96 0 0 577 0 0 0 0 0 0 0 0 0 0 0 0 0 0 0 0 0 0 0 0 0 0 0 0 0 0 0 0 0 0 0 0 0 0 0 0 0 0 0 0 0 0 0 0 0 0 
814 38 6 0 63 188 0 4329 334 206 0 766 3821 0 0 0 3 2338 403 0 0 0 3149 0 2078 0 4533 225 2261 715 0 278 14 832 1641 16414 22396 1280 278 0 0 3 0 51 0 0 0 7230 20104 0 0 0 0 34 0 0 0 0 0 0 1 0 0 0 0 0 0 0 0 1 5 0 0 0 0 0 0 0 0 6 0 0 449 
0 0 0 5 347 2501 4329 0 2170 1725 1050 1225 21950 9558 0 502 9 124 18 16 0 0 0 0 0 0 0 0 108 111 5 141 0 27 25284 6612 13972 591 0 0 0 0 0 0 0 0 0 481 32357 0 36 3199 0 27 105 0 3 0 0 0 0 0 0 0 0 0 0 0 0 0 0 0 0 0 0 0 0 0 0 0 0 0 224 
0 0 0 0 391 1683 334 2170 0 3329 0 0 0 0 0 0 0 0 10 0 0 0 0 0 0 0 0 0 2 0 0 55 0 3 1 0 6 0 0 0 0 0 0 0 0 0 0 0 0 0 0 0 0 0 0 0 0 0 0 0 0 0 0 0 0 0 0 0 0 0 0 0 0 0 0 0 0 0 0 0 0 0 0 
0 0 0 0 96 893 206 1725 3329 0 1464 0 0 10247 0 3270 2227 3030 1653 0 0 0 0 0 10 0 0 0 7408 5036 358 1826 0 876 21507 2257 10330 23 0 0 0 0 0 0 0 0 0 0 23 0 2583 3528 0 0 177 0 2068 0 0 0 1987 0 0 0 0 0 0 0 0 0 0 0 0 0 0 0 0 0 0 0 0 0 4657 
0 0 0 0 0 0 0 1050 0 1464 0 0 277 3888 295 2335 0 7 0 13 0 0 0 0 0 0 0 0 0 0 0 0 0 0 0 0 0 0 0 0 0 0 0 0 0 0 0 0 0 0 23 14 0 0 3 0 0 0 0 0 0 0 0 0 0 0 0 0 0 0 0 0 0 0 0 2 0 0 0 0 0 0 0 
120 0 503 147 0 0 766 1225 0 0 0 0 365 0 0 0 0 0 0 0 0 0 0 0 0 0 0 0 0 0 0 0 0 0 0 0 0 0 136 0 0 9 0 30 0 0 0 306 146 0 0 0 0 0 0 0 0 0 0 0 0 0 0 0 0 0 0 0 0 0 0 0 0 0 0 0 0 0 0 0 0 0 0 
0 0 0 0 0 0 3821 21950 0 0 277 365 0 820 0 0 0 0 0 725 1 2 0 0 0 0 0 0 0 0 0 0 0 0 0 0 0 0 0 0 0 0 0 0 0 0 0 146 959 0 0 0 12 8 0 1 0 0 0 0 25 0 0 0 0 0 0 0 0 0 0 0 0 0 0 0 0 0 0 0 0 0 0 
0 0 0 0 0 0 0 9558 0 10247 3888 0 820 0 146 6760 0 3901 0 5571 233 39 0 0 0 0 0 0 0 0 0 0 0 0 0 0 0 0 0 0 0 0 0 0 0 0 0 0 180 0 0 8 0 0 81 61 3 0 0 0 639 0 0 0 0 0 0 0 0 0 0 0 0 0 0 0 0 0 0 0 0 0 0 
0 0 0 0 0 0 0 0 0 0 295 0 0 146 0 0 0 3565 0 11992 15 32 4 29 0 1 0 0 0 0 0 0 0 0 222 0 9 0 0 0 0 1 0 0 0 0 0 0 0 0 0 0 0 0 159 74 0 0 72 0 276 50 1 16 0 0 2 0 0 0 0 0 0 0 0 1 0 0 0 0 1 0 0 
0 0 0 0 0 0 0 502 0 3270 2335 0 0 6760 0 0 4883 1369 1259 0 0 0 0 0 1 0 0 0 647 22 0 28 0 288 10459 2373 5486 0 0 0 0 0 0 0 0 0 0 0 0 0 0 4 0 0 151 0 0 0 0 0 5821 0 0 0 0 0 0 0 0 0 0 0 0 0 0 0 0 0 0 0 0 0 155 
0 0 0 0 37 7 3 9 0 2227 0 0 0 0 0 4883 0 485 2330 0 0 0 0 0 1 0 0 0 2826 3289 2682 1286 140 572 0 0 25 0 0 0 0 0 0 0 0 0 0 0 0 0 0 0 0 0 0 0 0 0 0 0 0 0 0 0 0 0 0 0 0 0 0 0 0 0 0 0 0 0 0 0 0 0 0 
86 1579 0 0 2370 22 2338 124 0 3030 7 0 0 3901 3565 1369 485 0 12000 139 51 237 795 1454 657 3506 0 0 1664 1060 9 12216 383 1649 18682 2690 14278 58 0 1423 1 0 0 0 0 0 0 19 0 0 0 0 0 0 1 2367 0 0 3390 4647 11070 93 6 0 0 0 84 0 0 3 598 40 745 0 5 0 0 296 0 0 0 0 334 
3 810 0 0 283 27 403 18 10 1653 0 0 0 0 0 1259 2330 12000 0 0 0 0 1316 0 3417 0 0 0 7362 8615 1616 6012 0 496 759 0 5238 11 0 0 1 0 0 0 0 0 0 0 0 0 0 0 0 0 0 3 0 0 0 1 0 0 0 0 0 0 0 0 0 0 0 0 0 0 0 0 0 0 0 0 0 0 1 
0 0 0 0 0 0 0 16 0 0 13 0 725 5571 11992 0 0 139 0 0 333 1428 20 892 3 681 0 0 0 0 0 0 0 0 5 0 0 0 0 1020 0 0 0 0 0 0 0 0 0 0 0 0 0 0 400 436 0 0 0 0 894 33 1 0 0 0 53 0 0 0 0 0 0 0 0 0 0 3 0 0 0 0 0 
0 0 0 0 0 0 0 0 0 0 0 0 1 233 15 0 0 51 0 333 0 1276 253 1758 226 64 0 0 0 0 0 0 0 0 32 0 132 0 0 2603 0 0 0 0 0 0 0 0 0 0 0 0 0 0 2 13 0 0 15 7 2 166 0 1 0 0 0 0 0 0 0 0 0 0 0 0 0 0 0 0 0 0 0 
0 0 0 0 0 0 0 0 0 0 0 0 2 39 32 0 0 237 0 1428 1276 0 191 4150 2587 0 0 0 0 0 0 0 0 0 12 0 30 0 0 88 0 0 0 0 0 0 0 0 0 0 0 0 0 0 11 46 0 0 0 0 30 20 0 0 2 0 0 0 0 0 0 0 0 0 0 0 0 0 0 0 0 0 0 
74 637 0 0 4 0 3149 0 0 0 0 0 0 0 4 0 0 795 1316 20 253 191 0 1051 6798 0 0 0 3437 906 0 88 0 30 100 0 1492 0 0 917 0 0 0 0 0 0 0 9 0 0 0 0 0 0 0 9 0 0 3197 1480 613 585 0 12 0 0 0 0 0 2 326 51 189 0 2 0 0 203 0 0 1 0 4 
0 0 0 0 0 0 0 0 0 0 0 0 0 0 29 0 0 1454 0 892 1758 4150 1051 0 318 36 0 0 0 0 0 0 0 0 0 0 7 0 0 7 0 0 0 0 0 0 0 0 0 0 0 0 0 0 0 1 0 0 32 0 3 106 2 26 223 8 0 0 0 0 0 0 0 0 0 0 0 0 0 0 0 0 0 
147 53 0 0 0 4 2078 0 0 10 0 0 0 0 0 1 1 657 3417 3 226 2587 6798 318 0 7 4 30 2286 394 0 0 0 15 134 0 3395 67 0 218 100 0 0 0 0 0 0 0 0 0 0 0 0 0 0 0 0 0 0 0 0 0 0 0 0 0 0 0 0 0 0 0 0 0 0 0 0 0 0 0 0 0 0 
0 0 0 0 0 0 0 0 0 0 0 0 0 0 1 0 0 3506 0 681 64 0 0 36 7 0 0 0 0 0 0 0 0 24 15 0 168 0 0 509 24 0 0 0 0 0 0 0 0 0 0 0 0 0 0 0 0 0 0 0 0 0 0 0 0 0 0 0 0 0 0 0 0 0 0 0 0 0 0 0 0 0 0 
568 0 120 0 0 0 4533 0 0 0 0 0 0 0 0 0 0 0 0 0 0 0 0 0 4 0 0 32 1 0 0 0 0 560 0 0 1931 135 0 3 94 0 0 0 0 0 0 0 0 0 0 0 0 0 0 0 0 0 0 0 0 0 0 0 0 0 0 0 0 0 0 0 0 0 0 0 0 0 0 0 0 0 0 
793 207 50 0 0 0 225 0 0 0 0 0 0 0 0 0 0 0 0 0 0 0 0 0 30 0 32 0 13 0 0 0 0 1024 0 0 0 0 0 0 0 0 0 0 0 0 0 0 0 0 0 0 0 0 0 0 0 0 0 0 0 0 0 0 0 0 0 0 0 0 0 0 0 0 0 0 0 0 0 0 0 0 0 
167 59 0 0 17 337 2261 108 2 7408 0 0 0 0 0 647 2826 1664 7362 0 0 0 3437 0 2286 0 1 13 0 1328 14 163 0 40 0 0 411 0 0 0 0 0 0 0 0 0 0 0 0 0 0 0 0 0 0 0 0 0 0 0 0 0 0 0 0 0 0 0 0 0 0 0 0 0 0 0 0 0 0 0 0 0 0 
468 983 0 0 0 185 715 111 0 5036 0 0 0 0 0 22 3289 1060 8615 0 0 0 906 0 394 0 0 0 1328 0 708 899 0 16 0 0 2 0 0 0 0 0 0 0 0 0 0 0 0 0 0 0 0 0 0 0 0 0 0 0 0 0 0 0 0 0 0 0 0 0 0 0 0 0 0 0 0 0 0 0 0 0 0 
0 0 0 0 0 0 0 5 0 358 0 0 0 0 0 0 2682 9 1616 0 0 0 0 0 0 0 0 0 14 708 0 119 0 1 0 0 0 0 0 0 0 0 0 0 0 0 0 0 0 0 0 0 0 0 0 0 0 0 0 0 0 0 0 0 0 0 0 0 0 0 0 0 0 0 0 0 0 0 0 0 0 0 0 
3683 1425 0 0 499 249 278 141 55 1826 0 0 0 0 0 28 1286 12216 6012 0 0 0 88 0 0 0 0 0 163 899 119 0 566 1910 0 0 2038 0 0 0 0 0 0 0 0 0 0 0 0 0 0 0 0 0 0 0 0 0 0 0 0 0 0 0 0 0 0 0 0 0 0 0 0 0 0 0 0 0 0 0 0 0 0 
0 1 0 0 60 0 14 0 0 0 0 0 0 0 0 0 140 383 0 0 0 0 0 0 0 0 0 0 0 0 0 566 0 87 0 0 183 0 0 0 0 0 0 0 0 0 0 0 0 0 0 0 0 0 0 0 0 0 0 0 0 0 0 0 0 0 0 0 0 0 0 0 0 0 0 0 0 0 0 0 0 0 0 
1152 2750 138 15 5106 96 832 27 3 876 0 0 0 0 0 288 572 1649 496 0 0 0 30 0 15 24 560 1024 40 16 1 1910 87 0 0 0 158 0 2 9 55 0 0 0 0 0 0 0 0 0 0 0 0 0 0 0 0 0 0 0 0 0 0 0 0 0 0 0 0 0 0 0 0 0 0 0 0 0 0 0 0 0 0 
0 0 0 0 0 0 1641 25284 1 21507 0 0 0 0 222 10459 0 18682 759 5 32 12 100 0 134 15 0 0 0 0 0 0 0 0 0 917 287 54 4 669 349 0 0 0 0 0 0 0 0 0 0 0 0 0 0 20 0 0 2 73 2602 553 18 21 0 0 10 0 0 0 21 7 0 0 0 29 0 34 0 0 0 0 63 
30 0 1657 30 0 0 16414 6612 0 2257 0 0 0 0 0 2373 0 2690 0 0 0 0 0 0 0 0 0 0 0 0 0 0 0 0 917 0 1 0 7 0 0 0 0 0 0 0 0 0 0 0 0 0 0 0 0 0 0 0 0 0 2544 0 0 0 0 0 0 0 0 0 0 0 0 0 0 6 0 149 0 0 0 0 1273 
70 3330 190 0 4127 577 22396 13972 6 10330 0 0 0 0 9 5486 25 14278 5238 0 132 30 1492 7 3395 168 1931 0 411 2 0 2038 183 158 287 1 0 0 8 283 2 4 0 0 2 0 0 0 0 0 0 0 0 0 0 1 0 0 0 205 1047 8 0 0 0 0 0 0 0 0 67 36 14 0 0 0 0 0 0 1 0 0 3417 
0 0 1 0 0 0 1280 591 0 23 0 0 0 0 0 0 0 58 11 0 0 0 0 0 67 0 135 0 0 0 0 0 0 0 54 0 0 0 0 0 2 0 0 0 0 0 0 0 0 0 0 0 0 0 0 0 0 0 0 0 0 0 0 0 0 0 0 0 0 0 0 0 0 0 0 0 0 0 0 0 0 0 9763 
529 0 530 13 0 0 278 0 0 0 0 136 0 0 0 0 0 0 0 0 0 0 0 0 0 0 0 0 0 0 0 0 0 2 4 7 8 0 0 0 0 6 0 0 2 0 0 2 0 0 0 0 3 0 0 0 0 0 0 0 0 0 0 0 0 0 0 0 0 0 1 0 0 0 1 0 0 0 0 2 0 0 0 
0 0 0 0 0 0 0 0 0 0 0 0 0 0 0 0 0 1423 0 1020 2603 88 917 7 218 509 3 0 0 0 0 0 0 9 669 0 283 0 0 0 264 0 0 0 0 0 0 0 0 0 0 0 0 0 0 1 0 0 173 378 4886 1472 32 264 0 0 0 0 0 0 558 41 362 1 1 530 0 1558 0 0 0 1 116 
0 0 0 0 0 0 0 0 0 0 0 0 0 0 0 0 0 1 1 0 0 0 0 0 100 24 94 0 0 0 0 0 0 55 349 0 2 2 0 264 0 0 0 0 0 0 0 0 0 0 0 0 0 0 0 0 0 0 0 0 0 0 0 0 0 0 0 0 0 0 0 0 0 0 0 0 0 0 0 0 0 0 9 
1131 0 289 995 0 0 3 0 0 0 0 9 0 0 1 0 0 0 0 0 0 0 0 0 0 0 0 0 0 0 0 0 0 0 0 0 4 0 6 0 0 0 1728 0 520 244 0 831 0 0 0 0 1627 0 0 0 0 0 0 0 0 5 488 1168 2405 1 0 0 11 183 1414 0 694 0 1377 0 125 1278 4 10 2 0 0 
0 0 0 0 0 0 0 0 0 0 0 0 0 0 0 0 0 0 0 0 0 0 0 0 0 0 0 0 0 0 0 0 0 0 0 0 0 0 0 0 0 1728 0 0 0 39 0 0 0 0 0 0 0 0 0 0 0 0 4 0 0 0 0 378 1 0 0 0 0 0 202 0 14 0 1841 0 0 35 0 0 0 0 0 
0 0 29 102 0 0 51 0 0 0 0 30 0 0 0 0 0 0 0 0 0 0 0 0 0 0 0 0 0 0 0 0 0 0 0 0 0 0 0 0 0 0 0 0 344 0 0 0 35 0 0 0 314 0 0 0 0 0 0 0 0 0 0 0 0 0 0 0 0 0 0 0 0 0 0 0 0 0 0 0 0 0 0 
275 0 59 3 0 0 0 0 0 0 0 0 0 0 0 0 0 0 0 0 0 0 0 0 0 0 0 0 0 0 0 0 0 0 0 0 2 0 2 0 0 520 0 344 0 0 0 94 12 0 0 0 259 0 0 0 0 0 0 0 0 0 2 0 2 0 0 6 209 233 80 0 83 0 3 0 0 145 0 1 0 8 0 
0 0 0 0 0 0 0 0 0 0 0 0 0 0 0 0 0 0 0 0 0 0 0 0 0 0 0 0 0 0 0 0 0 0 0 0 0 0 0 0 0 244 39 0 0 0 101 1444 327 0 3266 0 0 0 0 0 45 0 0 0 0 0 0 91 0 0 0 0 0 0 10 0 1 0 9107 0 0 0 0 0 0 0 0 
0 0 0 0 0 0 0 0 0 0 0 0 0 0 0 0 0 0 0 0 0 0 0 0 0 0 0 0 0 0 0 0 0 0 0 0 0 0 0 0 0 0 0 0 0 101 0 81 309 716 2363 0 0 0 0 0 4239 0 1652 1929 0 0 0 9 0 0 0 0 0 0 312 354 0 0 377 0 0 0 0 0 0 0 0 
402 0 6031 6427 0 0 7230 481 0 0 0 306 146 0 0 0 0 19 0 0 0 0 9 0 0 0 0 0 0 0 0 0 0 0 0 0 0 0 2 0 0 831 0 0 94 1444 81 0 4866 2782 770 1 1328 2 0 0 3 0 431 38 0 130 108 2923 1170 0 0 0 0 133 300 0 23 0 10923 1458 19893 19176 1792 118 0 0 2000 
0 0 919 486 0 0 20104 32357 0 23 0 146 959 180 0 0 0 0 0 0 0 0 0 0 0 0 0 0 0 0 0 0 0 0 0 0 0 0 0 0 0 0 0 35 12 327 309 4866 0 1316 3559 90 3841 1421 99 0 5 0 0 0 0 0 0 0 0 0 0 0 0 0 0 0 0 0 4819 24971 9055 15958 206 0 18 0 4321 
0 0 0 0 0 0 0 0 0 0 0 0 0 0 0 0 0 0 0 0 0 0 0 0 0 0 0 0 0 0 0 0 0 0 0 0 0 0 0 0 0 0 0 0 0 0 716 2782 1316 0 3083 0 0 0 0 0 1 0 0 0 0 0 0 0 0 0 0 0 0 0 0 0 0 0 0 0 0 0 0 0 0 0 0 
0 0 0 0 0 0 0 36 0 2583 23 0 0 0 0 0 0 0 0 0 0 0 0 0 0 0 0 0 0 0 0 0 0 0 0 0 0 0 0 0 0 0 0 0 0 3266 2363 770 3559 3083 0 2596 0 0 53 0 5055 527 2695 12690 0 0 0 26 0 0 0 0 0 0 2988 4306 51 0 8187 19859 2 18487 87 0 17 0 6381 
0 0 0 0 0 0 0 3199 0 3528 14 0 0 8 0 4 0 0 0 0 0 0 0 0 0 0 0 0 0 0 0 0 0 0 0 0 0 0 0 0 0 0 0 0 0 0 0 1 90 0 2596 0 0 1 817 0 945 0 0 0 0 0 0 0 0 0 0 0 0 0 0 0 0 0 0 737 58 0 0 0 0 0 0 
65 0 19 0 0 0 0 0 0 0 0 0 12 0 0 0 0 0 0 0 0 0 0 0 0 0 0 0 0 0 0 0 0 0 0 0 0 0 3 0 0 1627 0 314 259 0 0 1328 3841 0 0 0 0 0 0 0 0 0 0 0 0 0 0 0 0 0 0 0 0 1 0 0 4 0 136 0 0 15 13 10 0 0 0 
0 0 0 0 0 0 34 27 0 0 0 0 8 0 0 0 0 0 0 0 0 0 0 0 0 0 0 0 0 0 0 0 0 0 0 0 0 0 0 0 0 0 0 0 0 0 0 2 1421 0 0 1 0 0 404 0 0 0 0 0 0 0 0 0 0 0 0 0 0 0 0 0 0 0 0 0 0 0 0 0 0 0 0 
0 0 0 0 0 0 0 105 0 177 3 0 0 81 159 151 0 1 0 400 2 11 0 0 0 0 0 0 0 0 0 0 0 0 0 0 0 0 0 0 0 0 0 0 0 0 0 0 99 0 53 817 0 404 0 488 36 0 0 0 2334 0 0 0 0 0 2 0 0 0 0 0 0 0 0 0 0 0 0 0 0 0 0 
0 0 0 0 0 0 0 0 0 0 0 0 1 61 74 0 0 2367 3 436 13 46 9 1 0 0 0 0 0 0 0 0 0 0 20 0 1 0 0 1 0 0 0 0 0 0 0 0 0 0 0 0 0 0 488 0 0 0 123 0 3129 367 0 0 2 2 856 0 0 0 0 0 0 0 0 0 0 0 0 0 5 0 0 
0 0 0 0 0 0 0 3 0 2068 0 0 0 3 0 0 0 0 0 0 0 0 0 0 0 0 0 0 0 0 0 0 0 0 0 0 0 0 0 0 0 0 0 0 0 45 4239 3 5 1 5055 945 0 0 36 0 0 6311 1572 3404 204 0 0 3 0 0 0 0 0 0 69 1161 54 19 7844 2034 0 14518 0 0 0 0 44 
0 0 0 0 0 0 0 0 0 0 0 0 0 0 0 0 0 0 0 0 0 0 0 0 0 0 0 0 0 0 0 0 0 0 0 0 0 0 0 0 0 0 0 0 0 0 0 0 0 0 527 0 0 0 0 0 6311 0 24 2133 0 0 0 0 0 0 0 0 0 0 128 2400 654 4 396 0 0 0 0 0 0 0 0 
0 0 0 0 0 0 0 0 0 0 0 0 0 0 72 0 0 3390 0 0 15 0 3197 32 0 0 0 0 0 0 0 0 0 0 2 0 0 0 0 173 0 0 4 0 0 0 1652 431 0 0 2695 0 0 0 0 123 1572 24 0 10374 88 269 43 3939 0 1282 0 0 0 1527 1149 123 3649 1248 4093 1641 0 3833 1 0 0 0 52 
0 0 0 0 0 0 0 0 0 0 0 0 0 0 0 0 0 4647 1 0 7 0 1480 0 0 0 0 0 0 0 0 0 0 0 73 0 205 0 0 378 0 0 0 0 0 0 1929 38 0 0 12690 0 0 0 0 0 3404 2133 10374 0 7519 12 0 4217 0 16 0 0 0 583 8587 3816 2119 216 946 0 0 562 0 0 0 0 2 
0 0 0 0 0 0 1 0 0 1987 0 0 25 639 276 5821 0 11070 0 894 2 30 613 3 0 0 0 0 0 0 0 0 0 0 2602 2544 1047 0 0 4886 0 0 0 0 0 0 0 0 0 0 0 0 0 0 2334 3129 204 0 88 7519 0 143 9 0 93 2 158 0 0 1 774 75 1307 1775 1165 2526 0 8441 0 0 162 0 346 
0 0 0 0 0 0 0 0 0 0 0 0 0 0 50 0 0 93 0 33 166 20 585 106 0 0 0 0 0 0 0 0 0 0 553 0 8 0 0 1472 0 5 0 0 0 0 0 130 0 0 0 0 0 0 0 367 0 0 269 12 143 0 948 763 5 115 175 0 0 173 227 0 615 0 33 0 0 641 2 0 551 0 6 
5 0 3 0 0 0 0 0 0 0 0 0 0 0 1 0 0 6 0 1 0 0 0 2 0 0 0 0 0 0 0 0 0 0 18 0 0 0 0 32 0 488 0 0 2 0 0 108 0 0 0 0 0 0 0 0 0 0 43 0 9 948 0 520 5159 295 119 0 0 121 32 0 63 0 48 0 0 9 0 0 206 0 0 
0 0 0 0 0 0 0 0 0 0 0 0 0 0 16 0 0 0 0 0 1 0 12 26 0 0 0 0 0 0 0 0 0 0 21 0 0 0 0 264 0 1168 378 0 0 91 9 2923 0 0 26 0 0 0 0 0 3 0 3939 4217 0 763 520 0 373 4376 0 0 0 4967 1387 31 368 0 948 69 0 2043 59 0 0 19 14 
6 0 6 0 0 0 0 0 0 0 0 0 0 0 0 0 0 0 0 0 0 2 0 223 0 0 0 0 0 0 0 0 0 0 0 0 0 0 0 0 0 2405 1 0 2 0 0 1170 0 0 0 0 0 0 0 2 0 0 0 0 93 5 5159 373 0 7284 105 0 0 2745 888 0 1139 0 645 6 0 13 0 0 93 0 0 
0 0 0 0 0 0 0 0 0 0 0 0 0 0 0 0 0 0 0 0 0 0 0 8 0 0 0 0 0 0 0 0 0 0 0 0 0 0 0 0 0 1 0 0 0 0 0 0 0 0 0 0 0 0 0 2 0 0 1282 16 2 115 295 4376 7284 0 45 0 0 235 12 0 6 0 0 65 0 75 0 0 197 488 0 
0 0 0 0 0 0 0 0 0 0 0 0 0 0 2 0 0 84 0 53 0 0 0 0 0 0 0 0 0 0 0 0 0 0 10 0 0 0 0 0 0 0 0 0 0 0 0 0 0 0 0 0 0 0 2 856 0 0 0 0 158 175 119 0 105 45 0 0 0 29 0 0 0 0 0 12 0 18 0 0 191 108 0 
0 0 0 0 0 0 0 0 0 0 0 0 0 0 0 0 0 0 0 0 0 0 0 0 0 0 0 0 0 0 0 0 0 0 0 0 0 0 0 0 0 0 0 0 6 0 0 0 0 0 0 0 0 0 0 0 0 0 0 0 0 0 0 0 0 0 0 0 0 0 0 0 0 0 4 0 0 56 0 40 1 23 0 
72 0 0 1 0 0 0 0 0 0 0 0 0 0 0 0 0 0 0 0 0 0 0 0 0 0 0 0 0 0 0 0 0 0 0 0 0 0 0 0 0 11 0 0 209 0 0 0 0 0 0 0 0 0 0 0 0 0 0 0 0 0 0 0 0 0 0 0 0 0 0 0 4 0 562 0 0 82 0 2 0 193 0 
22 0 0 1 0 0 1 0 0 0 0 0 0 0 0 0 0 3 0 0 0 0 2 0 0 0 0 0 0 0 0 0 0 0 0 0 0 0 0 0 0 183 0 0 233 0 0 133 0 0 0 0 1 0 0 0 0 0 1527 583 1 173 121 4967 2745 235 29 0 0 0 2958 0 211 0 130 397 0 200 2 0 458 496 6 
142 0 20 1 0 0 5 0 0 0 0 0 0 0 0 0 0 598 0 0 0 0 326 0 0 0 0 0 0 0 0 0 0 0 21 0 67 0 1 558 0 1414 202 0 80 10 312 300 0 0 2988 0 0 0 0 0 69 128 1149 8587 774 227 32 1387 888 12 0 0 0 2958 0 1654 429 0 671 0 0 7 0 0 0 0 0 
0 0 0 0 0 0 0 0 0 0 0 0 0 0 0 0 0 40 0 0 0 0 51 0 0 0 0 0 0 0 0 0 0 0 7 0 36 0 0 41 0 0 0 0 0 0 354 0 0 0 4306 0 0 0 0 0 1161 2400 123 3816 75 0 0 31 0 0 0 0 0 0 1654 0 83 15 993 0 0 0 0 0 0 0 0 
104 0 4 0 0 0 0 0 0 0 0 0 0 0 0 0 0 745 0 0 0 0 189 0 0 0 0 0 0 0 0 0 0 0 0 0 14 0 0 362 0 694 14 0 83 1 0 23 0 0 51 0 4 0 0 0 54 654 3649 2119 1307 615 63 368 1139 6 0 0 4 211 429 83 0 64 2891 0 0 741 0 0 0 0 0 
0 0 0 0 0 0 0 0 0 0 0 0 0 0 0 0 0 0 0 0 0 0 0 0 0 0 0 0 0 0 0 0 0 0 0 0 0 0 0 1 0 0 0 0 0 0 0 0 0 0 0 0 0 0 0 0 19 4 1248 216 1775 0 0 0 0 0 0 0 0 0 0 15 64 0 199 0 0 28 0 0 0 0 0 
304 0 2 4 0 0 0 0 0 0 0 0 0 0 0 0 0 5 0 0 0 0 2 0 0 0 0 0 0 0 0 0 0 0 0 0 0 0 1 1 0 1377 1841 0 3 9107 377 10923 4819 0 8187 0 136 0 0 0 7844 396 4093 946 1165 33 48 948 645 0 0 4 562 130 671 993 2891 199 0 0 0 102 0 10 0 0 0 
0 0 0 0 0 0 0 0 0 0 2 0 0 0 1 0 0 0 0 0 0 0 0 0 0 0 0 0 0 0 0 0 0 0 29 6 0 0 0 530 0 0 0 0 0 0 0 1458 24971 0 19859 737 0 0 0 0 2034 0 1641 0 2526 0 0 69 6 65 12 0 0 397 0 0 0 0 0 0 767 183 3 0 235 56 906 
3 0 15 0 0 0 0 0 0 0 0 0 0 0 0 0 0 0 0 0 0 0 0 0 0 0 0 0 0 0 0 0 0 0 0 0 0 0 0 0 0 125 0 0 0 0 0 19893 9055 0 2 58 0 0 0 0 0 0 0 0 0 0 0 0 0 0 0 0 0 0 0 0 0 0 0 767 0 1 2 0 0 0 328 
1 0 1 0 0 0 0 0 0 0 0 0 0 0 0 0 0 296 0 3 0 0 203 0 0 0 0 0 0 0 0 0 0 0 34 149 0 0 0 1558 0 1278 35 0 145 0 0 19176 15958 0 18487 0 15 0 0 0 14518 0 3833 562 8441 641 9 2043 13 75 18 56 82 200 7 0 741 28 102 183 1 0 8 32 219 0 2566 
0 0 0 0 0 0 0 0 0 0 0 0 0 0 0 0 0 0 0 0 0 0 0 0 0 0 0 0 0 0 0 0 0 0 0 0 0 0 0 0 0 4 0 0 0 0 0 1792 206 0 87 0 13 0 0 0 0 0 1 0 0 2 0 59 0 0 0 0 0 2 0 0 0 0 0 3 2 8 0 0 0 0 2082 
57 0 279 112 0 0 6 0 0 0 0 0 0 0 0 0 0 0 0 0 0 0 0 0 0 0 0 0 0 0 0 0 0 0 0 0 1 0 2 0 0 10 0 0 1 0 0 118 0 0 0 0 10 0 0 0 0 0 0 0 0 0 0 0 0 0 0 40 2 0 0 0 0 0 10 0 0 32 0 0 0 1 0 
0 0 0 0 0 0 0 0 0 0 0 0 0 0 1 0 0 0 0 0 0 0 1 0 0 0 0 0 0 0 0 0 0 0 0 0 0 0 0 0 0 2 0 0 0 0 0 0 18 0 17 0 0 0 0 5 0 0 0 0 162 551 206 0 93 197 191 1 0 458 0 0 0 0 0 235 0 219 0 0 0 81 21 
0 0 0 0 0 0 0 0 0 0 0 0 0 0 0 0 0 0 0 0 0 0 0 0 0 0 0 0 0 0 0 0 0 0 0 0 0 0 0 1 0 0 0 0 8 0 0 0 0 0 0 0 0 0 0 0 0 0 0 0 0 0 0 19 0 488 108 23 193 496 0 0 0 0 0 56 0 0 0 1 81 0 0 
0 0 0 0 0 0 449 224 0 4657 0 0 0 0 0 155 0 334 1 0 0 0 4 0 0 0 0 0 0 0 0 0 0 0 63 1273 3417 9763 0 116 9 0 0 0 0 0 0 2000 4321 0 6381 0 0 0 0 0 44 0 52 2 346 6 0 14 0 0 0 0 0 6 0 0 0 0 0 906 328 2566 2082 0 21 0 0 
