0 699 1 714 274 0 2213 0 0 0 0 263 0 0 0 0 0 0 0 0 0 0 0 0 0 0 15 275 63 9 0 54 0 1301 0 469 12 0 77 0 0 1536 0 0 29 0 0 422 0 0 0 0 124 0 0 0 0 0 0 0 2 0 0 0 0 0 0 0 0 0 0 0 59 0 136 0 11 35 0 0 0 0 0 
699 0 0 0 25 0 1 0 0 1 0 0 0 0 0 0 0 0 2 0 0 0 12 0 0 0 0 0 14 486 1 649 0 4125 30 33 1541 83 0 0 0 0 0 0 0 0 0 0 0 0 0 0 0 0 0 0 0 0 0 0 0 0 0 0 0 0 0 0 0 0 0 0 0 0 0 0 0 0 0 0 0 0 1 
1 0 0 107 0 0 0 0 0 0 0 552 0 0 0 0 0 0 0 0 0 0 0 0 0 0 0 0 0 0 0 0 0 0 0 0 0 0 0 0 0 0 0 0 0 0 0 92 0 0 0 0 0 0 0 0 0 0 0 0 0 0 0 0 0 0 0 0 0 0 0 0 0 0 0 0 1 0 0 0 0 0 0 
714 0 107 0 0 0 93 99 0 0 0 10 0 0 0 0 0 0 0 0 0 0 0 0 0 0 0 0 0 0 0 0 0 41 1 2 0 0 30 0 0 0 0 0 0 0 0 5 0 0 0 0 0 0 0 0 0 0 0 0 0 0 0 0 0 0 0 0 0 0 0 0 0 0 0 0 0 0 0 0 0 0 3 
274 25 0 0 0 210 164 7 10 0 0 0 23 0 0 0 0 0 3 0 0 0 1 0 0 0 0 0 0 183 3 0 0 3444 824 860 9174 17 0 0 0 0 0 0 0 1 3 377 3 0 0 0 0 0 0 0 0 0 0 0 0 0 0 0 0 0 0 0 0 0 0 0 0 0 0 66 50 525 0 0 0 0 80 
0 0 0 0 210 0 37 1489 2409 5000 0 0 3 0 0 0 0 0 0 0 0 0 0 0 0 0 0 0 0 0 0 0 0 155 0 0 901 0 0 0 0 0 0 0 0 0 0 1 0 0 0 0 0 0 0 0 0 0 0 0 0 0 0 0 0 0 0 0 0 0 0 0 0 0 0 0 0 0 0 0 0 0 0 
2213 1 0 93 164 37 0 11543 6752 1528 0 3847 5894 0 0 0 0 0 0 0 0 0 22 0 0 0 10 708 478 632 0 4263 0 2485 6640 9465 10371 1535 12 0 0 85 0 326 28 1 60 15973 2838 0 3 0 0 366 0 0 0 0 0 0 0 0 0 0 0 0 0 0 0 0 0 0 0 0 7 568 3424 1692 2 0 0 0 384 
0 0 0 99 7 1489 11543 0 55 2547 653 2477 13047 9336 0 5 0 1 0 26 0 0 0 0 0 0 0 0 0 0 0 0 0 3 16270 2027 6091 0 0 0 0 0 0 0 0 0 0 160 12288 0 37 25 0 484 1212 0 0 0 0 0 0 0 0 0 0 0 0 0 0 0 0 0 0 0 0 37 8 8 0 0 0 0 1 
0 0 0 0 10 2409 6752 55 0 2039 0 0 0 0 0 0 0 0 0 0 0 0 0 0 0 0 0 0 0 0 0 0 0 17 32 0 1107 0 0 0 0 0 0 0 0 0 0 0 0 0 0 0 0 0 0 0 0 0 0 0 0 0 0 0 0 0 0 0 0 0 0 0 0 0 0 0 0 0 0 0 0 0 0 
0 1 0 0 0 5000 1528 2547 2039 0 1733 0 0 7876 0 1686 245 177 810 0 0 0 0 0 0 0 0 0 31 1132 0 0 0 5651 28837 940 18101 0 0 0 0 0 0 0 0 0 0 0 706 0 721 532 0 0 1489 0 0 0 0 0 0 0 0 0 0 0 0 0 0 0 0 0 0 0 0 10 0 0 0 0 0 0 2168 
0 0 0 0 0 0 0 653 0 1733 0 0 0 370 1 235 0 0 0 2 0 0 0 0 0 0 0 0 0 0 0 0 0 0 0 0 0 0 0 0 0 0 0 0 0 0 0 0 0 0 0 0 0 0 0 0 0 0 0 0 0 0 0 0 0 0 0 0 0 0 0 0 0 0 0 0 0 0 0 0 0 0 0 
263 0 552 10 0 0 3847 2477 0 0 0 0 0 0 0 0 0 0 0 0 0 0 0 0 0 0 0 1 0 0 0 0 0 4 0 0 0 0 1 0 0 51 0 33 0 0 0 134 0 0 0 0 1 0 0 0 0 0 0 0 0 0 0 0 0 0 0 0 0 0 0 0 2 0 1 0 0 0 0 0 0 0 0 
0 0 0 0 23 3 5894 13047 0 0 0 0 0 129 0 0 0 0 0 0 0 0 0 0 0 0 0 0 0 0 0 0 0 0 14 20 0 0 0 0 0 0 0 0 0 0 0 388 82 0 0 0 0 0 0 0 0 0 0 0 0 0 0 0 0 0 0 0 0 0 0 0 0 0 0 0 0 1 0 0 0 0 0 
0 0 0 0 0 0 0 9336 0 7876 370 0 129 0 269 455 0 589 0 1169 0 0 0 0 0 0 0 0 0 0 0 0 0 0 759 382 0 0 0 0 0 0 0 0 0 0 0 0 4 0 0 1 0 0 0 0 0 0 0 0 0 0 0 0 0 0 0 0 0 0 0 0 0 0 0 0 0 0 0 0 0 0 0 
0 0 0 0 0 0 0 0 0 0 1 0 0 269 0 0 0 3944 0 6456 60 0 0 0 0 70 0 0 0 74 17 60 0 24 189 0 121 0 0 11 0 0 0 0 0 0 0 0 0 0 0 0 0 0 0 11 0 0 108 1 291 591 11 0 18 0 0 0 0 0 0 0 0 0 0 63 0 0 0 0 0 0 50 
0 0 0 0 0 0 0 5 0 1686 235 0 0 455 0 0 727 102 447 0 0 0 0 0 0 0 0 0 509 3123 115 234 19 1283 4752 50 5767 0 0 0 0 0 0 0 0 0 0 0 1 0 2 0 0 0 0 0 0 0 0 0 0 0 0 0 0 0 0 0 0 0 0 0 0 0 0 0 0 0 0 0 0 0 606 
0 0 0 0 0 0 0 0 0 245 0 0 0 0 0 727 0 3800 532 0 0 0 0 0 0 0 0 0 32 1159 1322 1735 379 2936 0 0 520 0 0 0 0 0 0 0 0 0 0 0 0 0 0 0 0 0 0 0 0 0 0 0 0 0 0 0 0 0 0 0 0 0 0 0 0 0 0 0 0 0 0 0 0 0 0 
0 0 0 0 0 0 0 1 0 177 0 0 0 589 3944 102 3800 0 2526 573 87 0 5607 271 366 323 0 0 10310 11919 4097 4984 54 1240 6645 0 4575 0 0 0 0 0 0 0 0 0 0 0 0 0 0 0 0 0 0 427 0 0 96 1 290 31 0 0 4 0 0 0 0 0 0 2 0 0 0 98 0 0 0 0 0 0 1286 
0 2 0 0 3 0 0 0 0 810 0 0 0 0 0 447 532 2526 0 0 0 0 3669 0 0 0 0 0 1067 1122 0 0 0 286 0 0 1274 0 0 0 0 0 0 0 0 0 0 0 0 0 0 0 0 0 0 0 0 0 0 0 0 0 0 0 0 0 0 0 0 0 0 0 0 0 0 0 0 0 0 0 0 0 0 
0 0 0 0 0 0 0 26 0 0 2 0 0 1169 6456 0 0 573 0 0 13 0 0 42 0 151 0 0 826 907 28 318 0 278 4 0 460 0 0 0 0 0 0 0 0 0 0 0 0 0 0 0 0 0 0 118 0 0 279 2 380 292 0 0 0 0 0 0 0 0 0 0 0 0 0 13 0 0 0 0 0 0 7 
0 0 0 0 0 0 0 0 0 0 0 0 0 0 60 0 0 87 0 13 0 418 49 120 35 0 0 0 251 556 3 370 0 317 0 0 377 0 0 0 0 0 0 0 0 0 0 0 0 0 0 0 0 0 0 0 0 0 535 0 837 495 0 0 0 0 0 0 0 0 0 0 0 0 0 111 0 0 0 0 0 0 3 
0 0 0 0 0 0 0 0 0 0 0 0 0 0 0 0 0 0 0 0 418 0 18 195 767 0 0 0 3361 12 0 2 0 18 0 0 1 0 0 0 0 0 0 0 0 0 0 0 0 0 0 0 0 0 0 0 0 0 0 0 1 2 0 0 1 0 0 0 0 0 0 0 0 0 0 0 0 0 0 0 0 0 0 
0 12 0 0 1 0 22 0 0 0 0 0 0 0 0 0 0 5607 3669 0 49 18 0 131 2963 0 0 0 8982 3573 0 849 0 337 0 0 108 0 0 0 0 0 0 0 0 0 0 0 0 0 0 0 0 0 0 0 0 0 0 0 0 0 0 0 0 0 0 0 0 0 0 0 0 0 0 266 0 0 0 0 2 0 18 
0 0 0 0 0 0 0 0 0 0 0 0 0 0 0 0 0 271 0 42 120 195 131 0 2296 0 0 0 1254 0 0 0 0 2 0 0 3 0 0 0 0 0 0 0 0 0 0 0 0 0 0 0 0 0 0 0 0 0 5 0 0 3 0 0 0 0 0 0 0 0 0 0 0 0 0 0 0 0 0 0 0 0 0 
0 0 0 0 0 0 0 0 0 0 0 0 0 0 0 0 0 366 0 0 35 767 2963 2296 0 1 18 331 1335 0 0 0 0 0 0 0 960 11 0 27 0 0 0 0 0 0 0 0 0 0 0 0 0 0 0 0 0 0 0 0 0 0 0 0 0 0 0 0 0 0 0 0 0 0 0 0 0 0 0 0 0 0 0 
0 0 0 0 0 0 0 0 0 0 0 0 0 0 70 0 0 323 0 151 0 0 0 0 1 0 0 0 114 8 3 10 0 2 17 0 4 0 0 67 0 0 0 0 0 0 0 0 0 0 0 0 0 0 0 5 0 0 21 0 4 24 0 0 0 0 0 0 0 0 0 0 0 0 0 0 0 0 0 0 0 0 8 
15 0 0 0 0 0 10 0 0 0 0 0 0 0 0 0 0 0 0 0 0 0 0 0 18 0 0 133 28 0 0 0 0 11 0 0 151 0 0 3 0 0 0 0 0 0 0 0 0 0 0 0 0 0 0 0 0 0 0 0 0 0 0 0 0 0 0 0 0 0 0 0 0 0 0 0 0 0 0 0 0 0 0 
275 0 0 0 0 0 708 0 0 0 0 1 0 0 0 0 0 0 0 0 0 0 0 0 331 0 133 0 635 24 0 16 0 285 0 1 30 0 0 1 0 0 0 0 0 0 0 0 0 0 0 0 0 0 0 0 0 0 0 0 0 0 0 0 0 0 0 0 0 0 0 0 0 0 0 0 0 0 0 0 0 0 0 
63 14 0 0 0 0 478 0 0 31 0 0 0 0 0 509 32 10310 1067 826 251 3361 8982 1254 1335 114 28 635 0 625 0 0 0 293 422 0 1155 0 0 467 0 0 0 0 0 0 0 0 0 0 0 0 0 0 0 0 0 0 0 2 0 0 0 0 0 0 0 0 0 0 0 0 0 0 0 0 0 0 0 0 0 0 0 
9 486 0 0 183 0 632 0 0 1132 0 0 0 0 74 3123 1159 11919 1122 907 556 12 3573 0 0 8 0 24 625 0 367 1237 0 4686 0 0 4025 0 0 0 0 1 0 0 0 0 0 0 0 0 0 0 1 0 0 48 0 0 27 345 165 47 5 0 11 0 0 0 0 0 290 23 7 0 7 54 0 9 0 0 0 0 0 
0 1 0 0 3 0 0 0 0 0 0 0 0 0 17 115 1322 4097 0 28 3 0 0 0 0 3 0 0 0 367 0 313 0 168 0 0 94 0 0 0 0 0 0 0 0 0 0 0 0 0 0 0 0 0 0 9 0 0 3 57 36 10 1 0 3 0 0 0 0 0 59 1 2 0 1 2 0 2 0 0 0 0 0 
54 649 0 0 0 0 4263 0 0 0 0 0 0 0 60 234 1735 4984 0 318 370 2 849 0 0 10 0 16 0 1237 313 0 175 681 0 0 396 0 0 0 0 0 0 0 0 0 0 0 0 0 0 0 1 0 0 47 0 0 3 203 141 22 4 0 15 0 0 0 0 0 163 20 11 0 6 28 0 6 0 0 0 0 0 
0 0 0 0 0 0 0 0 0 0 0 0 0 0 0 19 379 54 0 0 0 0 0 0 0 0 0 0 0 0 0 175 0 264 0 0 0 0 0 0 0 0 0 0 0 0 0 0 0 0 0 0 0 0 0 0 0 0 0 0 0 0 0 0 0 0 0 0 0 0 0 0 0 0 0 0 0 0 0 0 0 0 0 
1301 4125 0 41 3444 155 2485 3 17 5651 0 4 0 0 24 1283 2936 1240 286 278 317 18 337 2 0 2 11 285 293 4686 168 681 264 0 0 310 47 0 248 0 0 16 0 0 0 0 0 0 0 0 0 0 24 0 0 11 0 0 4 129 58 6 1 0 3 0 0 0 0 0 113 20 21 0 18 35 1 20 0 0 0 0 36 
0 30 0 1 824 0 6640 16270 32 28837 0 0 14 759 189 4752 0 6645 0 4 0 0 0 0 0 17 0 0 422 0 0 0 0 0 0 675 754 7 0 588 8 0 0 0 0 0 4 39 4351 0 559 1177 0 14 236 436 163 0 113 13 1513 0 0 0 0 0 0 0 0 0 125 497 69 0 8 460 45 98 0 0 0 0 127 
469 33 0 2 860 0 9465 2027 0 940 0 0 20 382 0 50 0 0 0 0 0 0 0 0 0 0 0 1 0 0 0 0 0 310 675 0 58 0 0 205 0 0 0 0 0 0 0 29 32 0 41 205 0 0 144 65 9 0 39 0 3 0 0 0 0 0 0 0 0 0 0 0 0 0 0 2 1 5 0 0 0 0 0 
12 1541 0 0 9174 901 10371 6091 1107 18101 0 0 0 0 121 5767 520 4575 1274 460 377 1 108 3 960 4 151 30 1155 4025 94 396 0 47 754 58 0 0 0 28 0 0 0 0 0 0 6 89 19 0 0 0 0 1 1 127 0 0 20 72 299 4 0 0 2 0 0 0 0 0 37 5 13 0 4 477 0 14 0 0 0 0 3148 
0 83 0 0 17 0 1535 0 0 0 0 0 0 0 0 0 0 0 0 0 0 0 0 0 11 0 0 0 0 0 0 0 0 0 7 0 0 0 0 0 0 0 0 0 0 0 0 0 0 0 0 0 0 0 0 0 0 0 0 0 0 0 0 0 0 0 0 0 0 0 0 0 0 0 0 0 0 0 0 0 0 0 10381 
77 0 0 30 0 0 12 0 0 0 0 1 0 0 0 0 0 0 0 0 0 0 0 0 0 0 0 0 0 0 0 0 0 248 0 0 0 0 0 0 0 0 0 0 0 0 0 0 0 0 0 0 0 0 0 0 0 0 0 0 0 0 0 0 0 0 0 0 0 0 0 0 0 0 0 0 0 0 0 0 0 0 0 
0 0 0 0 0 0 0 0 0 0 0 0 0 0 11 0 0 0 0 0 0 0 0 0 27 67 3 1 467 0 0 0 0 0 588 205 28 0 0 0 0 0 0 0 0 0 0 0 0 0 0 0 0 0 0 58 0 0 22 0 523 156 0 0 0 0 0 0 0 0 0 38 0 0 0 192 0 0 0 0 0 0 1 
0 0 0 0 0 0 0 0 0 0 0 0 0 0 0 0 0 0 0 0 0 0 0 0 0 0 0 0 0 0 0 0 0 0 8 0 0 0 0 0 0 0 0 0 0 0 0 0 0 0 0 0 0 0 0 0 0 0 0 0 0 0 0 0 0 0 0 0 0 0 0 0 0 0 0 0 0 0 0 0 0 0 1 
1536 0 0 0 0 0 85 0 0 0 0 51 0 0 0 0 0 0 0 0 0 0 0 0 0 0 0 0 0 1 0 0 0 16 0 0 0 0 0 0 0 0 423 0 295 339 0 1317 0 0 0 0 1356 0 0 0 0 0 5 10 7 0 0 1 0 0 0 0 0 0 0 0 245 0 2489 0 53 1109 0 1 0 0 0 
0 0 0 0 0 0 0 0 0 0 0 0 0 0 0 0 0 0 0 0 0 0 0 0 0 0 0 0 0 0 0 0 0 0 0 0 0 0 0 0 0 423 0 0 0 0 0 0 0 0 0 0 0 0 0 0 0 0 0 0 0 0 0 0 0 0 0 0 0 0 0 0 0 0 794 0 0 1939 0 0 0 0 0 
0 0 0 0 0 0 326 0 0 0 0 33 0 0 0 0 0 0 0 0 0 0 0 0 0 0 0 0 0 0 0 0 0 0 0 0 0 0 0 0 0 0 0 0 173 0 0 0 0 0 0 0 477 0 0 0 0 0 0 0 0 0 0 0 0 0 0 0 0 0 0 0 0 0 0 0 0 0 0 0 0 0 0 
29 0 0 0 0 0 28 0 0 0 0 0 0 0 0 0 0 0 0 0 0 0 0 0 0 0 0 0 0 0 0 0 0 0 0 0 0 0 0 0 0 295 0 173 0 0 0 3 187 0 17 0 0 0 0 0 0 0 0 0 0 0 0 0 0 0 0 0 0 0 0 0 23 0 62 0 0 58 0 0 0 0 0 
0 0 0 0 1 0 1 0 0 0 0 0 0 0 0 0 0 0 0 0 0 0 0 0 0 0 0 0 0 0 0 0 0 0 0 0 0 0 0 0 0 339 0 0 0 0 1 0 0 0 0 0 0 0 0 0 0 0 0 0 0 0 0 0 0 0 0 0 0 0 0 0 0 0 5208 174 1195 7406 0 0 0 0 414 
0 0 0 0 3 0 60 0 0 0 0 0 0 0 0 0 0 0 0 0 0 0 0 0 0 0 0 0 0 0 0 0 0 0 4 0 6 0 0 0 0 0 0 0 0 1 0 0 841 3410 2195 0 0 0 0 0 0 0 0 0 0 0 0 0 0 0 0 0 0 0 0 0 0 0 2483 0 0 216 0 0 0 0 6 
422 0 92 5 377 1 15973 160 0 0 0 134 388 0 0 0 0 0 0 0 0 0 0 0 0 0 0 0 0 0 0 0 0 0 39 29 89 0 0 0 0 1317 0 0 3 0 0 0 14426 2252 564 0 569 1696 0 0 0 0 0 0 0 0 0 0 0 0 0 0 0 0 0 0 69 0 3144 679 14459 12929 343 0 0 0 1078 
0 0 0 0 3 0 2838 12288 0 706 0 0 82 4 0 1 0 0 0 0 0 0 0 0 0 0 0 0 0 0 0 0 0 0 4351 32 19 0 0 0 0 0 0 0 187 0 841 14426 0 12 2460 2980 1043 16484 1468 0 0 0 0 0 0 0 0 0 0 0 0 0 0 0 0 0 0 0 1079 16133 699 16665 201 0 0 0 2438 
0 0 0 0 0 0 0 0 0 0 0 0 0 0 0 0 0 0 0 0 0 0 0 0 0 0 0 0 0 0 0 0 0 0 0 0 0 0 0 0 0 0 0 0 0 0 3410 2252 12 0 4611 0 0 0 0 0 0 0 0 0 0 0 0 0 0 0 0 0 0 0 0 0 0 0 980 0 0 2169 0 0 0 0 0 
0 0 0 0 0 0 3 37 0 721 0 0 0 0 0 2 0 0 0 0 0 0 0 0 0 0 0 0 0 0 0 0 0 0 559 41 0 0 0 0 0 0 0 0 17 0 2195 564 2460 4611 0 411 0 0 31 0 998 1753 29 12 0 0 0 0 0 0 0 0 0 0 4 29 0 0 4086 17078 537 16269 118 0 0 0 2450 
0 0 0 0 0 0 0 25 0 532 0 0 0 1 0 0 0 0 0 0 0 0 0 0 0 0 0 0 0 0 0 0 0 0 1177 205 0 0 0 0 0 0 0 0 0 0 0 0 2980 0 411 0 0 274 3218 7 1927 0 0 0 0 0 0 0 0 0 0 0 0 0 0 0 0 0 0 3012 104 0 0 0 0 0 0 
124 0 0 0 0 0 0 0 0 0 0 1 0 0 0 0 0 0 0 0 0 0 0 0 0 0 0 0 0 1 0 1 0 24 0 0 0 0 0 0 0 1356 0 477 0 0 0 569 1043 0 0 0 0 0 0 0 0 0 14 16 24 2 1 37 0 1 0 0 0 0 2 0 302 0 970 0 0 50 0 0 0 0 0 
0 0 0 0 0 0 366 484 0 0 0 0 0 0 0 0 0 0 0 0 0 0 0 0 0 0 0 0 0 0 0 0 0 0 14 0 1 0 0 0 0 0 0 0 0 0 0 1696 16484 0 0 274 0 0 217 0 0 0 0 0 0 0 0 0 0 0 0 0 0 0 0 0 0 0 0 44 14 95 0 0 0 0 13 
0 0 0 0 0 0 0 1212 0 1489 0 0 0 0 0 0 0 0 0 0 0 0 0 0 0 0 0 0 0 0 0 0 0 0 236 144 1 0 0 0 0 0 0 0 0 0 0 0 1468 0 31 3218 0 217 0 720 1500 0 411 0 7116 0 0 0 0 0 0 0 0 0 0 0 0 0 0 114 3 0 0 0 0 0 0 
0 0 0 0 0 0 0 0 0 0 0 0 0 0 11 0 0 427 0 118 0 0 0 0 0 5 0 0 0 48 9 47 0 11 436 65 127 0 0 58 0 0 0 0 0 0 0 0 0 0 0 7 0 0 720 0 1 0 31 107 3441 149 21 0 99 6 87 0 0 0 0 0 0 0 0 0 0 0 0 0 0 0 168 
0 0 0 0 0 0 0 0 0 0 0 0 0 0 0 0 0 0 0 0 0 0 0 0 0 0 0 0 0 0 0 0 0 0 163 9 0 0 0 0 0 0 0 0 0 0 0 0 0 0 998 1927 0 0 1500 1 0 6262 2339 655 0 0 0 0 0 0 0 0 0 0 154 1581 341 0 753 3313 3 10424 222 0 0 0 352 
0 0 0 0 0 0 0 0 0 0 0 0 0 0 0 0 0 0 0 0 0 0 0 0 0 0 0 0 0 0 0 0 0 0 0 0 0 0 0 0 0 0 0 0 0 0 0 0 0 0 1753 0 0 0 0 0 6262 0 1015 1626 0 0 0 0 0 0 0 0 0 0 218 2493 2999 0 848 5 0 5049 0 0 0 0 0 
0 0 0 0 0 0 0 0 0 0 0 0 0 0 108 0 0 96 0 279 535 0 0 5 0 21 0 0 0 27 3 3 0 4 113 39 20 0 0 22 0 5 0 0 0 0 0 0 0 0 29 0 14 0 411 31 2339 1015 0 24230 1385 89 0 693 1 0 0 0 0 37 2055 1403 150 0 688 4103 21 2645 0 0 0 0 24 
0 0 0 0 0 0 0 0 0 0 0 0 0 0 1 0 0 1 0 2 0 0 0 0 0 0 0 0 2 345 57 203 0 129 13 0 72 0 0 0 0 10 0 0 0 0 0 0 0 0 12 0 16 0 0 107 655 1626 24230 0 3561 22 0 1586 0 0 0 0 0 373 8507 663 428 0 633 0 0 1425 0 0 0 0 3 
2 0 0 0 0 0 0 0 0 0 0 0 0 0 291 0 0 290 0 380 837 1 0 0 0 4 0 0 0 165 36 141 0 58 1513 3 299 0 0 523 0 7 0 0 0 0 0 0 0 0 0 0 24 0 7116 3441 0 0 1385 3561 0 95 0 3 10 0 0 0 0 0 2197 3479 258 0 343 1722 0 302 0 0 0 0 305 
0 0 0 0 0 0 0 0 0 0 0 0 0 0 591 0 0 31 0 292 495 2 0 3 0 24 0 0 0 47 10 22 0 6 0 0 4 0 0 156 0 0 0 0 0 0 0 0 0 0 0 0 2 0 0 149 0 0 89 22 95 0 165 1 106 0 0 0 0 0 103 0 49 0 320 613 0 1093 0 0 8 0 2 
0 0 0 0 0 0 0 0 0 0 0 0 0 0 11 0 0 0 0 0 0 0 0 0 0 0 0 0 0 5 1 4 0 1 0 0 0 0 0 0 0 0 0 0 0 0 0 0 0 0 0 0 1 0 0 21 0 0 0 0 0 165 0 8 208 188 0 0 0 1703 184 0 296 0 41 2 0 0 0 0 62 0 0 
0 0 0 0 0 0 0 0 0 0 0 0 0 0 0 0 0 0 0 0 0 0 0 0 0 0 0 0 0 0 0 0 0 0 0 0 0 0 0 0 0 1 0 0 0 0 0 0 0 0 0 0 37 0 0 0 0 0 693 1586 3 1 8 0 229 339 0 0 0 5151 976 0 52 0 345 224 0 623 0 0 0 0 42 
0 0 0 0 0 0 0 0 0 0 0 0 0 0 18 0 0 4 0 0 0 1 0 0 0 0 0 0 0 11 3 15 0 3 0 0 2 0 0 0 0 0 0 0 0 0 0 0 0 0 0 0 0 0 0 99 0 0 1 0 10 106 208 229 0 1223 0 0 0 3632 26 0 73 0 3 8 0 0 0 0 252 0 5 
0 0 0 0 0 0 0 0 0 0 0 0 0 0 0 0 0 0 0 0 0 0 0 0 0 0 0 0 0 0 0 0 0 0 0 0 0 0 0 0 0 0 0 0 0 0 0 0 0 0 0 0 1 0 0 6 0 0 0 0 0 0 188 339 1223 0 0 0 5 2483 613 0 312 0 18 2 0 11 0 0 58 0 0 
0 0 0 0 0 0 0 0 0 0 0 0 0 0 0 0 0 0 0 0 0 0 0 0 0 0 0 0 0 0 0 0 0 0 0 0 0 0 0 0 0 0 0 0 0 0 0 0 0 0 0 0 0 0 0 87 0 0 0 0 0 0 0 0 0 0 0 4 0 4 0 0 0 0 0 0 0 0 0 0 56 0 0 
0 0 0 0 0 0 0 0 0 0 0 0 0 0 0 0 0 0 0 0 0 0 0 0 0 0 0 0 0 0 0 0 0 0 0 0 0 0 0 0 0 0 0 0 0 0 0 0 0 0 0 0 0 0 0 0 0 0 0 0 0 0 0 0 0 0 4 0 0 0 0 0 0 0 0 0 0 0 0 0 9 0 0 
0 0 0 0 0 0 0 0 0 0 0 0 0 0 0 0 0 0 0 0 0 0 0 0 0 0 0 0 0 0 0 0 0 0 0 0 0 0 0 0 0 0 0 0 0 0 0 0 0 0 0 0 0 0 0 0 0 0 0 0 0 0 0 0 0 5 0 0 0 0 0 0 0 0 382 0 0 56 0 0 2 268 0 
0 0 0 0 0 0 0 0 0 0 0 0 0 0 0 0 0 0 0 0 0 0 0 0 0 0 0 0 0 0 0 0 0 0 0 0 0 0 0 0 0 0 0 0 0 0 0 0 0 0 0 0 0 0 0 0 0 0 37 373 0 0 1703 5151 3632 2483 4 0 0 0 1748 58 2 0 4 0 0 13 0 0 35 16 0 
0 0 0 0 0 0 0 0 0 0 0 0 0 0 0 0 0 0 0 0 0 0 0 0 0 0 0 0 0 290 59 163 0 113 125 0 37 0 0 0 0 0 0 0 0 0 0 0 0 0 4 0 2 0 0 0 154 218 2055 8507 2197 103 184 976 26 613 0 0 0 1748 0 697 3000 7 79 19 0 289 0 0 122 0 0 
0 0 0 0 0 0 0 0 0 0 0 0 0 0 0 0 0 2 0 0 0 0 0 0 0 0 0 0 0 23 1 20 0 20 497 0 5 0 0 38 0 0 0 0 0 0 0 0 0 0 29 0 0 0 0 0 1581 2493 1403 663 3479 0 0 0 0 0 0 0 0 58 697 0 1235 15 946 36 0 2437 0 0 0 0 11 
59 0 0 0 0 0 0 0 0 0 0 2 0 0 0 0 0 0 0 0 0 0 0 0 0 0 0 0 0 7 2 11 0 21 69 0 13 0 0 0 0 245 0 0 23 0 0 69 0 0 0 0 302 0 0 0 341 2999 150 428 258 49 296 52 73 312 0 0 0 2 3000 1235 0 256 1051 1 30 42 0 19 227 19 0 
0 0 0 0 0 0 0 0 0 0 0 0 0 0 0 0 0 0 0 0 0 0 0 0 0 0 0 0 0 0 0 0 0 0 0 0 0 0 0 0 0 0 0 0 0 0 0 0 0 0 0 0 0 0 0 0 0 0 0 0 0 0 0 0 0 0 0 0 0 0 7 15 256 0 0 0 0 0 0 0 0 0 0 
136 0 0 0 0 0 7 0 0 0 0 1 0 0 0 0 0 0 0 0 0 0 0 0 0 0 0 0 0 7 1 6 0 18 8 0 4 0 0 0 0 2489 794 0 62 5208 2483 3144 1079 980 4086 0 970 0 0 0 753 848 688 633 343 320 41 345 3 18 0 0 382 4 79 946 1051 0 0 1 100 136 0 14 13 0 16 
0 0 0 0 66 0 568 37 0 10 0 0 0 0 63 0 0 98 0 13 111 0 266 0 0 0 0 0 0 54 2 28 0 35 460 2 477 0 0 192 0 0 0 0 0 174 0 679 16133 0 17078 3012 0 44 114 0 3313 5 4103 0 1722 613 2 224 8 2 0 0 0 0 19 36 1 0 1 0 734 666 6 0 158 36 829 
11 0 1 0 50 0 3424 8 0 0 0 0 0 0 0 0 0 0 0 0 0 0 0 0 0 0 0 0 0 0 0 0 0 1 45 1 0 0 0 0 0 53 0 0 0 1195 0 14459 699 0 537 104 0 14 3 0 3 0 21 0 0 0 0 0 0 0 0 0 0 0 0 0 30 0 100 734 0 330 0 0 0 0 147 
35 0 0 0 525 0 1692 8 0 0 0 0 1 0 0 0 0 0 0 0 0 0 0 0 0 0 0 0 0 9 2 6 0 20 98 5 14 0 0 0 0 1109 1939 0 58 7406 216 12929 16665 2169 16269 0 50 95 0 0 10424 5049 2645 1425 302 1093 0 623 0 11 0 0 56 13 289 2437 42 0 136 666 330 0 0 5 7 0 6399 
0 0 0 0 0 0 2 0 0 0 0 0 0 0 0 0 0 0 0 0 0 0 0 0 0 0 0 0 0 0 0 0 0 0 0 0 0 0 0 0 0 0 0 0 0 0 0 343 201 0 118 0 0 0 0 0 222 0 0 0 0 0 0 0 0 0 0 0 0 0 0 0 0 0 0 6 0 0 0 0 0 0 5395 
0 0 0 0 0 0 0 0 0 0 0 0 0 0 0 0 0 0 0 0 0 0 0 0 0 0 0 0 0 0 0 0 0 0 0 0 0 0 0 0 0 1 0 0 0 0 0 0 0 0 0 0 0 0 0 0 0 0 0 0 0 0 0 0 0 0 0 0 0 0 0 0 19 0 14 0 0 5 0 0 0 0 0 
0 0 0 0 0 0 0 0 0 0 0 0 0 0 0 0 0 0 0 0 0 0 2 0 0 0 0 0 0 0 0 0 0 0 0 0 0 0 0 0 0 0 0 0 0 0 0 0 0 0 0 0 0 0 0 0 0 0 0 0 0 8 62 0 252 58 56 9 2 35 122 0 227 0 13 158 0 7 0 0 0 2 0 
0 0 0 0 0 0 0 0 0 0 0 0 0 0 0 0 0 0 0 0 0 0 0 0 0 0 0 0 0 0 0 0 0 0 0 0 0 0 0 0 0 0 0 0 0 0 0 0 0 0 0 0 0 0 0 0 0 0 0 0 0 0 0 0 0 0 0 0 268 16 0 0 19 0 0 36 0 0 0 0 2 0 2 
0 1 0 3 80 0 384 1 0 2168 0 0 0 0 50 606 0 1286 0 7 3 0 18 0 0 8 0 0 0 0 0 0 0 36 127 0 3148 10381 0 1 1 0 0 0 0 414 6 1078 2438 0 2450 0 0 13 0 168 352 0 24 3 305 2 0 42 5 0 0 0 0 0 0 11 0 0 16 829 147 6399 5395 0 0 2 0 
