0 570 8 219 33 0 3911 0 0 0 0 27 51 0 0 0 0 0 0 0 0 0 0 0 0 0 0 0 0 0 0 0 0 1453 0 0 14 0 1 0 0 21 0 336 0 0 0 0 39 0 0 0 186 0 0 0 0 0 0 0 0 0 0 0 0 0 0 0 0 0 0 0 0 0 0 0 0 0 0 0 0 0 0 
570 0 0 0 0 0 0 0 0 0 0 0 0 0 0 0 0 0 0 0 0 0 0 0 0 0 0 0 101 24 0 737 0 5860 0 0 34 0 0 0 0 0 0 0 0 0 0 0 0 0 0 0 0 0 0 0 0 0 0 0 0 0 0 0 0 0 0 0 0 0 0 0 0 0 0 0 0 0 0 0 0 0 0 
8 0 0 2775 0 0 0 1 0 0 0 22 102 0 0 0 0 0 0 0 0 0 0 0 0 0 0 0 0 0 0 0 0 2 0 21 0 0 20 0 0 3 0 773 52 0 0 255 1084 0 0 0 110 5 0 0 0 0 0 0 0 0 0 0 0 0 0 0 0 0 0 0 0 0 0 0 0 0 0 0 0 0 0 
219 0 2775 0 0 0 1220 5224 0 0 0 38 18 0 0 0 0 0 0 0 0 0 0 0 0 0 0 0 0 0 0 0 0 17 0 0 0 0 1 0 0 4 0 8 32 0 0 40 134 0 0 0 55 8 0 0 0 0 0 0 0 0 0 0 0 0 0 0 0 0 0 0 0 0 0 0 0 0 0 0 0 0 0 
33 0 0 0 0 228 181 533 0 0 0 0 195 0 3 0 0 0 0 0 0 0 1 40 121 0 0 0 0 1 0 934 0 8484 129 20 2869 71 0 4 0 0 0 0 0 1 0 8 265 0 0 0 0 3 0 0 0 0 0 0 0 0 2 1 0 0 0 0 0 0 0 0 0 0 5 0 0 0 0 0 2 0 14 
0 0 0 0 228 0 0 16562 1206 2231 0 0 77 0 0 571 24 110 0 0 0 0 0 0 0 0 0 0 0 18 51 141 0 383 0 0 608 0 0 0 0 0 0 0 0 5 0 5 327 0 0 0 0 15 0 0 0 0 0 0 0 0 0 0 0 0 0 0 0 0 0 0 0 0 1 0 0 0 0 0 0 0 0 
3911 0 0 1220 181 0 0 13677 4510 522 0 961 10515 0 1 0 0 0 0 0 0 0 0 43 101 0 0 0 988 153 0 4445 0 7943 2141 20146 12720 1520 1686 2 0 458 0 4846 101 286 4 14495 11066 0 0 0 1203 534 0 0 0 0 0 0 0 0 1 0 0 0 0 0 0 0 0 0 0 0 6 0 163 134 3 0 14 0 233 
0 0 1 5224 533 16562 13677 0 842 1725 960 147 21952 4375 0 1 0 0 0 0 0 0 0 0 0 0 0 0 0 0 0 0 0 4559 6119 1188 5383 43 0 0 0 0 0 0 0 0 0 54 12415 0 547 0 5 339 5 0 0 0 0 0 0 0 0 0 0 0 0 0 0 0 0 0 0 0 0 0 0 0 0 0 0 0 943 
0 0 0 0 0 1206 4510 842 0 3013 0 0 0 0 0 0 0 0 0 0 0 0 0 0 0 0 0 0 0 0 0 0 0 0 0 0 0 0 0 0 0 0 0 0 0 0 0 0 0 0 0 0 0 0 0 0 0 0 0 0 0 0 0 0 0 0 0 0 0 0 0 0 0 0 0 0 0 0 0 0 0 0 0 
0 0 0 0 0 2231 522 1725 3013 0 1566 0 0 484 0 6946 10443 296 153 0 0 0 0 0 0 0 0 0 39 4048 2469 2375 29 1745 19705 2657 14682 1160 0 12 0 0 0 0 0 0 0 0 2247 0 2803 527 0 0 0 0 7 0 0 0 0 0 0 0 0 0 0 0 0 0 0 0 0 0 0 0 0 0 0 0 0 0 9204 
0 0 0 0 0 0 0 960 0 1566 0 0 0 6176 5 943 0 4 0 936 0 0 0 0 0 0 0 0 0 0 0 0 0 0 185 454 17 0 0 0 0 0 0 0 0 0 0 0 1158 0 6201 1360 0 0 12 0 9 0 106 0 0 0 0 0 0 0 0 0 0 0 0 0 0 0 0 4 1 0 0 0 0 0 0 
27 0 22 38 0 0 961 147 0 0 0 0 0 0 0 0 0 0 0 0 0 0 0 0 0 0 0 0 0 0 0 0 0 19 0 0 0 0 0 0 0 0 0 2 0 0 0 0 20 0 0 0 4 12 0 0 0 0 0 0 0 0 0 0 0 0 0 0 0 0 0 0 0 0 0 0 0 0 0 0 0 0 0 
51 0 102 18 195 77 10515 21952 0 0 0 0 0 4 0 0 0 0 0 0 0 0 0 0 0 0 0 0 0 0 0 0 0 31 0 0 40 0 0 0 0 0 0 7 2 1 0 286 1093 0 0 0 13 36 0 0 0 0 0 0 0 0 0 0 0 0 0 0 0 0 0 0 0 0 0 0 0 1 0 0 0 0 0 
0 0 0 0 0 0 0 4375 0 484 6176 0 4 0 2005 891 0 1 0 2459 0 0 0 0 0 0 0 0 0 0 0 0 0 0 0 2 0 0 0 0 0 0 0 0 0 0 0 0 90 0 3 190 0 0 12 25 29 0 112 0 175 0 0 0 0 0 0 0 0 0 0 0 0 0 0 0 0 0 0 0 0 0 0 
0 0 0 0 3 0 1 0 0 0 5 0 0 2005 0 0 0 219 0 6074 359 50 0 16 47 2 86 0 0 0 0 21 1 23 0 0 4 0 0 150 88 0 0 0 0 0 0 0 0 0 0 0 0 0 17 0 0 0 395 0 641 726 0 0 5 0 0 0 0 0 0 0 0 0 7 0 0 25 0 0 0 0 1 
0 0 0 0 0 571 0 1 0 6946 943 0 0 891 0 0 17974 179 275 872 0 0 0 0 0 0 0 0 89 1374 178 21 12 7353 7060 138 8293 1120 0 0 0 0 0 0 0 0 0 0 0 0 33 512 0 0 0 0 149 0 2737 0 837 0 0 0 0 0 0 0 0 0 0 0 0 0 0 274 231 0 0 0 0 0 2704 
0 0 0 0 0 24 0 0 0 10443 0 0 0 0 0 17974 0 2040 1327 0 0 0 0 0 0 0 0 0 1127 2676 1262 73 7 1368 0 0 0 0 0 0 0 0 0 0 0 0 0 0 0 0 0 0 0 0 0 0 0 0 0 0 0 0 0 0 0 0 0 0 0 0 0 0 0 0 0 0 0 0 0 0 0 0 0 
0 0 0 0 0 110 0 0 0 296 4 0 0 1 219 179 2040 0 10624 635 327 11 2026 39 4023 0 0 0 7004 6777 3826 11824 5407 6634 7682 2 7130 656 0 65 0 0 0 0 0 0 0 530 0 0 0 0 0 0 5 2 0 0 4377 0 534 60 560 3052 59 0 0 0 0 0 0 0 0 0 173 2328 130 1227 236 0 92 0 2339 
0 0 0 0 0 0 0 0 0 153 0 0 0 0 0 275 1327 10624 0 526 0 0 939 1 52 0 0 0 11711 7313 333 553 148 1 0 0 2 0 0 6 0 0 0 0 0 0 0 1 0 0 0 0 0 0 0 0 0 0 0 0 0 0 0 0 0 0 0 0 0 0 0 0 0 0 0 0 0 0 0 0 0 0 0 
0 0 0 0 0 0 0 0 0 0 936 0 0 2459 6074 872 0 635 526 0 589 92 9 137 0 10 0 0 431 3 1 96 386 322 417 0 483 0 0 444 0 0 0 0 0 1 0 1722 1 0 0 1 0 0 123 297 0 0 9920 482 2116 1193 372 5296 71 0 0 0 0 40 4 0 7 0 1962 2515 102 17119 510 0 213 0 447 
0 0 0 0 0 0 0 0 0 0 0 0 0 0 359 0 0 327 0 589 0 644 29 493 0 0 0 0 80 217 138 866 0 2247 0 0 75 0 0 0 0 0 0 0 0 0 0 59 0 0 0 0 0 0 3 160 0 0 2845 0 68 3639 1335 3441 149 5 0 0 0 0 0 0 38 0 71 0 0 154 0 0 742 0 0 
0 0 0 0 0 0 0 0 0 0 0 0 0 0 50 0 0 11 0 92 644 0 10 1755 0 0 0 0 99 1106 11 8493 0 1351 0 0 0 0 0 0 0 0 0 0 0 0 0 1 0 0 0 0 0 0 0 1 0 0 109 0 1 91 65 40 7 0 0 0 0 0 0 0 3 0 0 0 0 20 0 0 1 0 0 
0 0 0 0 1 0 0 0 0 0 0 0 0 0 0 0 0 2026 939 9 29 10 0 134 13890 0 0 0 8069 5281 735 4000 2 1899 0 0 2 0 0 10 0 0 0 0 0 0 0 2 0 0 0 0 0 0 0 0 0 0 18 0 3 0 711 1822 55 0 0 0 0 0 0 0 0 0 100 0 0 0 0 0 0 0 0 
0 0 0 0 40 0 43 0 0 0 0 0 0 0 16 0 0 39 1 137 493 1755 134 0 69 0 0 0 96 2602 6 4821 0 415 0 0 2 0 0 27 0 0 0 0 0 0 0 0 0 0 0 0 0 0 0 0 0 0 206 0 1 44 4 45 6 0 0 0 0 0 0 0 0 0 0 0 0 0 0 0 148 0 0 
0 0 0 0 121 0 101 0 0 0 0 0 0 0 47 0 0 4023 52 0 0 0 13890 69 0 102 4 0 1041 104 0 954 0 226 40 0 733 0 0 1889 61 0 0 0 0 0 0 0 0 0 0 0 0 0 0 0 0 0 0 0 0 0 0 0 0 0 0 0 0 0 0 0 0 0 0 0 0 0 0 0 0 0 0 
0 0 0 0 0 0 0 0 0 0 0 0 0 0 2 0 0 0 0 10 0 0 0 0 102 0 334 0 0 0 0 0 0 21 0 0 0 0 0 53 156 0 0 0 0 0 0 0 0 0 0 0 0 0 0 0 0 0 0 0 0 0 0 0 0 0 0 0 0 0 0 0 0 0 0 0 0 0 0 0 0 0 0 
0 0 0 0 0 0 0 0 0 0 0 0 0 0 86 0 0 0 0 0 0 0 0 0 4 334 0 0 0 0 0 0 0 36 0 0 23 0 0 313 1142 0 0 0 0 0 0 0 0 0 0 0 0 0 0 0 0 0 0 0 0 0 0 0 0 0 0 0 0 0 0 0 0 0 0 0 0 0 0 0 0 0 0 
0 0 0 0 0 0 0 0 0 0 0 0 0 0 0 0 0 0 0 0 0 0 0 0 0 0 0 0 0 0 0 0 0 10 0 0 0 6 0 0 283 0 0 0 0 0 0 0 0 0 0 0 0 0 0 0 0 0 0 0 0 0 0 0 0 0 0 0 0 0 0 0 0 0 0 0 0 0 0 0 0 0 0 
0 101 0 0 0 0 988 0 0 39 0 0 0 0 0 89 1127 7004 11711 431 80 99 8069 96 1041 0 0 0 0 402 912 2194 791 266 86 0 6048 644 3 2046 763 0 0 0 0 0 0 7 0 0 0 0 0 0 0 0 0 0 0 0 0 0 0 0 0 0 0 0 0 0 0 0 0 0 7 0 0 8 0 0 2 0 0 
0 24 0 0 1 18 153 0 0 4048 0 0 0 0 0 1374 2676 6777 7313 3 217 1106 5281 2602 104 0 0 0 402 0 590 613 7 58 0 0 42 0 0 2 0 0 0 0 0 0 0 0 0 0 0 0 0 0 0 0 0 0 0 0 0 0 0 0 0 0 0 0 0 0 0 0 0 0 0 0 0 0 0 0 2 0 0 
0 0 0 0 0 51 0 0 0 2469 0 0 0 0 0 178 1262 3826 333 1 138 11 735 6 0 0 0 0 912 590 0 1261 3 200 0 0 6 0 0 0 0 0 0 0 0 0 0 0 0 0 0 0 0 0 0 0 0 0 0 0 0 0 0 0 0 0 0 0 0 0 0 0 0 0 0 0 0 0 0 0 0 0 0 
0 737 0 0 934 141 4445 0 0 2375 0 0 0 0 21 21 73 11824 553 96 866 8493 4000 4821 954 0 0 0 2194 613 1261 0 17 1316 0 0 1412 3 0 95 0 0 0 0 0 0 0 1 0 0 0 0 0 0 0 0 0 0 0 0 0 12 0 0 9 1 0 0 0 0 0 0 0 0 0 0 0 8 0 0 184 0 0 
0 0 0 0 0 0 0 0 0 29 0 0 0 0 1 12 7 5407 148 386 0 0 2 0 0 0 0 0 791 7 3 17 0 40 2 0 2 0 0 0 0 0 0 0 0 0 0 3 0 0 0 0 0 0 0 0 0 0 50 0 10 0 0 0 0 0 0 0 0 0 0 0 0 0 0 65 0 211 1 0 2 0 2 
1453 5860 2 17 8484 383 7943 4559 0 1745 0 19 31 0 23 7353 1368 6634 1 322 2247 1351 1899 415 226 21 36 10 266 58 200 1316 40 0 57 4 795 6 65 2 0 0 0 0 0 0 0 37 900 0 0 0 1 66 0 0 0 0 47 0 20 7 143 89 13 1 0 0 0 0 0 0 0 0 42 110 0 202 41 0 378 0 65 
0 0 0 0 129 0 2141 6119 0 19705 185 0 0 0 0 7060 0 7682 0 417 0 0 0 0 40 0 0 0 86 0 0 0 2 57 0 558 1262 365 0 44 13 0 0 0 0 0 0 0 804 0 141 151 0 0 0 0 30 0 1154 0 7 0 0 0 0 0 0 0 0 0 0 0 0 0 0 6421 417 268 55 0 37 0 987 
0 0 21 0 20 0 20146 1188 0 2657 454 0 0 2 0 138 0 2 0 0 0 0 0 0 0 0 0 0 0 0 0 0 0 4 558 0 260 13 0 0 0 0 0 0 0 0 0 0 0 0 0 0 0 0 0 0 0 0 0 0 0 0 0 0 0 0 0 0 0 0 0 0 0 0 0 387 48 0 0 0 0 0 27 
14 34 0 0 2869 608 12720 5383 0 14682 17 0 40 0 4 8293 0 7130 2 483 75 0 2 2 733 0 23 0 6048 42 6 1412 2 795 1262 260 0 18 18 139 37 0 0 0 0 0 0 1833 1284 0 0 0 0 55 0 0 0 0 690 0 79 0 1 2 0 0 0 0 0 0 0 0 0 0 294 2285 9 7427 498 0 377 0 790 
0 0 0 0 71 0 1520 43 0 1160 0 0 0 0 0 1120 0 656 0 0 0 0 0 0 0 0 0 6 644 0 0 3 0 6 365 13 18 0 0 0 17 0 0 0 0 0 0 12 45 0 0 0 0 0 0 0 0 0 6 0 0 0 0 0 0 0 0 0 0 0 0 0 0 0 0 88 6 1538 27 0 15 0 875 
1 0 20 1 0 0 1686 0 0 0 0 0 0 0 0 0 0 0 0 0 0 0 0 0 0 0 0 0 3 0 0 0 0 65 0 0 18 0 0 0 0 0 0 0 0 0 0 0 0 0 0 0 0 0 0 0 0 0 0 0 0 0 0 0 0 0 0 0 0 0 0 0 0 0 0 0 0 0 0 0 0 0 0 
0 0 0 0 4 0 2 0 0 12 0 0 0 0 150 0 0 65 6 444 0 0 10 27 1889 53 313 0 2046 2 0 95 0 2 44 0 139 0 0 0 412 0 0 0 0 0 0 0 0 0 0 0 0 0 0 6 0 0 10 0 0 0 0 0 6 0 0 0 0 0 0 0 0 0 0 184 4 119 18 0 648 0 12 
0 0 0 0 0 0 0 0 0 0 0 0 0 0 88 0 0 0 0 0 0 0 0 0 61 156 1142 283 763 0 0 0 0 0 13 0 37 17 0 412 0 0 0 0 0 0 0 0 0 0 0 0 0 0 0 0 0 0 0 0 0 0 0 0 0 0 0 0 0 0 0 0 0 0 0 0 0 2 0 0 0 0 8 
21 0 3 4 0 0 458 0 0 0 0 0 0 0 0 0 0 0 0 0 0 0 0 0 0 0 0 0 0 0 0 0 0 0 0 0 0 0 0 0 0 0 1734 1077 605 3357 0 9840 62 0 0 0 402 0 0 0 0 0 0 0 0 0 0 0 0 0 0 0 0 0 0 0 0 0 1432 0 57 42 0 13 0 0 0 
0 0 0 0 0 0 0 0 0 0 0 0 0 0 0 0 0 0 0 0 0 0 0 0 0 0 0 0 0 0 0 0 0 0 0 0 0 0 0 0 0 1734 0 0 0 1089 0 0 0 0 0 0 0 0 0 0 0 0 0 0 0 0 0 0 0 0 0 0 0 0 0 0 0 0 2056 0 0 0 0 0 0 0 0 
336 0 773 8 0 0 4846 0 0 0 0 2 7 0 0 0 0 0 0 0 0 0 0 0 0 0 0 0 0 0 0 0 0 0 0 0 0 0 0 0 0 1077 0 0 60 0 0 3 0 0 0 0 609 0 0 0 0 0 0 0 0 0 0 0 0 0 0 0 0 0 0 0 2 0 81 0 21 8 0 9 0 0 0 
0 0 52 32 0 0 101 0 0 0 0 0 2 0 0 0 0 0 0 0 0 0 0 0 0 0 0 0 0 0 0 0 0 0 0 0 0 0 0 0 0 605 0 60 0 0 0 4 1923 0 0 0 183 8 0 0 0 0 0 0 0 0 0 0 0 0 0 0 0 0 0 0 0 0 20 0 1 0 0 0 0 0 0 
0 0 0 0 1 5 286 0 0 0 0 0 1 0 0 0 0 0 0 1 0 0 0 0 0 0 0 0 0 0 0 0 0 0 0 0 0 0 0 0 0 3357 1089 0 0 0 21 56 2053 0 0 0 0 0 0 0 0 0 0 0 0 0 0 0 1 0 0 0 0 0 0 0 0 0 5426 0 0 250 0 0 0 0 0 
0 0 0 0 0 0 4 0 0 0 0 0 0 0 0 0 0 0 0 0 0 0 0 0 0 0 0 0 0 0 0 0 0 0 0 0 0 0 0 0 0 0 0 0 0 21 0 1 14539 2418 5080 0 0 0 0 0 426 0 3 0 0 0 0 0 0 0 0 0 0 0 0 4 33 0 8701 0 0 93 0 0 0 0 0 
0 0 255 40 8 5 14495 54 0 0 0 0 286 0 0 0 0 530 1 1722 59 1 2 0 0 0 0 0 7 0 0 1 3 37 0 0 1833 12 0 0 0 9840 0 3 4 56 1 0 15392 9034 0 0 642 1278 0 36 0 0 10 27 0 0 243 563 2142 128 0 19 0 0 0 0 2526 0 24608 1 13434 8199 22 79 3 0 0 
39 0 1084 134 265 327 11066 12415 0 2247 1158 20 1093 90 0 0 0 0 0 1 0 0 0 0 0 0 0 0 0 0 0 0 0 900 804 0 1284 45 0 0 0 62 0 0 1923 2053 14539 15392 0 20 1028 1042 2162 26673 5228 0 7 0 0 0 3 0 0 0 0 0 0 4 0 0 0 1 50 0 3054 5296 4869 11077 2445 10 0 0 3096 
0 0 0 0 0 0 0 0 0 0 0 0 0 0 0 0 0 0 0 0 0 0 0 0 0 0 0 0 0 0 0 0 0 0 0 0 0 0 0 0 0 0 0 0 0 0 2418 9034 20 0 5389 0 0 0 0 0 0 0 0 0 0 0 0 0 0 0 0 0 0 0 0 0 0 0 0 0 0 0 0 0 0 0 0 
0 0 0 0 0 0 0 547 0 2803 6201 0 0 3 0 33 0 0 0 0 0 0 0 0 0 0 0 0 0 0 0 0 0 0 141 0 0 0 0 0 0 0 0 0 0 0 5080 0 1028 5389 0 175 0 0 9 0 4974 1568 383 46 0 0 0 4 0 2 0 0 0 36 1680 1696 5483 6 8125 15701 1259 15263 841 0 0 0 5515 
0 0 0 0 0 0 0 0 0 527 1360 0 0 190 0 512 0 0 0 1 0 0 0 0 0 0 0 0 0 0 0 0 0 0 151 0 0 0 0 0 0 0 0 0 0 0 0 0 1042 0 175 0 0 0 1806 0 46 0 0 0 938 0 0 0 0 0 0 0 0 0 0 0 0 0 0 1166 168 0 0 0 0 0 0 
186 0 110 55 0 0 1203 5 0 0 0 4 13 0 0 0 0 0 0 0 0 0 0 0 0 0 0 0 0 0 0 0 0 1 0 0 0 0 0 0 0 402 0 609 183 0 0 642 2162 0 0 0 0 108 0 0 0 0 0 0 0 0 0 0 0 0 0 0 0 0 0 0 0 0 176 0 11 1 0 2 0 0 0 
0 0 5 8 3 15 534 339 0 0 0 12 36 0 0 0 0 0 0 0 0 0 0 0 0 0 0 0 0 0 0 0 0 66 0 0 55 0 0 0 0 0 0 0 8 0 0 1278 26673 0 0 0 108 0 28 0 0 0 0 0 7 0 0 0 0 0 0 0 0 0 0 0 0 0 2 0 15 24 2 0 0 0 0 
0 0 0 0 0 0 0 5 0 0 12 0 0 12 17 0 0 5 0 123 3 0 0 0 0 0 0 0 0 0 0 0 0 0 0 0 0 0 0 0 0 0 0 0 0 0 0 0 5228 0 9 1806 0 28 0 524 10 0 166 0 5756 1 0 0 0 0 0 0 0 0 0 0 0 0 0 0 0 0 0 0 0 0 0 
0 0 0 0 0 0 0 0 0 0 0 0 0 25 0 0 0 2 0 297 160 1 0 0 0 0 0 0 0 0 0 0 0 0 0 0 0 0 0 6 0 0 0 0 0 0 0 36 0 0 0 0 0 0 524 0 0 0 593 1 13546 260 86 0 271 1 17 0 0 2 0 0 31 4 49 110 0 498 70 0 123 8 267 
0 0 0 0 0 0 0 0 0 7 9 0 0 29 0 149 0 0 0 0 0 0 0 0 0 0 0 0 0 0 0 0 0 0 30 0 0 0 0 0 0 0 0 0 0 0 426 0 7 0 4974 46 0 0 10 0 0 7526 369 17 66 0 0 1 0 0 0 0 0 199 2559 511 400 33 2363 3539 100 16071 381 0 0 0 1287 
0 0 0 0 0 0 0 0 0 0 0 0 0 0 0 0 0 0 0 0 0 0 0 0 0 0 0 0 0 0 0 0 0 0 0 0 0 0 0 0 0 0 0 0 0 0 0 0 0 0 1568 0 0 0 0 0 7526 0 3883 780 34 0 0 8 0 3 0 0 0 2434 6693 5301 5191 148 155 0 0 0 0 0 0 0 0 
0 0 0 0 0 0 0 0 0 0 106 0 0 112 395 2737 0 4377 0 9920 2845 109 18 206 0 0 0 0 0 0 0 0 50 47 1154 0 690 6 0 10 0 0 0 0 0 0 3 10 0 0 383 0 0 0 166 593 369 3883 0 12260 1653 424 785 723 78 309 0 0 0 1547 1348 459 4530 1998 3005 11667 37 14870 1 0 0 0 384 
0 0 0 0 0 0 0 0 0 0 0 0 0 0 0 0 0 0 0 482 0 0 0 0 0 0 0 0 0 0 0 0 0 0 0 0 0 0 0 0 0 0 0 0 0 0 0 27 0 0 46 0 0 0 0 1 17 780 12260 0 369 0 0 1260 0 242 1 10 2 9815 4153 853 9188 1552 831 0 0 515 0 0 0 0 0 
0 0 0 0 0 0 0 0 0 0 0 0 0 175 641 837 0 534 0 2116 68 1 3 1 0 0 0 0 0 0 0 0 10 20 7 0 79 0 0 0 0 0 0 0 0 0 0 0 3 0 0 938 0 7 5756 13546 66 34 1653 369 0 247 17 2 28 0 0 0 0 5 0 0 45 648 1090 180 1 2637 2 0 0 0 7 
0 0 0 0 0 0 0 0 0 0 0 0 0 0 726 0 0 60 0 1193 3639 91 0 44 0 0 0 0 0 0 0 12 0 7 0 0 0 0 0 0 0 0 0 0 0 0 0 0 0 0 0 0 0 0 1 260 0 0 424 0 247 0 1320 536 192 0 0 0 0 0 0 0 0 0 0 0 0 0 0 0 0 0 0 
0 0 0 0 2 0 1 0 0 0 0 0 0 0 0 0 0 560 0 372 1335 65 711 4 0 0 0 0 0 0 0 0 0 143 0 0 1 0 0 0 0 0 0 0 0 0 0 243 0 0 0 0 0 0 0 86 0 0 785 0 17 1320 0 1332 582 0 0 0 0 0 0 0 0 1 1331 0 0 2 0 0 2 0 0 
0 0 0 0 1 0 0 0 0 0 0 0 0 0 0 0 0 3052 0 5296 3441 40 1822 45 0 0 0 0 0 0 0 0 0 89 0 0 2 0 0 0 0 0 0 0 0 0 0 563 0 0 4 0 0 0 0 0 1 8 723 1260 2 536 1332 0 788 4483 7 66 26 2244 2601 4 9084 4833 2109 0 0 1525 0 0 0 0 0 
0 0 0 0 0 0 0 0 0 0 0 0 0 0 5 0 0 59 0 71 149 7 55 6 0 0 0 0 0 0 0 9 0 13 0 0 0 0 0 6 0 0 0 0 0 1 0 2142 0 0 0 0 0 0 0 271 0 0 78 0 28 192 582 788 0 215 0 10 46 20 333 0 2800 435 4081 0 0 256 0 0 165 0 0 
0 0 0 0 0 0 0 0 0 0 0 0 0 0 0 0 0 0 0 0 5 0 0 0 0 0 0 0 0 0 0 1 0 1 0 0 0 0 0 0 0 0 0 0 0 0 0 128 0 0 2 0 0 0 0 1 0 3 309 242 0 0 0 4483 215 0 4 648 327 2131 632 0 2965 31 73 0 0 29 0 0 8 0 0 
0 0 0 0 0 0 0 0 0 0 0 0 0 0 0 0 0 0 0 0 0 0 0 0 0 0 0 0 0 0 0 0 0 0 0 0 0 0 0 0 0 0 0 0 0 0 0 0 0 0 0 0 0 0 0 17 0 0 0 1 0 0 0 7 0 4 0 39 3 1 1 0 4 0 0 0 0 0 0 0 106 580 0 
0 0 0 0 0 0 0 0 0 0 0 0 0 0 0 0 0 0 0 0 0 0 0 0 0 0 0 0 0 0 0 0 0 0 0 0 0 0 0 0 0 0 0 0 0 0 0 19 4 0 0 0 0 0 0 0 0 0 0 10 0 0 0 66 10 648 39 0 1 20 0 0 0 0 20 1 0 48 32 0 125 153 0 
0 0 0 0 0 0 0 0 0 0 0 0 0 0 0 0 0 0 0 0 0 0 0 0 0 0 0 0 0 0 0 0 0 0 0 0 0 0 0 0 0 0 0 0 0 0 0 0 0 0 0 0 0 0 0 0 0 0 0 2 0 0 0 26 46 327 3 1 0 6 0 0 0 0 0 0 0 18 0 0 1038 104 0 
0 0 0 0 0 0 0 0 0 0 0 0 0 0 0 0 0 0 0 40 0 0 0 0 0 0 0 0 0 0 0 0 0 0 0 0 0 0 0 0 0 0 0 0 0 0 0 0 0 0 36 0 0 0 0 2 199 2434 1547 9815 5 0 0 2244 20 2131 1 20 6 0 6057 145 3113 1345 280 0 0 603 0 0 0 0 0 
0 0 0 0 0 0 0 0 0 0 0 0 0 0 0 0 0 0 0 4 0 0 0 0 0 0 0 0 0 0 0 0 0 0 0 0 0 0 0 0 0 0 0 0 0 0 0 0 0 0 1680 0 0 0 0 0 2559 6693 1348 4153 0 0 0 2601 333 632 1 0 0 6057 0 508 1303 108 3 0 0 54 0 0 0 0 0 
0 0 0 0 0 0 0 0 0 0 0 0 0 0 0 0 0 0 0 0 0 0 0 0 0 0 0 0 0 0 0 0 0 0 0 0 0 0 0 0 0 0 0 0 0 0 4 0 1 0 1696 0 0 0 0 0 511 5301 459 853 0 0 0 4 0 0 0 0 0 145 508 0 2061 0 24 0 0 26 0 0 0 0 0 
0 0 0 0 0 0 0 0 0 0 0 0 0 0 0 0 0 0 0 7 38 3 0 0 0 0 0 0 0 0 0 0 0 0 0 0 0 0 0 0 0 0 0 2 0 0 33 2526 50 0 5483 0 0 0 0 31 400 5191 4530 9188 45 0 0 9084 2800 2965 4 0 0 3113 1303 2061 0 1803 160 1 0 2587 431 0 1599 45 0 
0 0 0 0 0 0 0 0 0 0 0 0 0 0 0 0 0 0 0 0 0 0 0 0 0 0 0 0 0 0 0 0 0 0 0 0 0 0 0 0 0 0 0 0 0 0 0 0 0 0 6 0 0 0 0 4 33 148 1998 1552 648 0 1 4833 435 31 0 0 0 1345 108 0 1803 0 10 0 0 0 0 0 0 0 0 
0 0 0 0 5 1 6 0 0 0 0 0 0 0 7 0 0 173 0 1962 71 0 100 0 0 0 0 0 7 0 0 0 0 42 0 0 294 0 0 0 0 1432 2056 81 20 5426 8701 24608 3054 0 8125 0 176 2 0 49 2363 155 3005 831 1090 0 1331 2109 4081 73 0 20 0 280 3 24 160 10 0 13 52 643 36 60 1 9 0 
0 0 0 0 0 0 0 0 0 0 4 0 0 0 0 274 0 2328 0 2515 0 0 0 0 0 0 0 0 0 0 0 0 65 110 6421 387 2285 88 0 184 0 0 0 0 0 0 0 1 5296 0 15701 1166 0 0 0 110 3539 0 11667 0 180 0 0 0 0 0 0 1 0 0 0 0 1 0 13 0 259 281 310 0 507 597 3303 
0 0 0 0 0 0 163 0 0 0 1 0 0 0 0 231 0 130 0 102 0 0 0 0 0 0 0 0 0 0 0 0 0 0 417 48 9 6 0 4 0 57 0 21 1 0 0 13434 4869 0 1259 168 11 15 0 0 100 0 37 0 1 0 0 0 0 0 0 0 0 0 0 0 0 0 52 259 0 249 274 0 0 0 487 
0 0 0 0 0 0 134 0 0 0 0 0 1 0 25 0 0 1227 0 17119 154 20 0 0 0 0 0 0 8 0 0 8 211 202 268 0 7427 1538 0 119 2 42 0 8 0 250 93 8199 11077 0 15263 0 1 24 0 498 16071 0 14870 515 2637 0 2 1525 256 29 0 48 18 603 54 26 2587 0 643 281 249 0 6 0 45 0 2704 
0 0 0 0 0 0 3 0 0 0 0 0 0 0 0 0 0 236 0 510 0 0 0 0 0 0 0 0 0 0 0 0 1 41 55 0 498 27 0 18 0 0 0 0 0 0 0 22 2445 0 841 0 0 2 0 70 381 0 1 0 2 0 0 0 0 0 0 32 0 0 0 0 431 0 36 310 274 6 0 0 0 1 3129 
0 0 0 0 0 0 0 0 0 0 0 0 0 0 0 0 0 0 0 0 0 0 0 0 0 0 0 0 0 0 0 0 0 0 0 0 0 0 0 0 0 13 0 9 0 0 0 79 10 0 0 0 2 0 0 0 0 0 0 0 0 0 0 0 0 0 0 0 0 0 0 0 0 0 60 0 0 0 0 0 0 0 0 
0 0 0 0 2 0 14 0 0 0 0 0 0 0 0 0 0 92 0 213 742 1 0 148 0 0 0 0 2 2 0 184 2 378 37 0 377 15 0 648 0 0 0 0 0 0 0 3 0 0 0 0 0 0 0 123 0 0 0 0 0 0 2 0 165 8 106 125 1038 0 0 0 1599 0 1 507 0 45 0 0 0 198 316 
0 0 0 0 0 0 0 0 0 0 0 0 0 0 0 0 0 0 0 0 0 0 0 0 0 0 0 0 0 0 0 0 0 0 0 0 0 0 0 0 0 0 0 0 0 0 0 0 0 0 0 0 0 0 0 8 0 0 0 0 0 0 0 0 0 0 580 153 104 0 0 0 45 0 9 597 0 0 1 0 198 0 30 
0 0 0 0 14 0 233 943 0 9204 0 0 0 0 1 2704 0 2339 0 447 0 0 0 0 0 0 0 0 0 0 0 0 2 65 987 27 790 875 0 12 8 0 0 0 0 0 0 0 3096 0 5515 0 0 0 0 267 1287 0 384 0 7 0 0 0 0 0 0 0 0 0 0 0 0 0 0 3303 487 2704 3129 0 316 30 0 
