0 2156 1225 155 2213 0 15285 357 24 0 0 27 26 0 0 0 0 0 0 0 0 0 0 0 0 0 0 0 0 0 0 0 0 310 0 0 0 0 0 0 0 0 0 0 0 0 0 0 0 0 0 0 0 0 0 0 0 0 0 0 0 0 0 0 0 0 0 0 0 0 0 0 0 0 0 0 0 0 0 0 0 0 0 
2156 0 0 0 3 0 35 0 0 0 0 0 0 0 0 0 0 0 0 0 0 0 0 0 0 0 0 0 0 0 0 0 0 755 0 0 0 0 0 0 0 0 0 0 0 0 0 0 0 0 0 0 0 0 0 0 0 0 0 0 0 0 0 0 0 0 0 0 0 0 0 0 0 0 0 0 0 0 0 0 0 0 0 
1225 0 0 953 0 0 2 0 0 0 0 291 358 0 0 0 0 0 0 0 0 0 0 0 0 0 0 0 0 0 0 0 0 176 0 38 0 0 303 0 0 0 0 786 195 0 0 253 1 0 0 0 1 0 0 0 0 0 0 0 0 0 0 0 0 0 0 0 0 0 0 0 0 0 0 0 0 0 0 0 0 0 0 
155 0 953 0 0 0 264 14 0 0 0 5 17 0 0 0 0 0 0 0 0 0 0 0 0 0 0 0 0 0 0 0 0 8 0 0 0 0 2 0 0 0 0 463 120 0 0 55 50 0 0 0 0 0 0 0 0 0 0 0 0 0 0 0 0 0 0 0 0 0 0 0 0 0 0 0 6 2 14 0 0 0 0 
2213 3 0 0 0 1079 2277 544 61 1192 0 0 0 0 0 0 30 0 0 0 0 0 0 0 0 0 0 0 0 0 3 0 0 2367 0 0 0 0 0 0 0 0 0 0 0 0 0 0 0 0 0 0 0 0 0 0 0 0 0 0 0 0 0 0 0 0 0 0 0 0 0 0 0 0 0 0 0 0 0 0 0 0 0 
0 0 0 0 1079 0 914 423 849 2443 0 0 0 0 0 64 26 0 0 0 0 0 0 0 0 0 0 0 0 0 0 0 0 749 0 0 31 0 0 0 0 0 0 0 0 0 0 0 0 0 0 0 0 0 0 0 0 0 0 0 0 0 0 0 0 0 0 0 0 0 0 0 0 0 0 0 0 0 0 0 0 0 0 
15285 35 2 264 2277 914 0 8366 4465 0 0 1092 2088 0 0 0 0 0 0 0 0 0 0 0 0 0 0 11 0 0 0 866 0 10921 21 3748 2293 1041 282 0 0 0 0 715 218 0 0 2393 3152 0 0 0 72 0 0 0 0 0 0 0 0 0 0 0 0 0 0 0 0 0 0 0 0 0 0 0 924 8 61 0 0 0 0 
357 0 0 14 544 423 8366 0 967 10 402 926 16327 2597 0 0 0 98 0 17 0 0 43 0 0 0 0 0 0 0 0 2160 0 7151 5375 538 9074 1742 5 0 0 0 0 41 0 0 0 359 2567 0 0 0 3 44 3 0 0 0 25 0 22 2 40 19 5 0 0 0 0 0 0 0 112 0 4 0 74 9 19 0 0 0 87 
24 0 0 0 61 849 4465 967 0 1251 0 0 0 0 0 27 0 24 0 4 0 0 15 0 0 0 0 0 0 0 0 133 0 2183 0 0 171 1 0 0 0 0 0 0 0 0 0 0 0 0 0 0 0 0 0 0 0 0 3 0 5 1 2 1 5 0 0 0 0 0 0 0 28 0 0 0 0 0 0 0 0 0 0 
0 0 0 0 1192 2443 0 10 1251 0 69 0 0 5458 0 2257 7822 833 37 11 0 0 111 0 0 0 0 0 1 0 317 77 2 6846 12309 990 16085 504 0 1 0 0 0 0 0 0 0 0 25 0 1063 21 0 0 421 0 0 0 65 0 14 1 30 19 7 0 0 0 0 0 0 0 48 1 0 61 33 83 0 0 0 0 5231 
0 0 0 0 0 0 0 402 0 69 0 0 0 5345 0 3 0 48 0 1548 0 0 0 0 0 0 0 0 0 0 0 0 0 0 820 33 0 0 0 0 0 0 0 0 0 0 0 0 0 0 14 0 0 0 22 0 0 0 3 0 0 0 0 0 0 0 0 0 0 0 0 0 0 0 0 0 8 0 0 0 0 0 0 
27 0 291 5 0 0 1092 926 0 0 0 0 163 0 0 0 0 0 0 0 0 0 0 0 0 0 0 0 0 0 0 0 0 0 0 26 2 0 18 0 0 0 0 0 8 0 0 271 7 0 0 0 0 0 0 0 0 0 0 0 0 0 0 0 0 0 0 0 0 0 0 0 0 0 0 0 1 0 0 0 0 0 0 
26 0 358 17 0 0 2088 16327 0 0 0 163 0 3 0 0 0 0 0 0 0 0 0 0 0 0 0 0 0 0 0 101 0 86 192 67 192 130 0 0 0 0 0 50 67 0 0 734 3022 0 0 0 12 5 0 0 0 0 0 0 0 0 0 0 0 0 0 0 0 0 0 0 0 0 0 0 1286 33 28 0 0 0 1 
0 0 0 0 0 0 0 2597 0 5458 5345 0 3 0 3 474 0 4527 0 3755 0 0 0 0 0 0 0 0 0 0 0 0 0 11 2431 89 818 1 0 0 0 0 0 0 0 0 0 0 389 0 54 0 0 0 0 0 0 0 103 0 0 0 0 0 0 0 0 0 0 0 0 0 0 0 0 632 154 0 0 0 0 0 148 
0 0 0 0 0 0 0 0 0 0 0 0 0 3 0 0 34 2950 0 7250 4 0 0 20 2 35 0 0 0 0 0 0 15 873 406 0 711 0 0 183 144 0 0 0 0 0 0 0 0 0 0 0 0 0 0 11 0 0 9 0 26 0 0 0 0 0 0 0 0 0 0 0 1 0 0 928 0 9 2 0 7 0 883 
0 0 0 0 0 64 0 0 27 2257 3 0 0 474 0 0 10083 141 120 0 0 0 16 0 0 0 0 0 0 0 861 0 0 1068 2500 1 9517 0 0 0 0 0 0 0 0 0 0 0 0 0 0 0 0 0 0 0 0 0 0 0 0 0 1 1 0 0 0 0 0 0 0 0 0 1 1 0 0 45 0 0 0 0 485 
0 0 0 0 30 26 0 0 0 7822 0 0 0 0 34 10083 0 4159 1047 0 0 0 0 0 0 0 0 0 0 0 4776 124 8 2371 0 0 205 0 0 0 0 0 0 0 0 0 0 0 0 0 0 0 0 0 0 0 0 0 56 12 83 0 0 0 0 0 0 0 0 0 0 0 9 60 350 21 0 3068 340 0 108 4 58 
0 0 0 0 0 0 0 98 24 833 48 0 0 4527 2950 141 4159 0 2353 3105 43 463 597 11 208 0 0 0 1012 1652 360 5000 1901 5407 8533 39 14203 0 0 52 0 0 0 0 0 0 0 0 0 0 0 0 0 0 7 69 0 0 913 10 1726 412 543 898 87 0 0 0 0 0 0 0 609 277 406 10 79 1188 4 0 5 0 2251 
0 0 0 0 0 0 0 0 0 37 0 0 0 0 0 120 1047 2353 0 0 0 0 496 0 2 0 0 0 1264 6600 7255 2100 5 41 0 0 4 0 0 0 0 0 0 0 0 0 0 0 0 0 0 0 0 0 0 0 0 0 0 0 0 0 0 0 0 0 0 0 0 0 0 0 0 0 0 0 0 0 0 0 0 0 0 
0 0 0 0 0 0 0 17 4 11 1548 0 0 3755 7250 0 0 3105 0 0 424 78 67 54 0 0 0 0 0 0 0 0 0 83 13 0 236 0 0 82 1 0 0 0 0 0 0 0 0 0 0 0 0 0 0 512 0 0 910 33 5443 70 69 328 10 0 0 0 0 0 0 0 483 326 723 2 6 1295 2 0 0 0 0 
0 0 0 0 0 0 0 0 0 0 0 0 0 0 4 0 0 43 0 424 0 872 75 47 0 0 0 0 0 0 0 0 0 0 0 0 0 0 0 0 0 0 0 0 0 0 0 0 0 0 0 0 0 0 0 0 0 0 47 0 1049 628 5 125 0 0 0 0 0 0 0 0 0 0 0 0 0 0 0 0 0 0 0 
0 0 0 0 0 0 0 0 0 0 0 0 0 0 0 0 0 463 0 78 872 0 7 913 0 0 0 0 0 0 0 2 0 39 0 0 0 0 0 0 0 0 0 0 0 0 0 0 0 0 0 0 0 0 0 0 0 0 38 0 1222 3046 860 237 0 0 0 0 0 0 0 0 60 0 0 0 0 0 0 0 0 0 0 
0 0 0 0 0 0 0 43 15 111 0 0 0 0 0 16 0 597 496 67 75 7 0 20 1065 0 0 0 618 928 1277 9974 373 3444 0 0 490 0 0 196 0 0 0 0 0 0 0 0 0 0 0 0 0 0 0 5 0 0 970 0 1420 4067 4176 3045 145 0 0 0 0 0 0 0 1719 0 0 0 0 0 0 0 0 0 0 
0 0 0 0 0 0 0 0 0 0 0 0 0 0 20 0 0 11 0 54 47 913 20 0 5 0 0 0 0 8 0 313 0 211 0 0 0 0 0 0 0 0 0 0 0 0 0 0 0 0 0 0 0 0 0 0 0 0 0 0 12 167 514 38 0 0 0 0 0 0 0 0 25 0 0 0 0 0 0 0 0 0 0 
0 0 0 0 0 0 0 0 0 0 0 0 0 0 2 0 0 208 2 0 0 0 1065 5 0 101 0 10 1107 163 0 2720 2 606 0 0 0 0 0 9 0 0 0 0 0 0 0 0 0 0 0 0 0 0 0 0 0 0 0 0 0 0 0 0 0 0 0 0 0 0 0 0 0 0 0 0 0 0 0 0 0 0 0 
0 0 0 0 0 0 0 0 0 0 0 0 0 0 35 0 0 0 0 0 0 0 0 0 101 0 0 0 0 0 0 0 0 0 0 0 0 0 0 664 603 0 0 0 0 0 0 0 0 0 0 0 0 0 0 0 0 0 0 0 0 0 0 0 0 0 0 0 0 0 0 0 0 0 0 0 0 0 0 0 0 0 0 
0 0 0 0 0 0 0 0 0 0 0 0 0 0 0 0 0 0 0 0 0 0 0 0 0 0 0 0 0 0 0 0 0 0 0 0 0 0 0 0 0 0 0 0 0 0 0 0 0 0 0 0 0 0 0 0 0 0 0 0 0 0 0 0 0 0 0 0 0 0 0 0 0 0 0 0 0 0 0 0 0 0 0 
0 0 0 0 0 0 11 0 0 0 0 0 0 0 0 0 0 0 0 0 0 0 0 0 10 0 0 0 24 0 0 0 0 0 0 0 1725 0 0 314 67 0 0 0 0 0 0 0 0 0 0 0 0 0 0 0 0 0 0 0 0 0 0 0 0 0 0 0 0 0 0 0 0 0 0 0 0 0 0 0 0 0 0 
0 0 0 0 0 0 0 0 0 1 0 0 0 0 0 0 0 1012 1264 0 0 0 618 0 1107 0 0 24 0 2589 25 4223 93 92 0 0 425 0 0 464 0 0 0 0 0 0 0 0 0 0 0 0 0 0 0 0 0 0 0 0 0 0 0 0 0 0 0 0 0 0 0 0 0 0 0 0 0 0 0 0 0 0 0 
0 0 0 0 0 0 0 0 0 0 0 0 0 0 0 0 0 1652 6600 0 0 0 928 8 163 0 0 0 2589 0 782 611 129 20 0 0 49 0 0 4 0 0 0 0 0 0 0 0 0 0 0 0 0 0 0 0 0 0 0 0 0 0 0 0 0 0 0 0 0 0 0 0 0 0 0 0 0 0 0 0 0 0 0 
0 0 0 0 3 0 0 0 0 317 0 0 0 0 0 861 4776 360 7255 0 0 0 1277 0 0 0 0 0 25 782 0 412 47 381 0 0 17 0 0 1 0 0 0 0 0 0 0 0 0 0 0 0 0 0 0 0 0 0 0 0 0 0 0 0 0 0 0 0 0 0 0 0 0 0 0 0 0 0 0 0 0 0 0 
0 0 0 0 0 0 866 2160 133 77 0 0 101 0 0 0 124 5000 2100 0 0 2 9974 313 2720 0 0 0 4223 611 412 0 205 137 0 107 2843 0 0 240 0 0 0 0 0 0 0 0 0 0 0 0 0 0 0 0 0 0 0 0 23 129 379 16 2 0 0 0 0 0 0 0 79 0 0 0 0 0 0 0 0 0 0 
0 0 0 0 0 0 0 0 0 2 0 0 0 0 15 0 8 1901 5 0 0 0 373 0 2 0 0 0 93 129 47 205 0 0 0 0 0 0 0 4 0 0 0 0 0 0 0 0 0 0 0 0 0 0 0 0 0 0 0 0 0 0 0 0 0 0 0 0 0 0 0 0 10 23 40 7 0 1435 5 0 1 0 3 
310 755 176 8 2367 749 10921 7151 2183 6846 0 0 86 11 873 1068 2371 5407 41 83 0 39 3444 211 606 0 0 0 92 20 381 137 0 0 8 100 792 0 15 4 0 0 0 0 0 0 0 0 1 0 0 0 0 0 0 0 0 0 142 0 15 297 1184 231 84 0 0 0 0 0 1 0 2332 27 71 616 4 1047 135 0 144 1 186 
0 0 0 0 0 0 21 5375 0 12309 820 0 192 2431 406 2500 0 8533 0 13 0 0 0 0 0 0 0 0 0 0 0 0 0 8 0 700 707 238 0 69 84 0 0 0 0 0 0 0 1104 0 535 3 0 0 33 0 0 0 3 0 0 0 0 0 0 0 0 0 0 0 0 0 0 0 0 1614 954 0 0 0 0 0 269 
0 0 38 0 0 0 3748 538 0 990 33 26 67 89 0 1 0 39 0 0 0 0 0 0 0 0 0 0 0 0 0 107 0 100 700 0 143 143 7 0 0 0 0 0 0 0 0 0 696 0 73 0 0 0 8 0 0 0 0 0 0 0 0 0 0 0 0 0 0 0 0 0 0 0 0 29 378 0 0 0 0 0 0 
0 0 0 0 0 31 2293 9074 171 16085 0 2 192 818 711 9517 205 14203 4 236 0 0 490 0 0 0 0 1725 425 49 17 2843 0 792 707 143 0 16 19 221 0 0 0 0 0 0 0 0 469 0 0 0 0 0 0 0 0 0 217 0 383 39 292 177 51 0 0 0 0 0 3 1 2559 62 655 2175 19 8898 826 0 217 2 2505 
0 0 0 0 0 0 1041 1742 1 504 0 0 130 1 0 0 0 0 0 0 0 0 0 0 0 0 0 0 0 0 0 0 0 0 238 143 16 0 0 0 0 0 0 0 0 0 0 0 10 0 0 0 0 0 0 0 0 0 0 0 0 0 0 0 0 0 0 0 0 0 0 0 0 0 0 2 4 0 0 0 0 0 400 
0 0 303 2 0 0 282 5 0 0 0 18 0 0 0 0 0 0 0 0 0 0 0 0 0 0 0 0 0 0 0 0 0 15 0 7 19 0 0 0 0 0 0 0 0 0 0 0 0 0 0 0 0 0 0 0 0 0 0 0 0 0 0 0 0 0 0 0 0 0 0 0 0 0 0 0 1 0 0 0 0 0 0 
0 0 0 0 0 0 0 0 0 1 0 0 0 0 183 0 0 52 0 82 0 0 196 0 9 664 0 314 464 4 1 240 4 4 69 0 221 0 0 0 30 0 0 0 0 0 0 0 0 0 0 0 0 0 0 21 0 0 0 0 12 0 0 0 0 0 0 0 0 0 0 0 0 0 2 0 0 28 12 0 0 0 0 
0 0 0 0 0 0 0 0 0 0 0 0 0 0 144 0 0 0 0 1 0 0 0 0 0 603 0 67 0 0 0 0 0 0 84 0 0 0 0 30 0 0 0 0 0 0 0 0 0 0 0 0 0 0 0 0 0 0 0 0 0 0 0 0 0 0 0 0 0 0 0 0 0 0 0 0 0 0 0 0 0 0 0 
0 0 0 0 0 0 0 0 0 0 0 0 0 0 0 0 0 0 0 0 0 0 0 0 0 0 0 0 0 0 0 0 0 0 0 0 0 0 0 0 0 0 743 251 192 48 0 5913 0 0 0 0 417 0 0 0 0 0 0 0 0 0 0 0 0 0 0 0 0 0 0 0 0 0 1374 0 14 11 0 0 0 0 0 
0 0 0 0 0 0 0 0 0 0 0 0 0 0 0 0 0 0 0 0 0 0 0 0 0 0 0 0 0 0 0 0 0 0 0 0 0 0 0 0 0 743 0 0 0 0 0 0 0 0 0 0 0 0 0 0 0 0 0 0 0 0 0 0 0 0 0 0 0 0 0 0 69 0 2106 0 0 1367 0 0 0 0 0 
0 0 786 463 0 0 715 41 0 0 0 0 50 0 0 0 0 0 0 0 0 0 0 0 0 0 0 0 0 0 0 0 0 0 0 0 0 0 0 0 0 251 0 0 13 0 0 0 0 0 0 0 320 0 0 0 0 0 0 0 0 0 0 0 0 0 0 0 0 0 0 0 0 0 64 0 237 649 50 1 0 0 0 
0 0 195 120 0 0 218 0 0 0 0 8 67 0 0 0 0 0 0 0 0 0 0 0 0 0 0 0 0 0 0 0 0 0 0 0 0 0 0 0 0 192 0 13 0 0 0 33 34 0 0 0 1963 0 0 0 0 0 0 0 0 0 0 0 0 0 0 0 0 0 0 0 0 0 0 20 97 29 39 0 0 0 0 
0 0 0 0 0 0 0 0 0 0 0 0 0 0 0 0 0 0 0 0 0 0 0 0 0 0 0 0 0 0 0 0 0 0 0 0 0 0 0 0 0 48 0 0 0 0 233 234 147 61 576 0 0 0 0 0 0 1 0 0 0 0 0 0 0 0 0 0 0 0 0 0 193 0 4185 0 0 228 0 0 0 0 0 
0 0 0 0 0 0 0 0 0 0 0 0 0 0 0 0 0 0 0 0 0 0 0 0 0 0 0 0 0 0 0 0 0 0 0 0 0 0 0 0 0 0 0 0 0 233 0 5 72 1092 1088 0 0 0 0 0 0 58 0 0 0 0 0 0 0 0 0 0 0 0 0 0 532 0 64 0 0 0 0 0 0 0 0 
0 0 253 55 0 0 2393 359 0 0 0 271 734 0 0 0 0 0 0 0 0 0 0 0 0 0 0 0 0 0 0 0 0 0 0 0 0 0 0 0 0 5913 0 0 33 234 5 0 4963 7265 8 0 464 871 0 0 0 0 0 0 0 0 0 0 0 0 0 0 491 0 0 0 160 0 5894 2 4525 9559 1402 3 0 0 0 
0 0 1 50 0 0 3152 2567 0 25 0 7 3022 389 0 0 0 0 0 0 0 0 0 0 0 0 0 0 0 0 0 0 0 1 1104 696 469 10 0 0 0 0 0 0 34 147 72 4963 0 118 373 362 3418 14690 6440 0 4 3 0 0 0 0 0 0 0 0 0 0 99 0 0 0 221 11 6354 13293 8615 16018 1782 0 0 0 54 
0 0 0 0 0 0 0 0 0 0 0 0 0 0 0 0 0 0 0 0 0 0 0 0 0 0 0 0 0 0 0 0 0 0 0 0 0 0 0 0 0 0 0 0 0 61 1092 7265 118 0 4984 0 0 0 0 0 100 14 3 0 0 0 0 0 0 0 0 0 0 0 0 10 923 94 1227 0 0 38 0 0 0 0 0 
0 0 0 0 0 0 0 0 0 1063 14 0 0 54 0 0 0 0 0 0 0 0 0 0 0 0 0 0 0 0 0 0 0 0 535 73 0 0 0 0 0 0 0 0 0 576 1088 8 373 4984 0 604 0 68 5101 0 1272 693 17 0 0 0 0 0 0 0 0 0 0 0 13 153 6750 792 2183 20497 2806 8323 92 0 550 0 392 
0 0 0 0 0 0 0 0 0 21 0 0 0 0 0 0 0 0 0 0 0 0 0 0 0 0 0 0 0 0 0 0 0 0 3 0 0 0 0 0 0 0 0 0 0 0 0 0 362 0 604 0 4 238 2997 0 0 0 158 0 97 0 0 0 0 0 0 0 0 0 0 0 0 0 0 708 416 0 0 0 0 0 0 
0 0 1 0 0 0 72 3 0 0 0 0 12 0 0 0 0 0 0 0 0 0 0 0 0 0 0 0 0 0 0 0 0 0 0 0 0 0 0 0 0 417 0 320 1963 0 0 464 3418 0 0 4 0 27 1 0 0 0 0 0 0 0 0 0 0 0 0 0 0 0 0 0 0 0 0 0 0 0 3 0 0 0 0 
0 0 0 0 0 0 0 44 0 0 0 0 5 0 0 0 0 0 0 0 0 0 0 0 0 0 0 0 0 0 0 0 0 0 0 0 0 0 0 0 0 0 0 0 0 0 0 871 14690 0 68 238 27 0 273 0 0 0 0 0 0 0 0 0 0 0 0 0 0 0 0 0 0 0 13 50 618 1196 203 0 0 0 0 
0 0 0 0 0 0 0 3 0 421 22 0 0 0 0 0 0 7 0 0 0 0 0 0 0 0 0 0 0 0 0 0 0 0 33 8 0 0 0 0 0 0 0 0 0 0 0 0 6440 0 5101 2997 1 273 0 41 0 0 7370 0 2048 0 0 0 0 0 0 0 0 0 0 0 0 0 0 328 194 0 0 0 0 0 3 
0 0 0 0 0 0 0 0 0 0 0 0 0 0 11 0 0 69 0 512 0 0 5 0 0 0 0 0 0 0 0 0 0 0 0 0 0 0 0 21 0 0 0 0 0 0 0 0 0 0 0 0 0 0 41 0 0 0 3143 0 8366 58 4 14 1 0 0 0 0 0 0 0 17 30 49 1284 0 246 140 0 236 0 360 
0 0 0 0 0 0 0 0 0 0 0 0 0 0 0 0 0 0 0 0 0 0 0 0 0 0 0 0 0 0 0 0 0 0 0 0 0 0 0 0 0 0 0 0 0 0 0 0 4 100 1272 0 0 0 0 0 0 679 207 0 0 0 0 0 0 0 0 0 0 0 213 768 1681 144 736 894 0 9705 352 0 714 0 261 
0 0 0 0 0 0 0 0 0 0 0 0 0 0 0 0 0 0 0 0 0 0 0 0 0 0 0 0 0 0 0 0 0 0 0 0 0 0 0 0 0 0 0 0 0 1 58 0 3 14 693 0 0 0 0 0 679 0 408 75 0 0 0 0 0 0 0 0 0 1 197 3348 4250 13 118 0 0 42 0 0 0 0 0 
0 0 0 0 0 0 0 25 3 65 3 0 0 103 9 0 56 913 0 910 47 38 970 0 0 0 0 0 0 0 0 0 0 142 3 0 217 0 0 0 0 0 0 0 0 0 0 0 0 3 17 158 0 0 7370 3143 207 408 0 4245 363 125 1564 621 2 0 0 0 0 448 494 442 2787 1028 3228 14737 2368 4598 1490 0 1230 1 2529 
0 0 0 0 0 0 0 0 0 0 0 0 0 0 0 0 12 10 0 33 0 0 0 0 0 0 0 0 0 0 0 0 0 0 0 0 0 0 0 0 0 0 0 0 0 0 0 0 0 0 0 0 0 0 0 0 0 75 4245 0 0 0 0 1573 0 0 0 0 0 3368 4634 6053 2307 461 1407 0 0 61 0 0 0 0 0 
0 0 0 0 0 0 0 22 5 14 0 0 0 0 26 0 83 1726 0 5443 1049 1222 1420 12 0 0 0 0 0 0 0 23 0 15 0 0 383 0 0 12 0 0 0 0 0 0 0 0 0 0 0 97 0 0 2048 8366 0 0 363 0 0 73 0 0 0 0 0 0 0 0 0 0 2 0 119 91 19 121 0 0 62 0 0 
0 0 0 0 0 0 0 2 1 1 0 0 0 0 0 0 0 412 0 70 628 3046 4067 167 0 0 0 0 0 0 0 129 0 297 0 0 39 0 0 0 0 0 0 0 0 0 0 0 0 0 0 0 0 0 0 58 0 0 125 0 73 0 1032 110 174 0 0 0 0 0 0 0 167 0 57 0 0 0 0 0 0 0 0 
0 0 0 0 0 0 0 40 2 30 0 0 0 0 0 1 0 543 0 69 5 860 4176 514 0 0 0 0 0 0 0 379 0 1184 0 0 292 0 0 0 0 0 0 0 0 0 0 0 0 0 0 0 0 0 0 4 0 0 1564 0 0 1032 0 235 593 0 0 0 0 6 14 58 2046 166 0 0 0 1 0 0 0 0 0 
0 0 0 0 0 0 0 19 1 19 0 0 0 0 0 1 0 898 0 328 125 237 3045 38 0 0 0 0 0 0 0 16 0 231 0 0 177 0 0 0 0 0 0 0 0 0 0 0 0 0 0 0 0 0 0 14 0 0 621 1573 0 110 235 0 440 1265 0 0 0 3783 1247 1595 10274 1917 409 0 0 74 0 0 0 0 0 
0 0 0 0 0 0 0 5 5 7 0 0 0 0 0 0 0 87 0 10 0 0 145 0 0 0 0 0 0 0 0 2 0 84 0 0 51 0 0 0 0 0 0 0 0 0 0 0 0 0 0 0 0 0 0 1 0 0 2 0 0 174 593 440 0 3 7 0 0 44 299 168 6836 390 2 0 0 2 0 0 276 0 0 
0 0 0 0 0 0 0 0 0 0 0 0 0 0 0 0 0 0 0 0 0 0 0 0 0 0 0 0 0 0 0 0 0 0 0 0 0 0 0 0 0 0 0 0 0 0 0 0 0 0 0 0 0 0 0 0 0 0 0 0 0 0 0 1265 3 0 36 58 209 452 657 95 7491 0 207 0 0 349 0 0 77 0 0 
0 0 0 0 0 0 0 0 0 0 0 0 0 0 0 0 0 0 0 0 0 0 0 0 0 0 0 0 0 0 0 0 0 0 0 0 0 0 0 0 0 0 0 0 0 0 0 0 0 0 0 0 0 0 0 0 0 0 0 0 0 0 0 0 7 36 0 0 4 0 1 0 145 0 0 0 0 0 0 0 210 10 0 
0 0 0 0 0 0 0 0 0 0 0 0 0 0 0 0 0 0 0 0 0 0 0 0 0 0 0 0 0 0 0 0 0 0 0 0 0 0 0 0 0 0 0 0 0 0 0 0 0 0 0 0 0 0 0 0 0 0 0 0 0 0 0 0 0 58 0 0 91 0 0 0 168 0 0 0 0 0 0 0 6 9 0 
0 0 0 0 0 0 0 0 0 0 0 0 0 0 0 0 0 0 0 0 0 0 0 0 0 0 0 0 0 0 0 0 0 0 0 0 0 0 0 0 0 0 0 0 0 0 0 491 99 0 0 0 0 0 0 0 0 0 0 0 0 0 0 0 0 209 4 91 0 5 1 0 0 0 19 0 0 663 41 0 81 0 0 
0 0 0 0 0 0 0 0 0 0 0 0 0 0 0 0 0 0 0 0 0 0 0 0 0 0 0 0 0 0 0 0 0 0 0 0 0 0 0 0 0 0 0 0 0 0 0 0 0 0 0 0 0 0 0 0 0 1 448 3368 0 0 6 3783 44 452 0 0 5 0 1619 24 3245 0 1 0 0 58 0 0 15 0 0 
0 0 0 0 0 0 0 0 0 0 0 0 0 0 0 0 0 0 0 0 0 0 0 0 0 0 0 0 0 0 0 0 0 1 0 0 3 0 0 0 0 0 0 0 0 0 0 0 0 0 13 0 0 0 0 0 213 197 494 4634 0 0 14 1247 299 657 1 0 1 1619 0 35 673 1 0 0 0 0 0 0 2 0 0 
0 0 0 0 0 0 0 0 0 0 0 0 0 0 0 0 0 0 0 0 0 0 0 0 0 0 0 0 0 0 0 0 0 0 0 0 1 0 0 0 0 0 0 0 0 0 0 0 0 10 153 0 0 0 0 0 768 3348 442 6053 0 0 58 1595 168 95 0 0 0 24 35 0 376 3 0 0 0 0 0 0 0 0 0 
0 0 0 0 0 0 0 112 28 48 0 0 0 0 1 0 9 609 0 483 0 60 1719 25 0 0 0 0 0 0 0 79 10 2332 0 0 2559 0 0 0 0 0 69 0 0 193 532 160 221 923 6750 0 0 0 0 17 1681 4250 2787 2307 2 167 2046 10274 6836 7491 145 168 0 3245 673 376 0 96 1913 80 0 5421 2 0 795 0 0 
0 0 0 0 0 0 0 0 0 1 0 0 0 0 0 1 60 277 0 326 0 0 0 0 0 0 0 0 0 0 0 0 23 27 0 0 62 0 0 0 0 0 0 0 0 0 0 0 11 94 792 0 0 0 0 30 144 13 1028 461 0 0 166 1917 390 0 0 0 0 0 1 3 96 0 258 0 0 203 0 0 0 0 0 
0 0 0 0 0 0 0 4 0 0 0 0 0 0 0 1 350 406 0 723 0 0 0 0 0 0 0 0 0 0 0 0 40 71 0 0 655 0 0 2 0 1374 2106 64 0 4185 64 5894 6354 1227 2183 0 0 13 0 49 736 118 3228 1407 119 57 0 409 2 207 0 0 19 1 0 0 1913 258 0 0 0 148 0 0 0 0 0 
0 0 0 0 0 0 0 0 0 61 0 0 0 632 928 0 21 10 0 2 0 0 0 0 0 0 0 0 0 0 0 0 7 616 1614 29 2175 2 0 0 0 0 0 0 20 0 0 2 13293 0 20497 708 0 50 328 1284 894 0 14737 0 91 0 0 0 0 0 0 0 0 0 0 0 80 0 0 0 108 258 87 0 116 7 2822 
0 0 0 6 0 0 924 74 0 33 8 1 1286 154 0 0 0 79 0 6 0 0 0 0 0 0 0 0 0 0 0 0 0 4 954 378 19 4 1 0 0 14 0 237 97 0 0 4525 8615 0 2806 416 0 618 194 0 0 0 2368 0 19 0 0 0 0 0 0 0 0 0 0 0 0 0 0 108 0 6 22 0 0 0 29 
0 0 0 2 0 0 8 9 0 83 0 0 33 0 9 45 3068 1188 0 1295 0 0 0 0 0 0 0 0 0 0 0 0 1435 1047 0 0 8898 0 0 28 0 11 1367 649 29 228 0 9559 16018 38 8323 0 0 1196 0 246 9705 42 4598 61 121 0 1 74 2 349 0 0 663 58 0 0 5421 203 148 258 6 0 42 0 178 0 140 
0 0 0 14 0 0 61 19 0 0 0 0 28 0 2 0 340 4 0 2 0 0 0 0 0 0 0 0 0 0 0 0 5 135 0 0 826 0 0 12 0 0 0 50 39 0 0 1402 1782 0 92 0 3 203 0 140 352 0 1490 0 0 0 0 0 0 0 0 0 41 0 0 0 2 0 0 87 22 42 0 0 90 0 194 
0 0 0 0 0 0 0 0 0 0 0 0 0 0 0 0 0 0 0 0 0 0 0 0 0 0 0 0 0 0 0 0 0 0 0 0 0 0 0 0 0 0 0 1 0 0 0 3 0 0 0 0 0 0 0 0 0 0 0 0 0 0 0 0 0 0 0 0 0 0 0 0 0 0 0 0 0 0 0 0 0 0 0 
0 0 0 0 0 0 0 0 0 0 0 0 0 0 7 0 108 5 0 0 0 0 0 0 0 0 0 0 0 0 0 0 1 144 0 0 217 0 0 0 0 0 0 0 0 0 0 0 0 0 550 0 0 0 0 236 714 0 1230 0 62 0 0 0 276 77 210 6 81 15 2 0 795 0 0 116 0 178 90 0 0 41 34 
0 0 0 0 0 0 0 0 0 0 0 0 0 0 0 0 4 0 0 0 0 0 0 0 0 0 0 0 0 0 0 0 0 1 0 0 2 0 0 0 0 0 0 0 0 0 0 0 0 0 0 0 0 0 0 0 0 0 1 0 0 0 0 0 0 0 10 9 0 0 0 0 0 0 0 7 0 0 0 0 41 0 0 
0 0 0 0 0 0 0 87 0 5231 0 0 1 148 883 485 58 2251 0 0 0 0 0 0 0 0 0 0 0 0 0 0 3 186 269 0 2505 400 0 0 0 0 0 0 0 0 0 0 54 0 392 0 0 0 3 360 261 0 2529 0 0 0 0 0 0 0 0 0 0 0 0 0 0 0 0 2822 29 140 194 0 34 0 0 
