0 762 0 594 85 0 18 0 0 409 0 345 0 0 0 21 0 0 0 0 0 0 0 0 110 0 0 238 425 502 0 35 0 3375 14 1396 2165 1 291 0 0 3338 0 0 271 0 0 1037 0 0 0 0 1 0 0 0 0 0 0 0 0 0 0 0 0 0 0 0 0 0 0 0 0 0 0 0 0 0 0 0 0 0 0 
762 0 0 0 334 0 449 0 0 287 0 0 0 0 0 103 0 0 0 0 0 0 0 0 0 0 0 0 0 0 0 0 0 1092 2521 2022 5894 1327 0 0 0 0 0 0 0 0 0 0 0 0 0 0 0 0 0 0 0 0 0 0 0 0 0 0 0 0 0 0 0 0 0 0 0 0 0 0 0 0 0 0 0 0 1016 
0 0 0 981 0 0 0 7 0 0 0 283 0 0 0 0 0 0 0 0 0 0 0 0 0 0 0 0 0 0 0 0 0 0 0 33 0 0 0 0 0 116 0 0 0 0 0 223 0 0 0 0 0 0 0 0 0 0 0 0 0 0 0 0 0 0 0 0 0 0 0 0 0 0 0 0 0 0 0 0 0 0 0 
594 0 981 0 0 0 4 165 0 0 0 291 9 0 0 0 0 0 0 0 0 0 0 0 1 0 0 0 8 9 0 0 0 320 0 3 13 3 134 0 0 52 0 0 2 0 0 74 0 0 0 0 0 0 0 0 0 0 0 0 0 0 0 0 0 0 0 0 0 0 0 0 0 0 0 0 0 0 0 0 0 0 18 
85 334 0 0 0 40 307 3077 93 465 0 0 3 0 0 0 0 0 0 0 0 0 0 0 0 0 0 0 0 0 0 0 0 2917 838 740 6432 33 0 0 0 0 0 0 0 0 3 0 741 0 0 0 0 0 0 0 0 0 0 0 0 0 0 0 0 0 0 0 0 0 0 0 0 0 0 17 1 47 0 0 0 0 295 
0 0 0 0 40 0 6 2754 560 2230 0 0 1 0 0 0 0 0 0 0 0 0 0 0 0 0 0 0 0 0 0 0 0 577 0 0 390 0 0 0 0 0 0 0 0 0 0 3 44 0 0 0 0 1 0 0 0 0 0 0 0 0 0 0 0 0 0 0 0 0 0 0 0 0 0 17 6 36 0 0 0 0 2 
18 449 0 4 307 6 0 3513 1310 147 0 3260 1313 0 0 0 0 0 0 0 0 0 0 0 0 0 0 0 0 0 0 0 0 469 3047 13820 3657 30 3 0 0 3058 0 18 16 4 0 8453 4419 0 0 0 0 3 0 0 0 0 0 0 0 0 0 0 0 0 0 0 0 0 0 0 0 0 0 67 21 478 4 0 0 0 900 
0 0 7 165 3077 2754 3513 0 1740 6109 15 292 10889 7548 0 2 0 1 0 0 0 0 0 0 0 0 0 0 0 0 0 0 0 133 15786 1157 9028 0 0 0 0 0 0 0 0 1 2 215 24242 0 4 0 0 437 256 0 0 0 0 0 0 0 0 0 0 0 0 0 0 0 0 0 0 0 0 0 0 18 0 0 0 0 23 
0 0 0 0 93 560 1310 1740 0 850 0 0 0 0 0 0 0 0 0 0 0 0 0 0 0 0 0 0 0 0 0 0 0 0 0 0 0 0 0 0 0 0 0 0 0 0 0 0 0 0 0 0 0 0 0 0 0 0 0 0 0 0 0 0 0 0 0 0 0 0 0 0 0 0 0 0 0 0 0 0 0 0 0 
409 287 0 0 465 2230 147 6109 850 0 78 0 0 3044 0 2167 142 0 94 0 0 0 0 0 0 0 0 0 56 10 154 22 7 8481 19508 1258 11890 3 0 0 0 0 0 0 0 0 0 0 3070 0 4568 221 0 0 1189 19 832 0 1915 0 1914 0 0 0 0 0 0 0 0 0 0 0 0 0 0 16 1 0 0 0 0 0 427 
0 0 0 0 0 0 0 15 0 78 0 0 0 6867 0 236 0 6 0 114 0 0 0 0 0 0 0 0 0 0 0 0 0 0 0 1 1 0 0 0 0 0 0 0 0 0 0 0 22 0 653 10 0 0 543 12 90 0 32 0 15 0 0 0 0 0 0 0 0 0 0 0 0 0 0 0 0 0 0 0 0 0 0 
345 0 283 291 0 0 3260 292 0 0 0 0 1 0 0 0 0 0 0 0 0 0 0 0 0 0 0 0 0 3 0 0 0 6 0 1 8 0 3 0 0 105 0 31 111 0 0 446 811 0 0 0 9 0 0 0 0 0 0 0 0 0 0 0 0 0 0 0 0 0 0 0 0 0 0 0 0 0 0 0 0 0 0 
0 0 0 9 3 1 1313 10889 0 0 0 1 0 2 0 0 0 0 0 0 0 0 0 0 0 0 0 0 0 0 0 0 0 0 6 0 14 0 0 0 0 0 0 0 0 0 0 2 955 0 0 0 0 1 0 0 0 0 0 0 0 0 0 0 0 0 0 0 0 0 0 0 0 0 0 0 0 1 0 0 0 0 0 
0 0 0 0 0 0 0 7548 0 3044 6867 0 2 0 273 1476 0 1407 0 2071 0 0 0 0 0 0 0 0 0 0 0 0 0 0 0 0 0 0 0 0 0 0 0 0 0 0 0 0 10 0 0 6 0 0 4 0 0 0 0 0 2 0 0 0 0 0 0 0 0 0 0 0 0 0 0 0 0 0 0 0 0 0 0 
0 0 0 0 0 0 0 0 0 0 0 0 0 273 0 0 0 8194 22 4212 214 0 361 0 145 0 0 0 11 0 0 0 0 0 35 19 205 0 0 14 0 0 0 0 0 0 0 0 0 0 1 0 0 0 0 3 1 0 32 1 257 0 0 0 0 0 0 0 0 0 0 0 0 0 0 5 0 0 0 0 0 0 0 
21 103 0 0 0 0 0 2 0 2167 236 0 0 1476 0 0 2644 1982 4900 0 0 0 0 0 0 0 0 0 646 124 1431 1513 224 4358 3902 0 5829 0 0 1 0 0 0 0 0 0 0 0 0 0 1 11 0 0 783 158 0 0 74 0 2433 0 0 0 0 0 0 0 0 0 0 0 0 0 0 7 0 0 0 0 0 0 898 
0 0 0 0 0 0 0 0 0 142 0 0 0 0 0 2644 0 1300 4860 0 0 0 0 0 0 0 0 0 582 297 2515 527 1 1157 0 0 9 0 0 0 0 0 0 0 0 0 0 0 0 0 0 0 0 0 0 0 0 0 0 0 0 0 0 0 0 0 0 0 0 0 0 0 0 0 0 0 0 0 0 0 0 0 0 
0 0 0 0 0 0 0 1 0 0 6 0 0 1407 8194 1982 1300 0 1997 1822 143 768 402 330 6221 0 0 0 7188 5897 210 6853 61 670 1237 11 7683 780 0 147 45 0 0 0 0 0 0 0 0 0 4 0 0 0 758 969 1 0 8515 4153 5036 166 0 0 0 785 0 0 0 2988 0 0 0 0 0 4 0 0 0 0 1036 0 186 
0 0 0 0 0 0 0 0 0 94 0 0 0 0 22 4900 4860 1997 0 72 0 0 1372 0 702 0 0 0 3695 3048 1997 1234 0 19 0 0 147 0 0 0 0 0 0 0 0 0 0 0 0 0 0 0 0 0 0 28 0 0 104 0 56 0 0 0 0 0 0 0 0 0 0 0 0 0 0 0 0 0 0 0 0 0 0 
0 0 0 0 0 0 0 0 0 0 114 0 0 2071 4212 0 0 1822 72 0 52 0 0 261 268 0 0 0 1337 338 0 8 0 0 188 0 148 5 0 267 0 0 0 0 0 0 0 0 0 0 0 0 0 0 105 452 0 0 2040 3750 1436 0 0 0 0 2 0 0 0 13 0 0 0 0 0 0 0 0 0 0 0 0 0 
0 0 0 0 0 0 0 0 0 0 0 0 0 0 214 0 0 143 0 52 0 1718 31 561 0 0 0 0 3 0 0 0 0 0 0 0 0 0 0 38 0 0 0 0 0 0 0 0 0 0 0 0 0 0 0 0 0 0 37 0 475 29 0 0 0 0 0 0 0 0 0 0 0 0 0 0 0 0 0 0 0 0 0 
0 0 0 0 0 0 0 0 0 0 0 0 0 0 0 0 0 768 0 0 1718 0 1560 152 1763 14 0 0 0 0 0 0 0 0 0 0 0 0 0 216 0 0 0 0 0 0 0 0 0 0 0 0 0 0 0 0 0 0 0 0 0 0 0 0 0 0 0 0 0 0 0 0 0 0 0 0 0 0 0 0 0 0 0 
0 0 0 0 0 0 0 0 0 0 0 0 0 0 361 0 0 402 1372 0 31 1560 0 15 12540 0 0 0 13419 844 0 0 0 0 0 0 0 0 0 10 0 0 0 0 0 0 0 0 0 0 0 0 0 0 0 0 0 0 39 193 947 68 0 0 0 0 0 0 0 0 0 0 0 0 0 0 0 0 0 0 0 0 0 
0 0 0 0 0 0 0 0 0 0 0 0 0 0 0 0 0 330 0 261 561 152 15 0 3016 2 0 0 0 0 0 0 0 0 0 0 0 0 0 297 0 0 0 0 0 0 0 0 0 0 0 0 0 0 0 0 0 0 0 0 2 3 0 1 0 2 0 0 0 0 0 0 0 0 0 0 0 0 0 0 0 0 0 
110 0 0 1 0 0 0 0 0 0 0 0 0 0 145 0 0 6221 702 268 0 1763 12540 3016 0 79 0 301 76 2 0 0 0 391 1857 33 2632 5 0 1118 1 3 0 0 2 0 0 0 0 0 2 0 1 0 0 183 1 0 4980 0 1835 0 0 0 0 255 0 0 0 58 0 0 0 0 0 704 0 0 0 0 534 0 0 
0 0 0 0 0 0 0 0 0 0 0 0 0 0 0 0 0 0 0 0 0 14 0 2 79 0 1 0 0 0 0 0 0 0 0 0 0 0 0 10 0 0 0 0 0 0 0 0 0 0 0 0 0 0 0 0 0 0 0 0 0 0 0 0 0 0 0 0 0 0 0 0 0 0 0 0 0 0 0 0 0 0 0 
0 0 0 0 0 0 0 0 0 0 0 0 0 0 0 0 0 0 0 0 0 0 0 0 0 1 0 0 0 0 0 0 0 0 0 0 13 0 0 49 13 0 0 0 0 0 0 0 0 0 0 0 0 0 0 0 0 0 0 0 0 0 0 0 0 0 0 0 0 0 0 0 0 0 0 0 0 0 0 0 0 0 0 
238 0 0 0 0 0 0 0 0 0 0 0 0 0 0 0 0 0 0 0 0 0 0 0 301 0 0 0 4 0 0 1 0 376 0 0 9 0 0 0 0 0 0 0 1 0 0 0 0 0 0 0 1 0 0 0 0 0 0 0 0 0 0 0 0 0 0 0 0 0 0 0 0 0 0 0 0 0 0 0 0 0 0 
425 0 0 8 0 0 0 0 0 56 0 0 0 0 11 646 582 7188 3695 1337 3 0 13419 0 76 0 0 4 0 546 816 1 0 410 61 0 371 0 1 2 0 1 0 0 5 0 0 0 0 0 0 0 0 0 0 18 0 0 1076 0 124 0 0 0 0 1183 0 0 0 1090 0 0 0 0 0 0 0 0 0 0 608 0 0 
502 0 0 9 0 0 0 0 0 10 0 3 0 0 0 124 297 5897 3048 338 0 0 844 0 2 0 0 0 546 0 437 493 0 427 0 0 382 0 0 0 0 11 0 0 15 0 0 0 0 0 0 0 1 0 0 0 0 0 0 0 0 0 0 0 0 0 0 0 0 0 0 0 0 0 0 0 0 0 0 0 0 0 0 
0 0 0 0 0 0 0 0 0 154 0 0 0 0 0 1431 2515 210 1997 0 0 0 0 0 0 0 0 0 816 437 0 382 0 20 0 0 0 0 0 0 0 0 0 0 0 0 0 0 0 0 0 0 0 0 0 0 0 0 0 0 0 0 0 0 0 0 0 0 0 0 0 0 0 0 0 0 0 0 0 0 0 0 0 
35 0 0 0 0 0 0 0 0 22 0 0 0 0 0 1513 527 6853 1234 8 0 0 0 0 0 0 0 1 1 493 382 0 736 1168 0 0 98 0 0 0 0 0 0 0 0 0 0 0 0 0 0 0 0 0 0 0 0 0 0 0 0 0 0 0 0 0 0 0 0 0 0 0 0 0 0 0 0 0 0 0 0 0 0 
0 0 0 0 0 0 0 0 0 7 0 0 0 0 0 224 1 61 0 0 0 0 0 0 0 0 0 0 0 0 0 736 0 150 0 0 0 0 0 0 0 0 0 0 0 0 0 0 0 0 0 0 0 0 0 0 0 0 0 0 0 0 0 0 0 0 0 0 0 0 0 0 0 0 0 0 0 0 0 0 0 0 0 
3375 1092 0 320 2917 577 469 133 0 8481 0 6 0 0 0 4358 1157 670 19 0 0 0 0 0 391 0 0 376 410 427 20 1168 150 0 0 0 250 0 0 0 1 19 0 0 79 0 0 0 1 0 0 0 9 0 0 0 0 0 0 0 0 0 0 0 0 0 0 0 0 0 0 0 0 0 0 0 0 1 0 0 0 0 0 
14 2521 0 0 838 0 3047 15786 0 19508 0 0 6 0 35 3902 0 1237 0 188 0 0 0 0 1857 0 0 0 61 0 0 0 0 0 0 207 847 103 0 1066 14 0 0 0 0 5 7 18 1726 0 420 0 0 1 0 23 27 0 197 0 193 3 0 0 1 0 0 0 0 0 0 0 0 0 0 267 45 440 2 0 0 0 291 
1396 2022 33 3 740 0 13820 1157 0 1258 1 1 0 0 19 0 0 11 0 0 0 0 0 0 33 0 0 0 0 0 0 0 0 0 207 0 26 2 57 8 0 0 0 0 2 0 0 9 35 0 0 0 0 0 0 10 0 0 13 0 11 0 0 0 0 0 0 0 0 0 0 0 0 0 0 14 3 29 0 0 0 0 11 
2165 5894 0 13 6432 390 3657 9028 0 11890 1 8 14 0 205 5829 9 7683 147 148 0 0 0 0 2632 0 13 9 371 382 0 98 0 250 847 26 0 1 6 1 0 23 0 0 17 18 19 0 4663 0 1 0 5 21 1 69 15 0 29 0 487 0 0 0 0 0 0 0 0 0 0 0 0 0 0 680 90 769 0 0 0 0 5109 
1 1327 0 3 33 0 30 0 0 3 0 0 0 0 0 0 0 780 0 5 0 0 0 0 5 0 0 0 0 0 0 0 0 0 103 2 1 0 0 0 0 0 0 0 0 0 0 0 0 0 5 0 0 0 2 5 0 0 4 0 25 0 0 0 0 0 0 0 0 0 0 0 0 0 0 2 0 0 0 0 0 0 7548 
291 0 0 134 0 0 3 0 0 0 0 3 0 0 0 0 0 0 0 0 0 0 0 0 0 0 0 0 1 0 0 0 0 0 0 57 6 0 0 0 0 34 0 0 153 0 0 0 0 0 0 0 1 0 0 0 0 0 0 0 0 0 0 0 0 0 0 0 0 0 0 0 0 0 0 0 0 0 0 0 0 0 0 
0 0 0 0 0 0 0 0 0 0 0 0 0 0 14 1 0 147 0 267 38 216 10 297 1118 10 49 0 2 0 0 0 0 0 1066 8 1 0 0 0 166 0 0 0 0 0 0 0 0 0 0 0 0 0 0 30 0 0 2384 0 306 1368 0 1010 17 1 0 0 0 0 0 0 0 0 0 41 0 0 0 0 4 0 7 
0 0 0 0 0 0 0 0 0 0 0 0 0 0 0 0 0 45 0 0 0 0 0 0 1 0 13 0 0 0 0 0 0 1 14 0 0 0 0 166 0 0 0 0 0 0 0 0 0 0 0 0 0 0 0 0 0 0 0 0 0 0 0 0 0 0 0 0 0 0 0 0 0 0 0 0 0 0 0 0 0 0 6 
3338 0 116 52 0 0 3058 0 0 0 0 105 0 0 0 0 0 0 0 0 0 0 0 0 3 0 0 0 1 11 0 0 0 19 0 0 23 0 34 0 0 0 472 0 213 286 0 8 2 0 0 0 146 0 0 0 0 0 0 0 0 0 0 0 0 1 0 0 1 15 3 0 3 0 464 0 2225 4721 0 151 0 0 0 
0 0 0 0 0 0 0 0 0 0 0 0 0 0 0 0 0 0 0 0 0 0 0 0 0 0 0 0 0 0 0 0 0 0 0 0 0 0 0 0 0 472 0 0 0 50 0 15 0 0 0 0 0 0 0 0 0 0 0 0 0 0 0 0 0 0 0 0 0 0 0 0 0 0 100 65 290 2844 26 0 0 0 19 
0 0 0 0 0 0 18 0 0 0 0 31 0 0 0 0 0 0 0 0 0 0 0 0 0 0 0 0 0 0 0 0 0 0 0 0 0 0 0 0 0 0 0 0 53 0 0 0 195 0 0 0 1287 0 0 0 0 0 0 0 0 0 0 0 0 0 0 0 0 0 0 0 0 0 0 0 0 0 0 0 0 0 0 
271 0 0 2 0 0 16 0 0 0 0 111 0 0 0 0 0 0 0 0 0 0 0 0 2 0 0 1 5 15 0 0 0 79 0 2 17 0 153 0 0 213 0 53 0 0 0 0 10 0 0 0 21 0 0 0 0 0 0 0 0 0 0 0 0 0 0 0 0 0 0 0 0 0 0 0 2 10 0 1 0 0 0 
0 0 0 0 0 0 4 1 0 0 0 0 0 0 0 0 0 0 0 0 0 0 0 0 0 0 0 0 0 0 0 0 0 0 5 0 18 0 0 0 0 286 50 0 0 0 429 458 328 1226 0 0 0 0 0 0 0 0 0 0 0 0 0 0 0 0 0 0 0 0 0 0 0 0 1895 2353 3098 6919 156 0 0 0 48 
0 0 0 0 3 0 0 2 0 0 0 0 0 0 0 0 0 0 0 0 0 0 0 0 0 0 0 0 0 0 0 0 0 0 7 0 19 0 0 0 0 0 0 0 0 429 0 12 2602 880 409 0 0 0 0 0 0 0 0 0 0 0 0 0 0 0 0 0 0 0 0 0 0 0 1307 81 0 2715 1 0 0 0 25 
1037 0 223 74 0 3 8453 215 0 0 0 446 2 0 0 0 0 0 0 0 0 0 0 0 0 0 0 0 0 0 0 0 0 0 18 9 0 0 0 0 0 8 15 0 0 458 12 0 1266 2638 1 0 1514 28 0 0 0 0 0 0 0 0 0 0 0 0 0 0 0 0 0 0 0 0 3 686 11861 3635 142 0 0 0 280 
0 0 0 0 741 44 4419 24242 0 3070 22 811 955 10 0 0 0 0 0 0 0 0 0 0 0 0 0 0 0 0 0 0 0 1 1726 35 4663 0 0 0 0 2 0 195 10 328 2602 1266 0 1129 1578 30 1205 4607 799 0 0 0 0 0 0 0 0 0 0 0 0 0 0 0 0 0 0 0 9 26044 4905 5601 4 0 0 0 568 
0 0 0 0 0 0 0 0 0 0 0 0 0 0 0 0 0 0 0 0 0 0 0 0 0 0 0 0 0 0 0 0 0 0 0 0 0 0 0 0 0 0 0 0 0 1226 880 2638 1129 0 1189 0 0 0 0 0 0 0 0 0 0 0 0 0 0 0 0 0 0 0 0 0 0 0 1 3 0 40 0 0 0 0 0 
0 0 0 0 0 0 0 4 0 4568 653 0 0 0 1 1 0 4 0 0 0 0 0 0 2 0 0 0 0 0 0 0 0 0 420 0 1 5 0 0 0 0 0 0 0 0 409 1 1578 1189 0 2304 0 0 1700 2 1556 6138 161 131 169 0 0 0 0 0 0 0 0 514 357 22 5 3 1915 25692 1216 7207 2175 0 438 124 6381 
0 0 0 0 0 0 0 0 0 221 10 0 0 6 0 11 0 0 0 0 0 0 0 0 0 0 0 0 0 0 0 0 0 0 0 0 0 0 0 0 0 0 0 0 0 0 0 0 30 0 2304 0 0 0 38 4 1294 0 23 0 4 0 0 0 0 0 0 0 0 0 0 0 0 0 0 0 0 0 0 0 0 0 0 
1 0 0 0 0 0 0 0 0 0 0 9 0 0 0 0 0 0 0 0 0 0 0 0 1 0 0 1 0 1 0 0 0 9 0 0 5 0 1 0 0 146 0 1287 21 0 0 1514 1205 0 0 0 0 134 0 0 0 0 0 0 0 0 0 0 0 0 0 0 0 0 0 0 0 0 0 0 1 0 0 4 0 0 0 
0 0 0 0 0 1 3 437 0 0 0 0 1 0 0 0 0 0 0 0 0 0 0 0 0 0 0 0 0 0 0 0 0 0 1 0 21 0 0 0 0 0 0 0 0 0 0 28 4607 0 0 0 134 0 33 0 0 0 0 0 0 0 0 0 0 0 0 0 0 0 0 0 0 0 0 0 0 0 0 0 0 0 0 
0 0 0 0 0 0 0 256 0 1189 543 0 0 4 0 783 0 758 0 105 0 0 0 0 0 0 0 0 0 0 0 0 0 0 0 0 1 2 0 0 0 0 0 0 0 0 0 0 799 0 1700 38 0 33 0 341 50 0 1 0 1928 0 0 0 0 0 0 0 0 0 0 0 0 0 0 0 0 0 0 0 0 0 0 
0 0 0 0 0 0 0 0 0 19 12 0 0 0 3 158 0 969 28 452 0 0 0 0 183 0 0 0 18 0 0 0 0 0 23 10 69 5 0 30 0 0 0 0 0 0 0 0 0 0 2 4 0 0 341 0 0 0 3305 78 7751 1156 40 29 70 0 84 0 0 0 0 0 0 0 0 0 0 0 0 0 1 0 0 
0 0 0 0 0 0 0 0 0 832 90 0 0 0 1 0 0 1 0 0 0 0 0 0 1 0 0 0 0 0 0 0 0 0 27 0 15 0 0 0 0 0 0 0 0 0 0 0 0 0 1556 1294 0 0 50 0 0 10051 818 102 162 0 0 0 0 0 0 0 0 1330 2741 554 196 33 1346 7793 871 2984 453 0 147 53 669 
0 0 0 0 0 0 0 0 0 0 0 0 0 0 0 0 0 0 0 0 0 0 0 0 0 0 0 0 0 0 0 0 0 0 0 0 0 0 0 0 0 0 0 0 0 0 0 0 0 0 6138 0 0 0 0 0 10051 0 13 1107 0 0 0 0 0 0 0 0 0 3638 4404 3443 315 137 131 115 0 585 138 0 10 127 40 
0 0 0 0 0 0 0 0 0 1915 32 0 0 0 32 74 0 8515 104 2040 37 0 39 0 4980 0 0 0 1076 0 0 0 0 0 197 13 29 4 0 2384 0 0 0 0 0 0 0 0 0 0 161 23 0 0 1 3305 818 13 0 4093 832 31 222 322 2 913 8 0 0 3709 40 0 1094 0 0 5297 174 32 0 0 679 5 21 
0 0 0 0 0 0 0 0 0 0 0 0 0 0 1 0 0 4153 0 3750 0 0 193 0 0 0 0 0 0 0 0 0 0 0 0 0 0 0 0 0 0 0 0 0 0 0 0 0 0 0 131 0 0 0 0 78 102 1107 4093 0 226 0 0 1841 0 5569 0 0 0 8260 496 142 45 3 20 2425 0 4933 85 0 2007 16 5 
0 0 0 0 0 0 0 0 0 1914 15 0 0 2 257 2433 0 5036 56 1436 475 0 947 2 1835 0 0 0 124 0 0 0 0 0 193 11 487 25 0 306 0 0 0 0 0 0 0 0 0 0 169 4 0 0 1928 7751 162 0 832 226 0 1696 79 65 0 0 46 0 0 0 0 0 0 0 0 853 12 0 0 0 3 0 0 
0 0 0 0 0 0 0 0 0 0 0 0 0 0 0 0 0 166 0 0 29 0 68 3 0 0 0 0 0 0 0 0 0 0 3 0 0 0 0 1368 0 0 0 0 0 0 0 0 0 0 0 0 0 0 0 1156 0 0 31 0 1696 0 927 252 148 1214 85 0 0 218 1 0 63 0 0 0 0 0 0 0 3 0 0 
0 0 0 0 0 0 0 0 0 0 0 0 0 0 0 0 0 0 0 0 0 0 0 0 0 0 0 0 0 0 0 0 0 0 0 0 0 0 0 0 0 0 0 0 0 0 0 0 0 0 0 0 0 0 0 40 0 0 222 0 79 927 0 1442 304 5612 36 0 0 7 0 0 0 0 0 0 0 0 0 0 0 0 0 
0 0 0 0 0 0 0 0 0 0 0 0 0 0 0 0 0 0 0 0 0 0 0 1 0 0 0 0 0 0 0 0 0 0 0 0 0 0 0 1010 0 0 0 0 0 0 0 0 0 0 0 0 0 0 0 29 0 0 322 1841 65 252 1442 0 177 9842 0 0 0 3911 15 0 737 0 0 0 0 0 0 0 0 0 0 
0 0 0 0 0 0 0 0 0 0 0 0 0 0 0 0 0 0 0 0 0 0 0 0 0 0 0 0 0 0 0 0 0 0 1 0 0 0 0 17 0 0 0 0 0 0 0 0 0 0 0 0 0 0 0 70 0 0 2 0 0 148 304 177 0 2541 130 0 0 0 0 0 0 0 0 0 0 0 0 0 0 0 0 
0 0 0 0 0 0 0 0 0 0 0 0 0 0 0 0 0 785 0 2 0 0 0 2 255 0 0 0 1183 0 0 0 0 0 0 0 0 0 0 1 0 1 0 0 0 0 0 0 0 0 0 0 0 0 0 0 0 0 913 5569 0 1214 5612 9842 2541 0 219 0 0 2974 385 0 281 0 66 393 0 2619 260 0 745 11 0 
0 0 0 0 0 0 0 0 0 0 0 0 0 0 0 0 0 0 0 0 0 0 0 0 0 0 0 0 0 0 0 0 0 0 0 0 0 0 0 0 0 0 0 0 0 0 0 0 0 0 0 0 0 0 0 84 0 0 8 0 46 85 36 0 130 219 0 41 0 0 0 0 0 0 0 0 0 0 0 0 78 0 0 
0 0 0 0 0 0 0 0 0 0 0 0 0 0 0 0 0 0 0 0 0 0 0 0 0 0 0 0 0 0 0 0 0 0 0 0 0 0 0 0 0 0 0 0 0 0 0 0 0 0 0 0 0 0 0 0 0 0 0 0 0 0 0 0 0 0 41 0 0 0 0 0 0 0 0 0 0 67 0 0 475 0 0 
0 0 0 0 0 0 0 0 0 0 0 0 0 0 0 0 0 0 0 0 0 0 0 0 0 0 0 0 0 0 0 0 0 0 0 0 0 0 0 0 0 1 0 0 0 0 0 0 0 0 0 0 0 0 0 0 0 0 0 0 0 0 0 0 0 0 0 0 0 0 0 0 184 0 295 0 0 0 0 0 0 0 0 
0 0 0 0 0 0 0 0 0 0 0 0 0 0 0 0 0 2988 0 13 0 0 0 0 58 0 0 0 1090 0 0 0 0 0 0 0 0 0 0 0 0 15 0 0 0 0 0 0 0 0 514 0 0 0 0 0 1330 3638 3709 8260 0 218 7 3911 0 2974 0 0 0 0 729 0 221 6 224 92 0 407 1 0 196 2 0 
0 0 0 0 0 0 0 0 0 0 0 0 0 0 0 0 0 0 0 0 0 0 0 0 0 0 0 0 0 0 0 0 0 0 0 0 0 0 0 0 0 3 0 0 0 0 0 0 0 0 357 0 0 0 0 0 2741 4404 40 496 0 1 0 15 0 385 0 0 0 729 0 290 786 4 32 0 0 5 0 0 3 0 0 
0 0 0 0 0 0 0 0 0 0 0 0 0 0 0 0 0 0 0 0 0 0 0 0 0 0 0 0 0 0 0 0 0 0 0 0 0 0 0 0 0 0 0 0 0 0 0 0 0 0 22 0 0 0 0 0 554 3443 0 142 0 0 0 0 0 0 0 0 0 0 290 0 967 0 0 0 0 0 0 0 0 0 0 
0 0 0 0 0 0 0 0 0 0 0 0 0 0 0 0 0 0 0 0 0 0 0 0 0 0 0 0 0 0 0 0 0 0 0 0 0 0 0 0 0 3 0 0 0 0 0 0 0 0 5 0 0 0 0 0 196 315 1094 45 0 63 0 737 0 281 0 0 184 221 786 967 0 1150 192 0 0 40 6 0 1 0 0 
0 0 0 0 0 0 0 0 0 0 0 0 0 0 0 0 0 0 0 0 0 0 0 0 0 0 0 0 0 0 0 0 0 0 0 0 0 0 0 0 0 0 0 0 0 0 0 0 0 0 3 0 0 0 0 0 33 137 0 3 0 0 0 0 0 0 0 0 0 6 4 0 1150 0 70 0 0 0 0 0 0 0 0 
0 0 0 0 0 0 0 0 0 0 0 0 0 0 0 0 0 0 0 0 0 0 0 0 0 0 0 0 0 0 0 0 0 0 0 0 0 0 0 0 0 464 100 0 0 1895 1307 3 9 1 1915 0 0 0 0 0 1346 131 0 20 0 0 0 0 0 66 0 0 295 224 32 0 192 70 0 2 0 221 3 0 0 1 7 
0 0 0 0 17 17 67 0 0 16 0 0 0 0 5 7 0 4 0 0 0 0 0 0 704 0 0 0 0 0 0 0 0 0 267 14 680 2 0 41 0 0 65 0 0 2353 81 686 26044 3 25692 0 0 0 0 0 7793 115 5297 2425 853 0 0 0 0 393 0 0 0 92 0 0 0 0 2 0 329 381 70 0 406 2 677 
0 0 0 0 1 6 21 0 0 1 0 0 0 0 0 0 0 0 0 0 0 0 0 0 0 0 0 0 0 0 0 0 0 0 45 3 90 0 0 0 0 2225 290 0 2 3098 0 11861 4905 0 1216 0 1 0 0 0 871 0 174 0 12 0 0 0 0 0 0 0 0 0 0 0 0 0 0 329 0 3 0 0 0 0 25 
0 0 0 0 47 36 478 18 0 0 0 0 1 0 0 0 0 0 0 0 0 0 0 0 0 0 0 0 0 0 0 0 0 1 440 29 769 0 0 0 0 4721 2844 0 10 6919 2715 3635 5601 40 7207 0 0 0 0 0 2984 585 32 4933 0 0 0 0 0 2619 0 67 0 407 5 0 40 0 221 381 3 0 147 0 114 18 2385 
0 0 0 0 0 0 4 0 0 0 0 0 0 0 0 0 0 0 0 0 0 0 0 0 0 0 0 0 0 0 0 0 0 0 2 0 0 0 0 0 0 0 26 0 0 156 1 142 4 0 2175 0 0 0 0 0 453 138 0 85 0 0 0 0 0 260 0 0 0 1 0 0 6 0 3 70 0 147 0 0 7 0 2688 
0 0 0 0 0 0 0 0 0 0 0 0 0 0 0 0 0 0 0 0 0 0 0 0 0 0 0 0 0 0 0 0 0 0 0 0 0 0 0 0 0 151 0 0 1 0 0 0 0 0 0 0 4 0 0 0 0 0 0 0 0 0 0 0 0 0 0 0 0 0 0 0 0 0 0 0 0 0 0 0 0 0 0 
0 0 0 0 0 0 0 0 0 0 0 0 0 0 0 0 0 1036 0 0 0 0 0 0 534 0 0 0 608 0 0 0 0 0 0 0 0 0 0 4 0 0 0 0 0 0 0 0 0 0 438 0 0 0 0 1 147 10 679 2007 3 3 0 0 0 745 78 475 0 196 3 0 1 0 0 406 0 114 7 0 0 17 0 
0 0 0 0 0 0 0 0 0 0 0 0 0 0 0 0 0 0 0 0 0 0 0 0 0 0 0 0 0 0 0 0 0 0 0 0 0 0 0 0 0 0 0 0 0 0 0 0 0 0 124 0 0 0 0 0 53 127 5 16 0 0 0 0 0 11 0 0 0 2 0 0 0 0 1 2 0 18 0 0 17 0 0 
0 1016 0 18 295 2 900 23 0 427 0 0 0 0 0 898 0 186 0 0 0 0 0 0 0 0 0 0 0 0 0 0 0 0 291 11 5109 7548 0 7 6 0 19 0 0 48 25 280 568 0 6381 0 0 0 0 0 669 40 21 5 0 0 0 0 0 0 0 0 0 0 0 0 0 0 7 677 25 2385 2688 0 0 0 0 
