0 1083 1844 428 97 0 4094 46 0 0 0 0 0 0 0 0 0 0 0 0 0 0 0 0 0 0 0 761 0 5 0 630 0 2448 0 10 0 0 4 1 0 142 0 21 15 0 0 758 0 0 0 0 0 0 0 0 0 0 0 0 0 0 0 0 0 0 0 0 0 0 0 0 0 0 0 0 0 0 0 0 0 0 0 
1083 0 0 0 0 0 0 0 0 0 0 0 0 0 0 0 0 11 0 0 0 0 153 0 52 0 0 132 0 48 0 1092 0 1818 5 0 871 0 0 48 0 0 0 0 0 0 0 0 0 0 0 0 0 0 0 0 0 0 0 0 0 0 0 0 0 0 0 0 0 0 0 0 3 1 1 0 0 3 0 0 0 0 0 
1844 0 0 46 0 0 3 34 0 0 0 1 0 0 0 0 0 0 0 0 0 0 0 0 0 0 0 0 0 0 0 0 0 62 0 57 33 0 166 0 0 0 0 128 6 0 0 1867 23 0 0 0 0 0 0 0 0 0 0 0 0 0 0 0 0 0 0 0 0 0 0 0 0 0 0 0 0 0 0 0 0 0 0 
428 0 46 0 0 0 30 959 0 0 0 0 2 0 0 0 0 0 0 0 0 0 0 0 0 0 0 0 0 0 0 0 0 0 0 0 0 0 0 0 0 146 0 130 37 0 0 681 69 0 0 0 0 1 0 0 0 0 0 0 0 0 0 0 0 0 0 0 0 0 0 0 0 0 0 0 0 0 0 0 0 0 0 
97 0 0 0 0 5 151 780 1682 0 0 0 0 0 0 0 0 897 34 0 0 0 2696 0 240 2 0 1 32 11 0 1154 1 4020 177 285 3909 246 0 48 0 0 0 0 0 0 0 0 0 0 0 0 0 0 0 0 0 0 0 0 0 0 0 0 0 0 0 0 0 0 0 0 63 218 177 12 0 559 0 0 0 0 15 
0 0 0 0 5 0 17 479 3474 3026 0 0 0 0 0 0 0 0 0 0 0 0 0 0 0 0 0 0 0 0 0 0 0 101 0 0 0 0 0 0 0 0 0 0 0 0 0 0 0 0 0 0 0 0 0 0 0 0 0 0 0 0 0 0 0 0 0 0 0 0 0 0 0 0 0 0 0 0 0 0 0 0 0 
4094 0 3 30 151 17 0 3928 4754 1 0 5 50 0 0 0 0 37 0 0 0 0 566 0 46 0 0 102 0 1 0 27 0 9176 381 4046 3589 1888 231 31 0 0 0 245 9 0 0 3116 11433 0 0 0 7 5 0 0 0 0 0 0 0 0 0 0 0 0 0 0 0 0 0 0 11 54 53 4 0 145 0 0 0 0 129 
46 0 34 959 780 479 3928 0 473 3380 19 4057 17583 8314 0 1345 0 252 0 0 0 0 76 0 18 0 0 0 0 0 0 0 0 3737 14169 2944 14248 471 2 2 0 5 0 1095 92 0 0 8182 33742 0 5411 694 10 104 0 0 0 0 0 0 0 0 0 0 0 0 0 0 0 0 0 0 4 17 52 1 0 157 0 0 0 0 3778 
0 0 0 0 1682 3474 4754 473 0 4580 0 0 0 0 0 3 0 0 0 0 0 0 1 0 0 0 0 0 0 0 0 0 0 52 5 0 7 35 0 0 0 0 0 0 0 0 0 0 0 0 0 0 0 0 0 0 0 0 0 0 0 0 0 0 0 0 0 0 0 0 0 0 0 0 0 0 0 1 0 0 0 0 10 
0 0 0 0 0 3026 1 3380 4580 0 903 0 0 5842 0 5804 167 98 0 0 0 0 0 0 1 0 0 0 525 579 2231 1340 0 2190 23378 867 10687 2016 0 0 0 0 0 0 0 0 0 0 0 0 7780 3976 0 0 27 0 384 0 99 0 62 0 0 0 0 0 0 0 0 0 0 0 0 0 1 9 29 2 0 0 0 0 7009 
0 0 0 0 0 0 0 19 0 903 0 0 0 6959 0 242 0 46 0 119 0 0 0 0 0 0 0 0 0 0 0 0 0 0 0 0 0 0 0 0 0 0 0 0 0 0 0 0 0 0 519 529 0 0 0 0 0 0 0 0 0 0 0 0 0 0 0 0 0 0 0 0 0 0 0 0 1 0 0 0 0 0 0 
0 0 1 0 0 0 5 4057 0 0 0 0 227 0 0 0 0 0 0 0 0 0 0 0 0 0 0 0 0 0 0 0 0 0 0 0 0 0 0 0 0 158 0 39 24 0 0 505 607 0 0 0 0 0 0 0 0 0 0 0 0 0 0 0 0 0 0 0 0 0 0 0 0 0 0 0 0 0 0 0 0 0 0 
0 0 0 2 0 0 50 17583 0 0 0 227 0 0 0 0 0 0 0 0 0 0 0 0 0 0 0 0 0 0 0 0 0 0 0 0 0 0 0 0 0 0 0 0 0 0 0 2 696 0 0 0 2 0 0 0 0 0 0 0 0 0 0 0 0 0 0 0 0 0 0 0 0 0 0 0 0 0 0 0 0 0 0 
0 0 0 0 0 0 0 8314 0 5842 6959 0 0 0 551 1925 0 2782 0 4773 0 0 0 0 0 0 0 0 0 0 0 0 0 0 3 1 0 0 0 0 0 0 0 0 0 0 0 0 106 0 170 494 0 0 2 12 52 0 1 0 77 0 0 0 0 0 0 0 0 0 0 0 0 0 0 0 0 0 0 0 0 0 0 
0 0 0 0 0 0 0 0 0 0 0 0 0 551 0 0 0 1520 0 7474 183 203 1 45 0 12 26 0 0 0 0 0 6 2 146 8 77 0 0 214 1 0 0 0 0 0 0 0 0 0 0 0 0 0 0 3 0 0 0 0 113 9 0 0 0 0 0 0 0 0 0 0 0 0 0 0 0 0 0 0 0 0 57 
0 0 0 0 0 0 0 1345 3 5804 242 0 0 1925 0 0 1038 305 265 0 0 0 0 0 0 0 0 0 1987 4006 2681 1792 0 4254 3620 17 10479 39 0 0 0 0 0 0 0 0 0 0 0 0 0 0 0 0 26 0 0 0 107 0 180 0 0 0 0 0 0 0 0 0 0 0 0 0 0 0 0 0 0 0 0 0 2671 
0 0 0 0 0 0 0 0 0 167 0 0 0 0 0 1038 0 3068 253 1 0 0 0 0 0 0 0 0 255 1999 1471 4108 0 376 0 0 0 0 0 0 0 0 0 0 0 0 0 0 0 0 0 0 0 0 0 0 0 0 0 0 0 0 0 0 0 0 0 0 0 0 0 0 0 0 0 0 0 0 0 0 0 0 0 
0 11 0 0 897 0 37 252 0 98 46 0 0 2782 1520 305 3068 0 2697 2342 467 843 966 146 80 0 0 0 2691 2351 1613 7461 1943 5032 8473 129 11427 27 0 9 0 0 0 0 0 0 0 0 0 0 0 0 0 0 76 118 0 0 5504 0 5341 1243 183 664 0 0 0 0 0 0 0 11 48 188 370 183 0 1592 0 0 0 0 3161 
0 0 0 0 34 0 0 0 0 0 0 0 0 0 0 265 253 2697 0 2 0 0 1928 0 314 0 0 0 5542 8976 1656 918 272 54 0 0 219 0 0 3 0 0 0 0 0 0 0 0 0 0 0 0 0 0 0 0 0 0 0 0 13 0 0 0 0 0 0 0 0 0 0 1 1 0 0 0 0 0 0 0 0 0 12 
0 0 0 0 0 0 0 0 0 0 119 0 0 4773 7474 0 1 2342 2 0 88 77 81 4 0 1 11 0 0 0 0 6 25 32 364 7 718 7 0 253 0 0 0 0 0 0 0 0 0 0 0 0 0 0 161 345 0 0 1351 0 2817 925 50 3 0 0 0 0 0 0 0 0 29 75 8 112 0 18 0 0 0 0 174 
0 0 0 0 0 0 0 0 0 0 0 0 0 0 183 0 0 467 0 88 0 238 847 90 0 0 0 0 0 0 0 13 0 49 4 0 81 0 0 0 0 0 0 0 0 0 0 0 0 0 0 0 0 0 0 0 0 0 798 0 102 63 129 211 6 0 0 0 0 0 0 0 0 0 0 0 0 1 0 0 0 0 1 
0 0 0 0 0 0 0 0 0 0 0 0 0 0 203 0 0 843 0 77 238 0 94 159 0 10 0 0 180 193 0 2805 0 1399 6 0 52 0 0 239 0 0 0 0 0 0 0 0 0 0 0 0 0 0 0 2 0 0 5427 0 817 1497 2358 2002 95 0 0 0 0 0 0 0 360 6 0 0 0 1 0 0 0 0 0 
0 153 0 0 2696 0 566 76 1 0 0 0 0 0 1 0 0 966 1928 81 847 94 0 43 2969 0 0 0 2425 1110 0 3273 6 2204 71 0 779 4 0 0 0 0 0 0 0 0 0 0 0 0 0 0 0 0 0 0 0 0 1181 0 62 110 176 71 11 0 0 0 0 0 0 0 3 4 3 1 0 5 0 0 0 0 5 
0 0 0 0 0 0 0 0 0 0 0 0 0 0 45 0 0 146 0 4 90 159 43 0 145 12 0 0 655 2374 0 7646 0 3481 0 0 0 0 0 44 0 0 0 0 0 0 0 0 0 0 0 0 0 0 0 0 0 0 45 0 0 2 0 2 0 0 0 0 0 0 0 0 0 0 0 0 0 0 0 0 0 0 0 
0 52 0 0 240 0 46 18 0 1 0 0 0 0 0 0 0 80 314 0 0 0 2969 145 0 21 69 5 719 491 0 451 0 180 0 0 519 137 0 99 258 0 0 0 0 0 0 0 0 0 0 0 0 0 0 0 0 0 0 0 0 0 0 0 0 0 0 0 0 0 0 0 0 0 0 0 0 0 0 0 0 0 0 
0 0 0 0 2 0 0 0 0 0 0 0 0 0 12 0 0 0 0 1 0 10 0 12 21 0 7 0 28 5 0 0 0 0 0 0 0 0 0 196 15 0 0 0 0 0 0 0 0 0 0 0 0 0 0 0 0 0 0 0 0 0 0 0 0 0 0 0 0 0 0 0 0 0 0 0 0 0 0 0 0 0 0 
0 0 0 0 0 0 0 0 0 0 0 0 0 0 26 0 0 0 0 11 0 0 0 0 69 7 0 0 4 0 0 0 0 11 0 0 0 0 0 56 1 0 0 0 0 0 0 0 0 0 0 0 0 0 0 0 0 0 0 0 0 0 0 0 0 0 0 0 0 0 0 0 0 0 0 0 0 0 0 0 0 0 0 
761 132 0 0 1 0 102 0 0 0 0 0 0 0 0 0 0 0 0 0 0 0 0 0 5 0 0 0 25 10 0 197 0 741 0 0 44 5 0 0 3 0 0 0 0 0 0 0 0 0 0 0 0 0 0 0 0 0 0 0 0 0 0 0 0 0 0 0 0 0 0 0 0 0 0 0 0 0 0 0 0 0 0 
0 0 0 0 32 0 0 0 0 525 0 0 0 0 0 1987 255 2691 5542 0 0 180 2425 655 719 28 4 25 0 621 0 578 0 30 1 0 108 16 0 598 0 0 0 0 0 0 0 0 0 0 0 0 0 0 0 0 0 0 0 0 0 0 0 0 0 0 0 0 0 0 0 0 0 0 0 0 0 0 0 0 0 0 0 
5 48 0 0 11 0 1 0 0 579 0 0 0 0 0 4006 1999 2351 8976 0 0 193 1110 2374 491 5 0 10 621 0 21 324 0 63 10 0 272 8 0 487 0 0 0 0 0 0 0 0 0 0 0 0 0 0 0 0 0 0 0 0 0 0 0 0 0 0 0 0 0 0 0 0 0 0 0 0 0 0 0 0 0 0 0 
0 0 0 0 0 0 0 0 0 2231 0 0 0 0 0 2681 1471 1613 1656 0 0 0 0 0 0 0 0 0 0 21 0 514 0 23 0 0 0 0 0 0 0 0 0 0 0 0 0 0 0 0 0 0 0 0 0 0 0 0 0 0 0 0 0 0 0 0 0 0 0 0 0 0 0 0 0 0 0 0 0 0 0 0 0 
630 1092 0 0 1154 0 27 0 0 1340 0 0 0 0 0 1792 4108 7461 918 6 13 2805 3273 7646 451 0 0 197 578 324 514 0 28 1486 0 0 138 4 0 13 0 0 0 0 0 0 0 0 0 0 0 0 0 0 0 0 0 0 228 0 7 24 0 2 0 0 0 0 0 0 0 0 521 61 364 0 0 238 0 0 0 0 0 
0 0 0 0 1 0 0 0 0 0 0 0 0 0 6 0 0 1943 272 25 0 0 6 0 0 0 0 0 0 0 0 28 0 0 0 0 0 0 0 0 0 0 0 0 0 0 0 0 0 0 0 0 0 0 0 1 0 0 0 0 16 0 0 0 0 0 0 0 0 0 0 1 0 0 0 0 0 0 0 0 0 0 0 
2448 1818 62 0 4020 101 9176 3737 52 2190 0 0 0 0 2 4254 376 5032 54 32 49 1399 2204 3481 180 0 11 741 30 63 23 1486 0 0 715 0 2 3 0 4 0 0 0 0 0 0 0 1 0 0 0 0 0 0 0 0 0 0 406 0 471 44 0 5 0 0 0 0 0 0 0 61 1934 2179 2660 216 0 3192 1 0 2 0 93 
0 5 0 0 177 0 381 14169 5 23378 0 0 0 3 146 3620 0 8473 0 364 4 6 71 0 0 0 0 0 1 10 0 0 0 715 0 428 516 39 5 1 0 0 0 0 42 0 0 0 88 0 25 112 0 0 96 40 0 0 765 0 6164 0 0 0 0 0 0 0 0 0 0 34 273 353 166 2968 44 481 0 0 10 0 697 
10 0 57 0 285 0 4046 2944 0 867 0 0 0 1 8 17 0 129 0 7 0 0 0 0 0 0 0 0 0 0 0 0 0 0 428 0 0 11 15 0 0 0 0 0 0 0 0 10 83 0 0 1 0 0 17 0 0 0 248 0 2985 0 0 0 0 0 0 0 0 0 0 0 0 0 3 1447 74 10 0 0 0 0 38 
0 871 33 0 3909 0 3589 14248 7 10687 0 0 0 0 77 10479 0 11427 219 718 81 52 779 0 519 0 0 44 108 272 0 138 0 2 516 0 0 2 0 181 0 0 0 0 0 0 0 0 0 0 0 0 0 0 0 20 0 0 18 0 979 2 0 0 0 0 0 0 0 0 0 181 752 585 225 93 0 482 1 0 1 0 2602 
0 0 0 0 246 0 1888 471 35 2016 0 0 0 0 0 39 0 27 0 7 0 0 4 0 137 0 0 5 16 8 0 4 0 3 39 11 2 0 0 14 0 0 0 0 0 0 0 0 0 0 0 0 0 0 0 0 0 0 0 0 2 0 0 0 0 0 0 0 0 0 0 1 2 1 0 0 0 3 0 0 0 0 2770 
4 0 166 0 0 0 231 2 0 0 0 0 0 0 0 0 0 0 0 0 0 0 0 0 0 0 0 0 0 0 0 0 0 0 5 15 0 0 0 0 0 7 0 7 0 0 0 155 0 0 0 0 0 0 0 0 0 0 0 0 0 0 0 0 0 0 0 0 0 0 0 0 0 0 0 0 0 0 0 0 0 0 0 
1 48 0 0 48 0 31 2 0 0 0 0 0 0 214 0 0 9 3 253 0 239 0 44 99 196 56 0 598 487 0 13 0 4 1 0 181 14 0 0 68 0 0 0 0 0 0 0 0 0 0 0 0 0 0 0 0 0 0 0 2 0 0 0 0 0 0 0 0 0 0 0 0 0 7 7 0 20 0 0 0 0 31 
0 0 0 0 0 0 0 0 0 0 0 0 0 0 1 0 0 0 0 0 0 0 0 0 258 15 1 3 0 0 0 0 0 0 0 0 0 0 0 68 0 0 0 0 0 0 0 0 0 0 0 0 0 0 0 0 0 0 0 0 0 0 0 0 0 0 0 0 0 0 0 0 0 0 0 0 0 0 0 0 0 0 0 
142 0 0 146 0 0 0 5 0 0 0 158 0 0 0 0 0 0 0 0 0 0 0 0 0 0 0 0 0 0 0 0 0 0 0 0 0 0 7 0 0 0 2913 52 763 1422 0 11125 0 0 0 0 5 0 0 0 0 0 0 0 0 0 0 0 0 0 0 0 0 0 0 0 0 0 319 0 4 0 0 0 0 0 0 
0 0 0 0 0 0 0 0 0 0 0 0 0 0 0 0 0 0 0 0 0 0 0 0 0 0 0 0 0 0 0 0 0 0 0 0 0 0 0 0 0 2913 0 0 0 1 0 1 0 0 0 0 0 0 0 0 0 0 0 0 0 0 0 0 0 0 0 0 0 0 0 0 59 0 2068 0 0 0 0 0 0 0 0 
21 0 128 130 0 0 245 1095 0 0 0 39 0 0 0 0 0 0 0 0 0 0 0 0 0 0 0 0 0 0 0 0 0 0 0 0 0 0 7 0 0 52 0 0 169 0 0 0 0 0 0 0 19 0 0 0 0 0 0 0 0 0 0 0 0 0 0 0 0 0 0 0 0 0 3 0 0 0 0 0 0 0 0 
15 0 6 37 0 0 9 92 0 0 0 24 0 0 0 0 0 0 0 0 0 0 0 0 0 0 0 0 0 0 0 0 0 0 42 0 0 0 0 0 0 763 0 169 0 0 0 23 41 0 0 0 36 17 0 0 0 0 0 0 0 0 0 0 0 0 0 0 0 0 0 0 0 0 0 11 3 0 0 0 0 0 0 
0 0 0 0 0 0 0 0 0 0 0 0 0 0 0 0 0 0 0 0 0 0 0 0 0 0 0 0 0 0 0 0 0 0 0 0 0 0 0 0 0 1422 1 0 0 0 111 359 1728 0 0 0 0 0 0 0 0 0 0 0 0 0 0 0 0 353 0 0 0 0 0 0 382 0 6680 1 178 574 0 0 0 0 0 
0 0 0 0 0 0 0 0 0 0 0 0 0 0 0 0 0 0 0 0 0 0 0 0 0 0 0 0 0 0 0 0 0 0 0 0 0 0 0 0 0 0 0 0 0 111 0 109 13018 65 4220 0 0 0 0 0 3081 64 368 0 0 0 0 0 0 0 0 0 0 0 0 3 3 0 2360 0 0 0 0 0 0 0 0 
758 0 1867 681 0 0 3116 8182 0 0 0 505 2 0 0 0 0 0 0 0 0 0 0 0 0 0 0 0 0 0 0 0 0 1 0 10 0 0 155 0 0 11125 1 0 23 359 109 0 10939 4450 1101 0 0 0 0 0 0 0 0 0 0 0 0 0 0 513 0 0 2 0 0 0 1099 0 6445 181 5298 3958 4 31 21 0 0 
0 0 23 69 0 0 11433 33742 0 0 0 607 696 106 0 0 0 0 0 0 0 0 0 0 0 0 0 0 0 0 0 0 0 0 88 83 0 0 0 0 0 0 0 0 41 1728 13018 10939 0 162 1297 137 960 5976 205 0 552 1 18 0 0 0 0 0 0 143 0 0 0 0 0 0 294 0 10077 10129 8423 13031 19 0 0 0 1247 
0 0 0 0 0 0 0 0 0 0 0 0 0 0 0 0 0 0 0 0 0 0 0 0 0 0 0 0 0 0 0 0 0 0 0 0 0 0 0 0 0 0 0 0 0 0 65 4450 162 0 1627 0 0 0 0 0 3 0 0 0 0 0 0 0 0 0 0 0 0 0 0 0 0 0 1 0 0 0 0 0 0 0 0 
0 0 0 0 0 0 0 5411 0 7780 519 0 0 170 0 0 0 0 0 0 0 0 0 0 0 0 0 0 0 0 0 0 0 0 25 0 0 0 0 0 0 0 0 0 0 0 4220 1101 1297 1627 0 332 0 0 310 0 2110 3340 394 93 0 0 0 0 0 0 0 0 0 75 1714 1808 391 0 3626 8621 1719 17210 1169 0 4003 320 7281 
0 0 0 0 0 0 0 694 0 3976 529 0 0 494 0 0 0 0 0 0 0 0 0 0 0 0 0 0 0 0 0 0 0 0 112 1 0 0 0 0 0 0 0 0 0 0 0 0 137 0 332 0 0 0 1769 0 346 0 0 0 0 0 0 0 0 0 0 0 0 0 0 0 0 0 0 2612 190 1 0 0 0 0 16 
0 0 0 0 0 0 7 10 0 0 0 0 2 0 0 0 0 0 0 0 0 0 0 0 0 0 0 0 0 0 0 0 0 0 0 0 0 0 0 0 0 5 0 19 36 0 0 0 960 0 0 0 0 219 0 0 0 0 0 0 0 0 0 0 0 0 0 0 0 0 0 0 0 0 0 0 0 0 0 0 0 0 0 
0 0 0 1 0 0 5 104 0 0 0 0 0 0 0 0 0 0 0 0 0 0 0 0 0 0 0 0 0 0 0 0 0 0 0 0 0 0 0 0 0 0 0 0 17 0 0 0 5976 0 0 0 219 0 0 0 0 0 0 0 0 0 0 0 0 0 0 0 0 0 0 0 0 0 0 0 0 0 0 0 0 0 0 
0 0 0 0 0 0 0 0 0 27 0 0 0 2 0 26 0 76 0 161 0 0 0 0 0 0 0 0 0 0 0 0 0 0 96 17 0 0 0 0 0 0 0 0 0 0 0 0 205 0 310 1769 0 0 0 518 107 0 27 0 3786 0 0 0 0 0 0 0 0 0 0 0 0 0 0 0 0 0 0 0 0 0 0 
0 0 0 0 0 0 0 0 0 0 0 0 0 12 3 0 0 118 0 345 0 2 0 0 0 0 0 0 0 0 0 0 1 0 40 0 20 0 0 0 0 0 0 0 0 0 0 0 0 0 0 0 0 0 518 0 0 0 75 0 4022 160 13 0 1 0 0 5 0 0 0 0 11 43 0 0 0 0 0 0 2 0 20 
0 0 0 0 0 0 0 0 0 384 0 0 0 52 0 0 0 0 0 0 0 0 0 0 0 0 0 0 0 0 0 0 0 0 0 0 0 0 0 0 0 0 0 0 0 0 3081 0 552 3 2110 346 0 0 107 0 0 6986 165 1490 0 0 0 0 0 0 0 0 0 105 3297 445 2 0 4200 3006 81 5865 558 0 533 0 936 
0 0 0 0 0 0 0 0 0 0 0 0 0 0 0 0 0 0 0 0 0 0 0 0 0 0 0 0 0 0 0 0 0 0 0 0 0 0 0 0 0 0 0 0 0 0 64 0 1 0 3340 0 0 0 0 0 6986 0 638 1042 0 0 0 0 0 0 0 0 0 19 3279 6782 1693 0 11 0 0 0 0 0 0 0 0 
0 0 0 0 0 0 0 0 0 99 0 0 0 1 0 107 0 5504 0 1351 798 5427 1181 45 0 0 0 0 0 0 0 228 0 406 765 248 18 0 0 0 0 0 0 0 0 0 368 0 18 0 394 0 0 0 27 75 165 638 0 8535 789 408 761 2746 54 3051 0 0 0 3012 2051 1853 8467 3412 5467 4182 17 8752 1224 0 505 0 1713 
0 0 0 0 0 0 0 0 0 0 0 0 0 0 0 0 0 0 0 0 0 0 0 0 0 0 0 0 0 0 0 0 0 0 0 0 0 0 0 0 0 0 0 0 0 0 0 0 0 0 93 0 0 0 0 0 1490 1042 8535 0 26 0 0 7446 0 7 0 0 0 2336 2544 3624 1850 33 0 0 0 0 0 0 0 0 0 
0 0 0 0 0 0 0 0 0 62 0 0 0 77 113 180 0 5341 13 2817 102 817 62 0 0 0 0 0 0 0 0 7 16 471 6164 2985 979 2 0 2 0 0 0 0 0 0 0 0 0 0 0 0 0 0 3786 4022 0 0 789 26 0 180 17 0 15 0 0 8 0 0 0 503 1340 1043 170 3240 58 829 328 0 417 0 852 
0 0 0 0 0 0 0 0 0 0 0 0 0 0 9 0 0 1243 0 925 63 1497 110 2 0 0 0 0 0 0 0 24 0 44 0 0 2 0 0 0 0 0 0 0 0 0 0 0 0 0 0 0 0 0 0 160 0 0 408 0 180 0 80 14 43 0 0 0 0 0 0 0 1 33 6 0 0 2 0 0 55 0 0 
0 0 0 0 0 0 0 0 0 0 0 0 0 0 0 0 0 183 0 50 129 2358 176 0 0 0 0 0 0 0 0 0 0 0 0 0 0 0 0 0 0 0 0 0 0 0 0 0 0 0 0 0 0 0 0 13 0 0 761 0 17 80 0 20 81 0 0 1 0 22 125 38 1480 5 2 0 0 0 0 0 582 0 0 
0 0 0 0 0 0 0 0 0 0 0 0 0 0 0 0 0 664 0 3 211 2002 71 2 0 0 0 0 0 0 0 2 0 5 0 0 0 0 0 0 0 0 0 0 0 0 0 0 0 0 0 0 0 0 0 0 0 0 2746 7446 0 14 20 0 162 2137 0 0 0 3609 2701 73 2058 15 57 0 0 1 0 0 0 0 0 
0 0 0 0 0 0 0 0 0 0 0 0 0 0 0 0 0 0 0 0 6 95 11 0 0 0 0 0 0 0 0 0 0 0 0 0 0 0 0 0 0 0 0 0 0 0 0 0 0 0 0 0 0 0 0 1 0 0 54 0 15 43 81 162 0 20 1 0 0 1390 838 21 9625 1 34 0 0 0 0 0 371 0 0 
0 0 0 0 0 0 0 0 0 0 0 0 0 0 0 0 0 0 0 0 0 0 0 0 0 0 0 0 0 0 0 0 0 0 0 0 0 0 0 0 0 0 0 0 0 353 0 513 143 0 0 0 0 0 0 0 0 0 3051 7 0 0 0 2137 20 0 2 64 34 1358 801 0 6487 0 98 20 0 67 0 0 161 15 0 
0 0 0 0 0 0 0 0 0 0 0 0 0 0 0 0 0 0 0 0 0 0 0 0 0 0 0 0 0 0 0 0 0 0 0 0 0 0 0 0 0 0 0 0 0 0 0 0 0 0 0 0 0 0 0 0 0 0 0 0 0 0 0 0 1 2 0 275 0 1 0 0 0 0 0 0 0 0 0 0 210 42 0 
0 0 0 0 0 0 0 0 0 0 0 0 0 0 0 0 0 0 0 0 0 0 0 0 0 0 0 0 0 0 0 0 0 0 0 0 0 0 0 0 0 0 0 0 0 0 0 0 0 0 0 0 0 0 0 5 0 0 0 0 8 0 1 0 0 64 275 0 42 0 0 0 0 0 0 0 0 0 0 0 14 0 0 
0 0 0 0 0 0 0 0 0 0 0 0 0 0 0 0 0 0 0 0 0 0 0 0 0 0 0 0 0 0 0 0 0 0 0 0 0 0 0 0 0 0 0 0 0 0 0 2 0 0 0 0 0 0 0 0 0 0 0 0 0 0 0 0 0 34 0 42 0 0 1 0 0 0 188 0 0 62 310 0 33 29 0 
0 0 0 0 0 0 0 0 0 0 0 0 0 0 0 0 0 0 0 0 0 0 0 0 0 0 0 0 0 0 0 0 0 0 0 0 0 0 0 0 0 0 0 0 0 0 0 0 0 0 75 0 0 0 0 0 105 19 3012 2336 0 0 22 3609 1390 1358 1 0 0 0 26 4 41 0 0 0 0 113 51 0 525 7 0 
0 0 0 0 0 0 0 0 0 0 0 0 0 0 0 0 0 0 0 0 0 0 0 0 0 0 0 0 0 0 0 0 0 0 0 0 0 0 0 0 0 0 0 0 0 0 0 0 0 0 1714 0 0 0 0 0 3297 3279 2051 2544 0 0 125 2701 838 801 0 0 1 26 0 97 7 0 22 228 0 191 131 0 83 0 0 
0 0 0 0 0 0 0 0 0 0 0 0 0 0 0 0 0 11 1 0 0 0 0 0 0 0 0 0 0 0 0 0 1 61 34 0 181 1 0 0 0 0 0 0 0 0 3 0 0 0 1808 0 0 0 0 0 445 6782 1853 3624 503 0 38 73 21 0 0 0 0 4 97 0 514 0 0 0 0 0 0 0 0 0 14 
0 3 0 0 63 0 11 4 0 0 0 0 0 0 0 0 0 48 1 29 0 360 3 0 0 0 0 0 0 0 0 521 0 1934 273 0 752 2 0 0 0 0 59 0 0 382 3 1099 294 0 391 0 0 0 0 11 2 1693 8467 1850 1340 1 1480 2058 9625 6487 0 0 0 41 7 514 0 1 86 73 0 75 45 0 27 0 67 
0 1 0 0 218 0 54 17 0 0 0 0 0 0 0 0 0 188 0 75 0 6 4 0 0 0 0 0 0 0 0 61 0 2179 353 0 585 1 0 0 0 0 0 0 0 0 0 0 0 0 0 0 0 0 0 43 0 0 3412 33 1043 33 5 15 1 0 0 0 0 0 0 0 1 0 1 0 0 0 0 0 0 0 39 
0 1 0 0 177 0 53 52 0 1 0 0 0 0 0 0 0 370 0 8 0 0 3 0 0 0 0 0 0 0 0 364 0 2660 166 3 225 0 0 7 0 319 2068 3 0 6680 2360 6445 10077 1 3626 0 0 0 0 0 4200 11 5467 0 170 6 2 57 34 98 0 0 188 0 22 0 86 1 0 390 0 61 3 0 265 0 20 
0 0 0 0 12 0 4 1 0 9 0 0 0 0 0 0 0 183 0 112 0 0 1 0 0 0 0 0 0 0 0 0 0 216 2968 1447 93 0 0 7 0 0 0 0 11 1 0 181 10129 0 8621 2612 0 0 0 0 3006 0 4182 0 3240 0 0 0 0 20 0 0 0 0 228 0 73 0 390 0 70 658 40 0 5 2 890 
0 0 0 0 0 0 0 0 0 29 1 0 0 0 0 0 0 0 0 0 0 0 0 0 0 0 0 0 0 0 0 0 0 0 44 74 0 0 0 0 0 4 0 0 3 178 0 5298 8423 0 1719 190 0 0 0 0 81 0 17 0 58 0 0 0 0 0 0 0 0 0 0 0 0 0 0 70 0 82 6 0 0 0 38 
0 3 0 0 559 0 145 157 1 2 0 0 0 0 0 0 0 1592 0 18 1 1 5 0 0 0 0 0 0 0 0 238 0 3192 481 10 482 3 0 20 0 0 0 0 0 574 0 3958 13031 0 17210 1 0 0 0 0 5865 0 8752 0 829 2 0 1 0 67 0 0 62 113 191 0 75 0 61 658 82 0 3 1 13 42 1048 
0 0 0 0 0 0 0 0 0 0 0 0 0 0 0 0 0 0 0 0 0 0 0 0 0 0 0 0 0 0 0 0 0 1 0 0 1 0 0 0 0 0 0 0 0 0 0 4 19 0 1169 0 0 0 0 0 558 0 1224 0 328 0 0 0 0 0 0 0 310 51 131 0 45 0 3 40 6 3 0 0 0 0 106 
0 0 0 0 0 0 0 0 0 0 0 0 0 0 0 0 0 0 0 0 0 0 0 0 0 0 0 0 0 0 0 0 0 0 0 0 0 0 0 0 0 0 0 0 0 0 0 31 0 0 0 0 0 0 0 0 0 0 0 0 0 0 0 0 0 0 0 0 0 0 0 0 0 0 0 0 0 1 0 0 0 0 0 
0 0 0 0 0 0 0 0 0 0 0 0 0 0 0 0 0 0 0 0 0 0 0 0 0 0 0 0 0 0 0 0 0 2 10 0 1 0 0 0 0 0 0 0 0 0 0 21 0 0 4003 0 0 0 0 2 533 0 505 0 417 55 582 0 371 161 210 14 33 525 83 0 27 0 265 5 0 13 0 0 0 14 2 
0 0 0 0 0 0 0 0 0 0 0 0 0 0 0 0 0 0 0 0 0 0 0 0 0 0 0 0 0 0 0 0 0 0 0 0 0 0 0 0 0 0 0 0 0 0 0 0 0 0 320 0 0 0 0 0 0 0 0 0 0 0 0 0 0 15 42 0 29 7 0 0 0 0 0 2 0 42 0 0 14 0 0 
0 0 0 0 15 0 129 3778 10 7009 0 0 0 0 57 2671 0 3161 12 174 1 0 5 0 0 0 0 0 0 0 0 0 0 93 697 38 2602 2770 0 31 0 0 0 0 0 0 0 0 1247 0 7281 16 0 0 0 20 936 0 1713 0 852 0 0 0 0 0 0 0 0 0 0 14 67 39 20 890 38 1048 106 0 2 0 0 
