0 602 0 212 313 0 1599 0 0 28 0 1273 0 0 0 0 0 0 0 0 0 0 0 0 0 0 0 32 7 6 0 50 0 2783 1 257 1043 0 83 0 0 50 0 5 0 0 0 991 0 0 0 0 91 0 0 0 0 0 0 0 0 0 0 0 0 0 0 0 0 0 0 0 0 0 0 0 183 61 0 3 0 0 38 
602 0 0 0 0 0 15 4 0 3 0 0 0 0 0 0 0 0 0 0 0 0 0 0 0 0 0 0 0 0 0 0 0 1053 3343 3952 8685 142 0 0 0 0 0 0 0 0 0 103 0 0 0 0 0 0 0 0 0 0 0 0 0 0 0 0 0 0 0 0 0 0 0 0 0 0 0 0 0 0 0 0 0 0 9 
0 0 0 184 0 0 0 70 0 4 0 2941 0 0 0 0 0 0 0 0 0 0 0 0 0 0 0 0 1 0 0 0 0 3 12 108 12 0 0 0 0 0 0 0 0 0 0 2387 88 0 0 0 7 0 0 0 0 0 0 0 0 0 0 0 0 0 0 0 0 0 0 0 0 0 0 0 13 3 0 0 0 0 0 
212 0 184 0 0 0 0 119 0 0 0 340 0 0 0 0 0 0 0 0 0 0 0 0 0 0 0 0 0 0 0 0 0 36 0 5 26 0 24 0 0 4 0 0 0 0 0 77 0 0 0 0 11 0 0 0 0 0 0 0 0 0 0 0 0 0 0 0 0 0 0 0 0 0 0 0 9 4 0 0 0 0 0 
313 0 0 0 0 714 13 829 849 310 0 0 225 0 0 9 95 3 368 0 0 0 0 0 0 0 0 0 0 0 0 0 0 3394 4233 3902 8186 74 0 0 0 0 0 0 0 0 0 0 0 0 0 0 0 0 0 0 0 0 0 0 0 0 0 0 0 0 0 0 0 0 0 0 0 0 0 0 0 0 0 0 0 0 0 
0 0 0 0 714 0 43 4125 5540 2209 0 0 614 0 0 33 2095 0 687 0 0 0 0 0 0 0 0 0 0 3 1 0 0 341 0 0 628 0 0 0 0 0 0 0 0 0 0 0 1 0 0 0 0 0 0 0 0 0 0 0 0 0 0 0 0 0 0 0 0 0 0 0 0 0 0 0 0 0 0 0 0 0 0 
1599 15 0 0 13 43 0 4787 3667 1067 0 1295 2809 0 0 2 5 5 21 0 0 0 0 0 0 0 0 7 28 22 0 5 0 1874 3951 11214 4315 87 0 0 0 0 0 0 0 0 0 8919 432 0 0 0 0 29 0 0 0 0 0 0 0 0 0 0 0 0 0 0 0 0 0 0 0 0 0 0 242 25 0 0 0 0 3 
0 4 70 119 829 4125 4787 0 132 280 414 1915 22714 9816 0 3 123 0 667 0 0 0 0 0 0 0 0 0 0 0 1 0 0 351 3751 352 1397 0 0 0 0 0 0 0 0 17 473 1495 6647 238 59 2 0 661 753 0 0 0 0 0 0 0 0 0 0 0 0 0 0 0 0 0 0 0 167 261 279 574 22 0 0 0 5 
0 0 0 0 849 5540 3667 132 0 237 0 0 3 0 0 0 325 0 658 0 0 0 0 0 0 0 0 0 0 0 0 0 0 1081 3149 0 3773 0 0 0 0 0 0 0 0 0 0 0 1976 0 0 0 0 25 14 0 0 0 0 0 0 0 0 0 0 0 0 0 0 0 0 0 0 0 0 0 0 0 0 0 0 0 0 
28 3 4 0 310 2209 1067 280 237 0 175 0 24 13463 0 701 4972 3 440 0 0 0 0 0 0 0 0 0 0 204 41 0 0 1769 23822 2945 15381 0 0 0 0 0 0 0 0 0 10 19 3519 0 2302 1423 0 0 535 0 422 0 0 0 310 0 0 0 0 0 0 0 0 0 0 0 0 0 2 15 5 35 0 0 0 0 0 
0 0 0 0 0 0 0 414 0 175 0 0 0 3492 0 35 0 0 0 397 0 0 0 0 0 0 0 0 0 0 0 0 0 0 0 0 0 0 0 0 0 0 0 0 0 0 0 0 0 0 0 0 0 0 0 0 0 0 0 0 0 0 0 0 0 0 0 0 0 0 0 0 0 0 0 0 0 0 0 0 0 0 0 
1273 0 2941 340 0 0 1295 1915 0 0 0 0 2 0 0 0 0 0 0 0 0 0 0 0 0 0 0 0 0 0 0 0 0 384 0 4 0 0 62 0 0 175 0 0 0 0 0 229 56 0 0 0 19 0 0 0 0 0 0 0 0 0 0 0 0 0 0 0 0 0 0 0 0 0 0 0 0 0 0 0 0 0 0 
0 0 0 0 225 614 2809 22714 3 24 0 2 0 66 0 0 1 0 50 0 0 0 0 0 0 0 0 0 0 0 0 0 0 8 3457 208 1330 0 0 0 0 0 0 0 0 0 110 628 701 7 0 0 0 0 0 0 0 0 0 0 0 0 0 0 0 0 0 0 0 0 0 0 0 0 8 0 0 2 0 0 0 0 0 
0 0 0 0 0 0 0 9816 0 13463 3492 0 66 0 0 3919 0 6751 0 4981 0 0 0 0 0 0 0 0 0 0 0 0 0 0 0 0 0 0 0 0 0 0 0 0 0 0 0 0 18 0 20 38 0 0 19 0 1 0 0 0 1 0 0 0 0 0 0 0 0 0 0 0 0 0 0 0 0 0 0 0 0 0 0 
0 0 0 0 0 0 0 0 0 0 0 0 0 0 0 4 0 4746 731 6356 699 1 50 5 14 0 0 0 0 0 0 21 0 52 0 0 0 0 0 1 0 28 0 0 11 0 0 81 0 0 0 0 0 0 0 2 0 0 2111 1831 1564 990 0 1789 0 0 0 0 0 63 0 0 9 0 50 0 0 36 0 0 0 0 0 
0 0 0 0 9 33 2 3 0 701 35 0 0 3919 4 0 3316 0 234 0 0 0 0 0 0 0 0 0 0 517 144 0 0 1645 4559 483 4059 0 0 1 0 0 0 0 0 0 0 0 1 0 0 80 0 0 331 0 100 0 1309 0 3044 0 0 0 0 0 0 0 0 0 0 0 0 0 0 0 0 0 0 0 0 0 0 
0 0 0 0 95 2095 5 123 325 4972 0 0 1 0 0 3316 0 888 2144 0 0 0 0 0 0 0 0 0 0 826 1736 72 0 1867 31 0 1277 0 0 0 0 0 0 0 0 0 0 0 0 0 0 0 0 0 0 0 0 0 0 0 0 0 0 0 0 0 0 0 0 0 0 0 0 0 0 0 0 0 0 0 0 0 0 
0 0 0 0 3 0 5 0 0 3 0 0 0 6751 4746 0 888 0 15973 642 27 0 1388 68 223 0 0 0 572 2754 1303 4247 159 3054 3153 85 2572 0 0 0 0 30 0 0 0 0 0 165 0 0 0 0 0 0 57 532 0 0 909 2513 5370 8 0 5 0 0 0 0 0 847 6 0 264 0 547 118 0 191 0 0 5 0 0 
0 0 0 0 368 687 21 667 658 440 0 0 50 0 731 234 2144 15973 0 150 54 2 51 131 887 0 0 0 1263 1572 611 557 0 2616 6 0 1817 0 0 0 0 2 0 0 0 0 0 32 1 0 0 0 0 0 0 233 0 0 0 506 4282 0 0 0 0 1 0 0 0 231 0 0 31 0 150 47 0 21 0 0 2 0 0 
0 0 0 0 0 0 0 0 0 0 397 0 0 4981 6356 0 0 642 150 0 231 46 50 1354 80 0 0 0 99 0 0 155 0 442 0 0 0 0 0 0 0 0 0 0 0 0 0 5 0 0 0 0 0 0 0 154 0 0 75 779 568 14 0 9 0 0 0 0 0 73 0 0 40 0 41 9 0 21 0 0 0 0 0 
0 0 0 0 0 0 0 0 0 0 0 0 0 0 699 0 0 27 54 231 0 1048 0 5971 1591 0 0 0 2820 4 0 0 0 0 0 0 0 0 0 0 0 0 0 0 0 0 0 0 0 0 0 0 0 0 0 0 0 0 16 550 1 16 2 1 46 1 0 0 0 52 0 0 0 0 1 0 0 0 0 0 0 0 0 
0 0 0 0 0 0 0 0 0 0 0 0 0 0 1 0 0 0 2 46 1048 0 831 1486 19 0 0 0 10 0 0 0 0 0 0 0 0 0 0 0 0 0 0 0 0 0 0 0 0 0 0 0 0 0 0 0 0 0 0 0 0 1 0 0 37 6 0 0 0 82 0 0 0 0 0 0 0 0 0 0 0 0 0 
0 0 0 0 0 0 0 0 0 0 0 0 0 0 50 0 0 1388 51 50 0 831 0 4653 4649 0 0 0 10075 168 2 8 0 68 0 0 44 0 0 0 0 57 0 0 0 0 0 230 0 0 0 0 0 0 0 24 0 0 2 545 895 0 0 10 0 3 0 1 0 1291 5 0 234 0 807 65 0 134 0 0 2 0 0 
0 0 0 0 0 0 0 0 0 0 0 0 0 0 5 0 0 68 131 1354 5971 1486 4653 0 743 1 0 0 1 0 0 0 0 0 0 0 0 0 0 9 0 0 0 0 0 0 0 0 0 0 0 0 0 0 0 0 0 0 0 0 0 2 0 0 0 0 0 0 0 0 0 0 0 0 0 0 0 0 0 0 0 0 0 
0 0 0 0 0 0 0 0 0 0 0 0 0 0 14 0 0 223 887 80 1591 19 4649 743 0 56 0 0 1877 481 11 191 0 420 118 0 2818 0 0 652 13 0 0 0 0 0 0 0 0 0 0 0 0 0 0 19 0 0 0 4 279 0 0 0 0 0 0 0 0 2 0 0 0 0 0 0 0 2 0 0 0 0 1 
0 0 0 0 0 0 0 0 0 0 0 0 0 0 0 0 0 0 0 0 0 0 0 1 56 0 0 0 23 0 0 0 0 0 0 0 1 0 0 15 0 0 0 0 0 0 0 0 0 0 0 0 0 0 0 0 0 0 0 0 0 0 0 0 0 0 0 0 0 0 0 0 0 0 0 0 0 0 0 0 0 0 0 
0 0 0 0 0 0 0 0 0 0 0 0 0 0 0 0 0 0 0 0 0 0 0 0 0 0 0 0 0 0 0 0 0 2 0 0 25 0 0 6 13 0 0 0 0 0 0 0 0 0 0 0 0 0 0 0 0 0 0 0 0 0 0 0 0 0 0 0 0 0 0 0 0 0 0 0 0 0 0 0 0 0 0 
32 0 0 0 0 0 7 0 0 0 0 0 0 0 0 0 0 0 0 0 0 0 0 0 0 0 0 0 0 0 0 49 0 571 0 0 221 0 0 0 33 0 0 0 0 0 0 0 0 0 0 0 0 0 0 0 0 0 0 0 0 0 0 0 0 0 0 0 0 0 0 0 0 0 0 0 0 0 0 0 0 0 0 
7 0 1 0 0 0 28 0 0 0 0 0 0 0 0 0 0 572 1263 99 2820 10 10075 1 1877 23 0 0 0 2316 860 5 0 225 0 0 1716 0 0 1 0 2 0 0 0 0 0 4 0 0 0 0 0 0 0 0 0 0 0 1 9 0 0 0 0 12 0 0 1 7 0 0 16 0 30 54 0 145 0 0 17 0 0 
6 0 0 0 0 3 22 0 0 204 0 0 0 0 0 517 826 2754 1572 0 4 0 168 0 481 0 0 0 2316 0 1000 927 0 346 0 0 532 0 0 0 0 1 0 0 0 0 0 0 0 0 0 0 0 0 0 0 0 0 0 14 4 0 0 0 0 19 0 0 0 10 2 0 54 0 77 90 0 89 0 0 10 0 0 
0 0 0 0 0 1 0 1 0 41 0 0 0 0 0 144 1736 1303 611 0 0 0 2 0 11 0 0 0 860 1000 0 522 0 77 0 0 51 0 0 0 0 0 0 0 0 0 0 0 0 0 0 0 0 0 0 0 0 0 0 0 0 0 0 0 0 0 0 0 0 0 0 0 0 0 0 0 0 0 0 0 0 0 0 
50 0 0 0 0 0 5 0 0 0 0 0 0 0 21 0 72 4247 557 155 0 0 8 0 191 0 0 49 5 927 522 0 2105 356 0 0 39 0 0 0 0 0 0 0 0 0 0 0 0 0 0 0 0 0 0 18 0 0 0 6 528 0 0 0 0 0 0 0 0 4 0 0 9 0 2 4 0 2 0 0 1 0 0 
0 0 0 0 0 0 0 0 0 0 0 0 0 0 0 0 0 159 0 0 0 0 0 0 0 0 0 0 0 0 0 2105 0 0 0 0 0 0 0 0 0 0 0 0 0 0 0 0 0 0 0 0 0 0 0 0 0 0 0 0 0 0 0 0 0 0 0 0 0 0 0 0 0 0 0 0 0 0 0 0 0 0 0 
2783 1053 3 36 3394 341 1874 351 1081 1769 0 384 8 0 52 1645 1867 3054 2616 442 0 0 68 0 420 0 2 571 225 346 77 356 0 0 158 0 147 0 2 0 0 289 0 0 0 0 0 31 0 0 0 0 8 0 0 60 0 0 0 18 1554 0 0 0 0 1 0 0 0 16 1 0 14 0 13 6 2 4 0 0 1 0 0 
1 3343 12 0 4233 0 3951 3751 3149 23822 0 0 3457 0 0 4559 31 3153 6 0 0 0 0 0 118 0 0 0 0 0 0 0 0 158 0 197 917 0 0 310 4 0 0 0 0 4 125 680 2443 67 0 0 0 0 0 0 0 0 0 0 6 0 0 0 0 0 0 0 0 0 0 0 0 0 315 157 51 1647 25 0 0 0 215 
257 3952 108 5 3902 0 11214 352 0 2945 0 4 208 0 0 483 0 85 0 0 0 0 0 0 0 0 0 0 0 0 0 0 0 0 197 0 56 0 95 488 0 3 0 0 0 1 15 205 7 2 0 0 150 0 0 0 0 0 0 0 19 0 0 0 0 0 0 0 0 0 0 0 0 0 25 21 9 323 5 0 0 0 35 
1043 8685 12 26 8186 628 4315 1397 3773 15381 0 0 1330 0 0 4059 1277 2572 1817 0 0 0 44 0 2818 1 25 221 1716 532 51 39 0 147 917 56 0 0 0 35 0 33 0 0 0 0 4 39 94 0 0 0 0 0 0 5 0 0 177 1 164 0 0 0 0 29 0 0 0 5 0 0 24 0 88 527 1 892 0 0 35 1 2365 
0 142 0 0 74 0 87 0 0 0 0 0 0 0 0 0 0 0 0 0 0 0 0 0 0 0 0 0 0 0 0 0 0 0 0 0 0 0 0 0 0 0 0 0 0 0 0 0 0 0 0 0 0 0 0 0 0 0 0 0 0 0 0 0 0 0 0 0 0 0 0 0 0 0 0 0 0 0 0 0 0 0 11579 
83 0 0 24 0 0 0 0 0 0 0 62 0 0 0 0 0 0 0 0 0 0 0 0 0 0 0 0 0 0 0 0 0 2 0 95 0 0 0 0 0 218 0 0 0 0 0 18 0 0 0 0 150 0 0 0 0 0 0 0 0 0 0 0 0 0 0 0 0 0 0 0 0 0 0 0 1 0 0 0 0 0 0 
0 0 0 0 0 0 0 0 0 0 0 0 0 0 1 1 0 0 0 0 0 0 0 9 652 15 6 0 1 0 0 0 0 0 310 488 35 0 0 0 0 0 0 0 0 0 0 0 0 0 0 0 0 0 0 0 0 0 72 2 35 0 0 0 0 0 0 0 0 0 0 0 0 0 0 1 0 1 0 0 0 0 2 
0 0 0 0 0 0 0 0 0 0 0 0 0 0 0 0 0 0 0 0 0 0 0 0 13 0 13 33 0 0 0 0 0 0 4 0 0 0 0 0 0 0 0 0 0 0 0 0 0 0 0 0 0 0 0 0 0 0 0 0 0 0 0 0 0 0 0 0 0 0 0 0 0 0 0 0 0 0 0 0 0 0 11 
50 0 0 4 0 0 0 0 0 0 0 175 0 0 28 0 0 30 2 0 0 0 57 0 0 0 0 0 2 1 0 0 0 289 0 3 33 0 218 0 0 0 1411 0 1588 14 0 492 0 0 0 0 1016 0 0 0 0 0 0 11 42 0 0 291 0 0 0 0 501 15 433 0 282 0 1124 0 59 3355 0 136 0 0 0 
0 0 0 0 0 0 0 0 0 0 0 0 0 0 0 0 0 0 0 0 0 0 0 0 0 0 0 0 0 0 0 0 0 0 0 0 0 0 0 0 0 1411 0 0 0 13 0 0 0 0 0 0 0 0 0 0 0 0 0 0 0 0 0 0 0 0 0 0 0 0 0 0 0 0 93 0 2248 7369 19 0 0 0 0 
5 0 0 0 0 0 0 0 0 0 0 0 0 0 0 0 0 0 0 0 0 0 0 0 0 0 0 0 0 0 0 0 0 0 0 0 0 0 0 0 0 0 0 0 1337 0 0 0 0 0 0 0 188 0 0 0 0 0 0 0 0 0 0 0 0 0 0 0 0 0 0 0 0 0 0 0 0 0 0 0 0 0 0 
0 0 0 0 0 0 0 0 0 0 0 0 0 0 11 0 0 0 0 0 0 0 0 0 0 0 0 0 0 0 0 0 0 0 0 0 0 0 0 0 0 1588 0 1337 0 0 0 292 797 0 0 0 604 0 0 0 0 0 0 0 0 0 0 8 0 0 0 0 37 0 46 0 0 0 0 0 0 0 0 0 0 0 121 
0 0 0 0 0 0 0 17 0 0 0 0 0 0 0 0 0 0 0 0 0 0 0 0 0 0 0 0 0 0 0 0 0 0 4 1 0 0 0 0 0 14 13 0 0 0 110 73 29 15 0 0 0 0 0 0 0 0 0 0 0 0 0 0 0 0 0 0 0 0 0 0 0 0 5298 93 1130 9559 121 0 0 0 0 
0 0 0 0 0 0 0 473 0 10 0 0 110 0 0 0 0 0 0 0 0 0 0 0 0 0 0 0 0 0 0 0 0 0 125 15 4 0 0 0 0 0 0 0 0 110 0 20 2116 8128 1102 0 0 0 0 0 932 0 0 0 0 0 0 0 0 0 0 0 0 0 0 0 0 0 21 0 0 0 0 0 0 0 0 
991 103 2387 77 0 0 8919 1495 0 19 0 229 628 0 81 0 0 165 32 5 0 0 230 0 0 0 0 0 4 0 0 0 0 31 680 205 39 0 18 0 0 492 0 0 292 73 20 0 8023 3581 4 0 2746 2340 0 0 0 0 0 140 122 0 0 210 0 0 0 0 63 6 183 0 44 0 688 284 10778 8980 314 16 0 0 5 
0 0 88 0 0 1 432 6647 1976 3519 0 56 701 18 0 1 0 0 1 0 0 0 0 0 0 0 0 0 0 0 0 0 0 0 2443 7 94 0 0 0 0 0 0 0 797 29 2116 8023 0 293 29 731 3092 8807 1811 0 3 0 0 0 0 0 0 0 0 0 0 0 0 0 0 0 0 0 2109 6298 1631 7612 0 0 0 0 6695 
0 0 0 0 0 0 0 238 0 0 0 0 7 0 0 0 0 0 0 0 0 0 0 0 0 0 0 0 0 0 0 0 0 0 67 2 0 0 0 0 0 0 0 0 0 15 8128 3581 293 0 8567 0 0 0 0 0 4 0 0 0 0 0 0 0 0 0 0 0 0 0 0 0 0 0 1275 3571 313 1306 0 0 0 0 539 
0 0 0 0 0 0 0 59 0 2302 0 0 0 20 0 0 0 0 0 0 0 0 0 0 0 0 0 0 0 0 0 0 0 0 0 0 0 0 0 0 0 0 0 0 0 0 1102 4 29 8567 0 300 0 0 157 0 10552 7999 5 0 0 0 0 0 0 0 0 0 0 0 480 2717 2 6 1038 15599 783 14787 139 0 53 0 5877 
0 0 0 0 0 0 0 2 0 1423 0 0 0 38 0 80 0 0 0 0 0 0 0 0 0 0 0 0 0 0 0 0 0 0 0 0 0 0 0 0 0 0 0 0 0 0 0 0 731 0 300 0 0 0 2211 0 25 0 0 0 0 0 0 0 0 0 0 0 0 0 0 0 0 0 0 1065 46 0 0 0 0 0 0 
91 0 7 11 0 0 0 0 0 0 0 19 0 0 0 0 0 0 0 0 0 0 0 0 0 0 0 0 0 0 0 0 0 8 0 150 0 0 150 0 0 1016 0 188 604 0 0 2746 3092 0 0 0 0 0 0 0 0 0 0 0 0 0 0 0 0 0 0 0 0 0 0 0 0 0 0 0 0 0 0 0 0 0 0 
0 0 0 0 0 0 29 661 25 0 0 0 0 0 0 0 0 0 0 0 0 0 0 0 0 0 0 0 0 0 0 0 0 0 0 0 0 0 0 0 0 0 0 0 0 0 0 2340 8807 0 0 0 0 0 0 0 0 0 0 0 0 0 0 0 0 0 0 0 0 0 0 0 0 0 0 0 0 0 0 0 0 0 0 
0 0 0 0 0 0 0 753 14 535 0 0 0 19 0 331 0 57 0 0 0 0 0 0 0 0 0 0 0 0 0 0 0 0 0 0 0 0 0 0 0 0 0 0 0 0 0 0 1811 0 157 2211 0 0 0 103 35 0 93 0 2125 0 0 0 0 0 0 0 0 0 0 0 0 0 0 0 0 0 0 0 0 0 0 
0 0 0 0 0 0 0 0 0 0 0 0 0 0 2 0 0 532 233 154 0 0 24 0 19 0 0 0 0 0 0 18 0 60 0 0 5 0 0 0 0 0 0 0 0 0 0 0 0 0 0 0 0 0 103 0 0 0 1648 2 4048 2447 0 342 1 0 9 0 0 2 0 0 13 0 6 0 0 2 0 0 0 0 0 
0 0 0 0 0 0 0 0 0 422 0 0 0 1 0 100 0 0 0 0 0 0 0 0 0 0 0 0 0 0 0 0 0 0 0 0 0 0 0 0 0 0 0 0 0 0 932 0 3 4 10552 25 0 0 35 0 0 11350 328 0 5 0 0 0 0 0 0 0 0 0 6 162 3 90 5115 3401 33 4847 0 0 0 0 148 
0 0 0 0 0 0 0 0 0 0 0 0 0 0 0 0 0 0 0 0 0 0 0 0 0 0 0 0 0 0 0 0 0 0 0 0 0 0 0 0 0 0 0 0 0 0 0 0 0 0 7999 0 0 0 0 0 11350 0 2257 195 0 0 0 0 0 0 0 0 0 0 660 6890 229 6 5 0 0 0 0 0 0 0 0 
0 0 0 0 0 0 0 0 0 0 0 0 0 0 2111 1309 0 909 0 75 16 0 2 0 0 0 0 0 0 0 0 0 0 0 0 0 177 0 0 72 0 0 0 0 0 0 0 0 0 0 5 0 0 0 93 1648 328 2257 0 13399 237 199 60 349 3 0 0 0 0 103 341 5 157 49 84 5498 506 2359 3 0 0 0 37 
0 0 0 0 0 0 0 0 0 0 0 0 0 0 1831 0 0 2513 506 779 550 0 545 0 4 0 0 0 1 14 0 6 0 18 0 0 1 0 0 2 0 11 0 0 0 0 0 140 0 0 0 0 0 0 0 2 0 195 13399 0 9405 321 0 3337 0 24 0 0 0 3608 3707 511 95 0 108 1 0 28 0 0 0 0 0 
0 0 0 0 0 0 0 0 0 310 0 0 0 1 1564 3044 0 5370 4282 568 1 0 895 0 279 0 0 0 9 4 0 528 0 1554 6 19 164 0 0 35 0 42 0 0 0 0 0 122 0 0 0 0 0 0 2125 4048 5 0 237 9405 0 10 0 0 80 5 15 0 0 1536 159 0 850 12 795 228 2 2618 1 0 14 1 0 
0 0 0 0 0 0 0 0 0 0 0 0 0 0 990 0 0 8 0 14 16 1 0 2 0 0 0 0 0 0 0 0 0 0 0 0 0 0 0 0 0 0 0 0 0 0 0 0 0 0 0 0 0 0 0 2447 0 0 199 321 10 0 63 13 1186 46 95 0 0 754 0 0 0 0 0 0 0 0 0 0 0 0 0 
0 0 0 0 0 0 0 0 0 0 0 0 0 0 0 0 0 0 0 0 2 0 0 0 0 0 0 0 0 0 0 0 0 0 0 0 0 0 0 0 0 0 0 0 0 0 0 0 0 0 0 0 0 0 0 0 0 0 60 0 0 63 0 525 264 34 0 0 0 419 0 0 0 0 0 0 0 0 0 0 0 0 0 
0 0 0 0 0 0 0 0 0 0 0 0 0 0 1789 0 0 5 0 9 1 0 10 0 0 0 0 0 0 0 0 0 0 0 0 0 0 0 0 0 0 291 0 0 8 0 0 210 0 0 0 0 0 0 0 342 0 0 349 3337 0 13 525 0 1438 1947 0 0 0 8382 201 0 381 0 207 0 0 20 0 0 0 0 0 
0 0 0 0 0 0 0 0 0 0 0 0 0 0 0 0 0 0 0 0 46 37 0 0 0 0 0 0 0 0 0 0 0 0 0 0 0 0 0 0 0 0 0 0 0 0 0 0 0 0 0 0 0 0 0 1 0 0 3 0 80 1186 264 1438 0 75 0 0 0 733 0 0 0 0 0 0 0 0 0 0 0 0 0 
0 0 0 0 0 0 0 0 0 0 0 0 0 0 0 0 0 0 1 0 1 6 3 0 0 0 0 0 12 19 0 0 0 1 0 0 29 0 0 0 0 0 0 0 0 0 0 0 0 0 0 0 0 0 0 0 0 0 0 24 5 46 34 1947 75 0 26 4 4 3115 1 0 0 0 0 10 0 277 0 0 480 20 0 
0 0 0 0 0 0 0 0 0 0 0 0 0 0 0 0 0 0 0 0 0 0 0 0 0 0 0 0 0 0 0 0 0 0 0 0 0 0 0 0 0 0 0 0 0 0 0 0 0 0 0 0 0 0 0 9 0 0 0 0 15 95 0 0 0 26 0 0 0 0 0 0 0 0 0 0 0 0 0 0 394 0 0 
0 0 0 0 0 0 0 0 0 0 0 0 0 0 0 0 0 0 0 0 0 0 1 0 0 0 0 0 0 0 0 0 0 0 0 0 0 0 0 0 0 0 0 0 0 0 0 0 0 0 0 0 0 0 0 0 0 0 0 0 0 0 0 0 0 4 0 0 0 0 0 0 0 0 0 1 0 160 2 0 7 38 0 
0 0 0 0 0 0 0 0 0 0 0 0 0 0 0 0 0 0 0 0 0 0 0 0 0 0 0 0 1 0 0 0 0 0 0 0 0 0 0 0 0 501 0 0 37 0 0 63 0 0 0 0 0 0 0 0 0 0 0 0 0 0 0 0 0 4 0 0 0 0 0 0 0 0 914 0 0 258 110 0 0 367 0 
0 0 0 0 0 0 0 0 0 0 0 0 0 0 63 0 0 847 231 73 52 82 1291 0 2 0 0 0 7 10 0 4 0 16 0 0 5 0 0 0 0 15 0 0 0 0 0 6 0 0 0 0 0 0 0 2 0 0 103 3608 1536 754 419 8382 733 3115 0 0 0 0 1717 4 58 0 20 1 0 177 2 0 128 0 0 
0 0 0 0 0 0 0 0 0 0 0 0 0 0 0 0 0 6 0 0 0 0 5 0 0 0 0 0 0 2 0 0 0 1 0 0 0 0 0 0 0 433 0 0 46 0 0 183 0 0 480 0 0 0 0 0 6 660 341 3707 159 0 0 201 0 1 0 0 0 1717 0 0 1328 0 86 0 0 40 0 0 1 0 0 
0 0 0 0 0 0 0 0 0 0 0 0 0 0 0 0 0 0 0 0 0 0 0 0 0 0 0 0 0 0 0 0 0 0 0 0 0 0 0 0 0 0 0 0 0 0 0 0 0 0 2717 0 0 0 0 0 162 6890 5 511 0 0 0 0 0 0 0 0 0 4 0 0 369 0 8 0 0 0 0 0 0 0 0 
0 0 0 0 0 0 0 0 0 0 0 0 0 0 9 0 0 264 31 40 0 0 234 0 0 0 0 0 16 54 0 9 0 14 0 0 24 0 0 0 0 282 0 0 0 0 0 44 0 0 2 0 0 0 0 13 3 229 157 95 850 0 0 381 0 0 0 0 0 58 1328 369 0 376 536 0 0 17 0 0 0 0 0 
0 0 0 0 0 0 0 0 0 0 0 0 0 0 0 0 0 0 0 0 0 0 0 0 0 0 0 0 0 0 0 0 0 0 0 0 0 0 0 0 0 0 0 0 0 0 0 0 0 0 6 0 0 0 0 0 90 6 49 0 12 0 0 0 0 0 0 0 0 0 0 0 376 0 25 0 0 0 0 0 0 0 0 
0 0 0 0 0 0 0 167 0 2 0 0 8 0 50 0 0 547 150 41 1 0 807 0 0 0 0 0 30 77 0 2 0 13 315 25 88 0 0 0 0 1124 93 0 0 5298 21 688 2109 1275 1038 0 0 0 0 6 5115 5 84 108 795 0 0 207 0 0 0 0 914 20 86 8 536 25 0 0 14 99 0 0 0 0 0 
0 0 0 0 0 0 0 261 0 15 0 0 0 0 0 0 0 118 47 9 0 0 65 0 0 0 0 0 54 90 0 4 0 6 157 21 527 0 0 1 0 0 0 0 0 93 0 284 6298 3571 15599 1065 0 0 0 0 3401 0 5498 1 228 0 0 0 0 10 0 1 0 1 0 0 0 0 0 0 374 71 2 0 111 221 2211 
183 0 13 9 0 0 242 279 0 5 0 0 0 0 0 0 0 0 0 0 0 0 0 0 0 0 0 0 0 0 0 0 0 2 51 9 1 0 1 0 0 59 2248 0 0 1130 0 10778 1631 313 783 46 0 0 0 0 33 0 506 0 2 0 0 0 0 0 0 0 0 0 0 0 0 0 14 374 0 45 0 0 5 0 307 
61 0 3 4 0 0 25 574 0 35 0 0 2 0 36 0 0 191 21 21 0 0 134 0 2 0 0 0 145 89 0 2 0 4 1647 323 892 0 0 1 0 3355 7369 0 0 9559 0 8980 7612 1306 14787 0 0 0 0 2 4847 0 2359 28 2618 0 0 20 0 277 0 160 258 177 40 0 17 0 99 71 45 0 0 0 173 0 2181 
0 0 0 0 0 0 0 22 0 0 0 0 0 0 0 0 0 0 0 0 0 0 0 0 0 0 0 0 0 0 0 0 0 0 25 5 0 0 0 0 0 0 19 0 0 121 0 314 0 0 139 0 0 0 0 0 0 0 3 0 1 0 0 0 0 0 0 2 110 2 0 0 0 0 0 2 0 0 0 0 0 0 2877 
3 0 0 0 0 0 0 0 0 0 0 0 0 0 0 0 0 0 0 0 0 0 0 0 0 0 0 0 0 0 0 0 0 0 0 0 0 0 0 0 0 136 0 0 0 0 0 16 0 0 0 0 0 0 0 0 0 0 0 0 0 0 0 0 0 0 0 0 0 0 0 0 0 0 0 0 0 0 0 0 0 0 0 
0 0 0 0 0 0 0 0 0 0 0 0 0 0 0 0 0 5 2 0 0 0 2 0 0 0 0 0 17 10 0 1 0 1 0 0 35 0 0 0 0 0 0 0 0 0 0 0 0 0 53 0 0 0 0 0 0 0 0 0 14 0 0 0 0 480 394 7 0 128 1 0 0 0 0 111 5 173 0 0 0 114 1 
0 0 0 0 0 0 0 0 0 0 0 0 0 0 0 0 0 0 0 0 0 0 0 0 0 0 0 0 0 0 0 0 0 0 0 0 1 0 0 0 0 0 0 0 0 0 0 0 0 0 0 0 0 0 0 0 0 0 0 0 1 0 0 0 0 20 0 38 367 0 0 0 0 0 0 221 0 0 0 0 114 0 43 
38 9 0 0 0 0 3 5 0 0 0 0 0 0 0 0 0 0 0 0 0 0 0 0 1 0 0 0 0 0 0 0 0 0 215 35 2365 11579 0 2 11 0 0 0 121 0 0 5 6695 539 5877 0 0 0 0 0 148 0 37 0 0 0 0 0 0 0 0 0 0 0 0 0 0 0 0 2211 307 2181 2877 0 1 43 0 
