0 1178 247 617 251 0 591 0 0 0 0 514 0 0 0 0 0 0 0 0 0 0 0 0 0 0 0 0 0 0 0 1055 0 1701 0 11 0 0 101 0 0 55 0 1524 79 0 0 2245 0 0 0 0 40 0 0 0 0 0 0 0 0 0 0 0 0 0 0 0 0 0 0 0 0 0 0 0 0 0 0 0 0 0 0 
1178 0 0 0 356 0 244 0 0 0 0 0 0 0 0 0 0 0 0 0 25 861 113 912 216 0 0 755 0 1 0 5100 0 3310 288 240 2363 54 0 0 0 0 0 0 0 0 0 0 0 0 0 0 0 0 0 0 0 0 0 0 0 0 0 0 0 0 0 0 0 3 8 0 72 35 100 317 4 876 0 2 0 0 15 
247 0 0 252 0 0 0 0 0 0 0 39 640 0 0 0 0 0 0 0 0 0 0 0 0 0 0 0 0 0 0 43 0 1289 0 231 27 0 145 0 0 8 0 405 13 0 0 2254 8 0 0 0 3 0 0 0 0 0 0 0 0 0 0 0 0 0 0 0 0 0 0 0 0 0 0 0 0 0 0 41 0 0 0 
617 0 252 0 0 0 0 248 0 0 0 11 451 0 0 0 0 0 0 0 0 0 0 0 0 0 0 0 0 0 0 0 0 1 29 0 0 0 0 0 0 1 0 994 44 0 0 2058 4 0 0 0 20 0 0 0 0 0 0 0 0 0 0 0 0 0 0 0 0 0 0 0 0 0 0 0 0 0 0 0 0 0 0 
251 356 0 0 0 51 124 27 0 55 0 0 0 0 0 0 0 0 0 0 0 41 0 38 0 0 0 0 0 0 0 0 0 5059 0 0 1759 0 0 0 0 0 0 0 0 0 0 0 0 0 0 0 0 0 0 0 0 0 0 0 0 0 0 0 0 0 0 0 0 0 0 0 1 0 0 0 0 2 0 0 0 0 0 
0 0 0 0 51 0 109 1571 1167 2229 0 0 0 0 0 7 72 3 0 0 0 7 0 4 0 0 0 0 2 47 0 0 0 937 0 0 1111 0 0 0 0 0 0 0 0 0 0 0 0 0 0 0 0 0 0 0 0 0 0 0 0 0 0 0 0 0 0 0 0 0 0 0 0 0 0 0 0 0 0 0 0 0 0 
591 244 0 0 124 109 0 1338 88 122 0 1 978 0 0 3 7 0 0 0 31 565 221 1480 786 0 11 1129 0 5 0 2618 0 2498 3041 8158 11799 719 92 0 0 2 0 492 5 0 0 9911 12471 0 0 0 32 0 1 0 0 0 0 0 1 0 3 0 0 0 0 0 0 1 4 0 71 18 86 761 9 1674 0 250 0 0 94 
0 0 0 248 27 1571 1338 0 2483 4124 14 451 21436 7414 0 1214 2157 0 0 12 0 0 0 0 0 0 0 0 0 22 1 0 0 600 15526 1363 11417 375 0 0 0 0 0 0 0 0 0 458 39392 0 3758 1169 4 768 172 0 0 0 0 0 0 0 0 0 0 0 0 0 0 0 0 0 0 0 33 6 0 61 0 0 0 0 1646 
0 0 0 0 0 1167 88 2483 0 5808 0 0 0 0 0 77 1318 17 0 0 0 0 0 0 0 0 0 0 4 339 1 0 0 5 0 0 133 0 0 0 0 0 0 0 0 0 0 0 0 0 0 0 0 0 0 0 0 0 0 0 0 0 0 0 0 0 0 0 0 0 0 0 0 0 0 0 0 0 0 0 0 0 0 
0 0 0 0 55 2229 122 4124 5808 0 640 0 0 7593 0 1675 2955 1 0 0 0 0 0 0 0 0 0 0 14 559 2 0 0 4427 20348 2239 9173 3 0 0 0 0 0 0 0 0 0 0 135 0 8676 1080 0 0 288 0 0 0 0 0 0 0 0 0 0 0 0 0 0 0 0 0 0 0 0 0 0 0 0 0 0 0 17639 
0 0 0 0 0 0 0 14 0 640 0 0 0 2941 0 435 0 1373 0 496 0 0 0 0 0 0 0 0 0 0 0 0 0 0 0 0 0 0 0 0 0 0 0 0 0 0 0 0 2 0 9 2 0 0 10 0 0 0 0 0 0 0 0 0 0 0 0 0 0 0 0 0 0 0 0 0 0 0 0 0 0 0 0 
514 0 39 11 0 0 1 451 0 0 0 0 141 1 0 0 0 0 0 0 0 0 0 0 0 0 0 0 0 0 0 0 0 29 0 0 0 0 0 0 0 0 0 13 3 0 0 0 0 0 0 0 1 0 0 0 0 0 0 0 0 0 0 0 0 0 0 0 0 0 0 0 0 0 0 0 0 0 0 0 0 0 0 
0 0 640 451 0 0 978 21436 0 0 0 141 0 102 4 0 0 0 0 114 0 0 0 0 0 0 0 0 0 0 0 0 0 0 0 0 0 0 0 1 0 0 0 1 1 0 0 98 721 0 0 0 7 0 1 0 0 0 0 0 0 0 0 0 0 0 0 0 0 0 0 0 0 0 0 0 0 0 0 0 0 0 0 
0 0 0 0 0 0 0 7414 0 7593 2941 1 102 0 1027 1567 0 3720 0 12171 0 0 0 0 8 11 0 0 0 0 0 0 0 3 116 13 45 0 0 30 0 0 0 0 0 0 0 0 58 0 11 17 0 0 2 0 0 0 12 0 39 0 0 0 0 0 0 0 0 0 0 0 0 0 0 114 3 0 0 0 0 0 0 
0 0 0 0 0 0 0 0 0 0 0 0 4 1027 0 0 0 427 0 5792 178 4 0 6 88 223 0 0 0 1 105 1094 723 770 1197 0 3020 57 0 232 0 0 0 0 0 0 0 0 0 0 0 0 0 0 0 2 0 0 0 0 149 4 0 0 1 0 2 0 0 0 0 0 6 3 0 4 0 2 0 0 49 0 1593 
0 0 0 0 0 7 3 1214 77 1675 435 0 0 1567 0 0 3946 114 83 0 0 0 7 0 0 0 0 0 2183 565 20 0 0 1284 5139 1064 15514 0 0 9 0 0 0 0 0 0 0 0 0 0 0 10 0 0 25 3 0 0 16 0 37 0 0 0 0 0 0 0 0 0 0 0 0 0 0 67 0 0 0 4 0 0 3738 
0 0 0 0 0 72 7 2157 1318 2955 0 0 0 0 0 3946 0 1317 1682 0 0 0 0 0 0 0 0 0 52 4548 4247 20 0 5052 0 0 2449 0 0 0 0 0 0 0 0 0 0 0 0 0 0 0 0 0 0 0 0 0 0 0 0 0 0 0 0 0 0 0 0 0 0 0 0 0 0 0 0 0 0 0 0 0 0 
0 0 0 0 0 3 0 0 17 1 1373 0 0 3720 427 114 1317 0 15450 720 8 24 7410 3 2735 46 0 0 6912 324 2992 4360 545 2156 8670 1099 8171 0 0 152 0 0 0 0 0 0 0 0 0 0 0 3 0 0 44 435 0 0 4366 0 5313 2728 13 175 0 0 0 0 0 340 199 0 383 0 1 2129 60 8 0 7 0 0 1537 
0 0 0 0 0 0 0 0 0 0 0 0 0 0 0 83 1682 15450 0 0 0 0 592 0 437 0 0 0 3991 3497 515 1 0 0 0 0 14 0 0 0 0 0 0 0 0 0 0 0 0 0 0 0 0 0 0 0 0 0 0 0 0 0 0 0 0 0 0 0 0 0 0 0 0 0 0 0 0 0 0 0 0 0 0 
0 0 0 0 0 0 0 12 0 0 496 0 114 12171 5792 0 0 720 0 0 286 0 196 10 315 142 0 0 0 47 381 1433 131 24 129 1 83 0 0 913 0 0 0 0 0 0 0 0 0 0 0 0 0 0 0 635 0 0 244 0 4339 213 0 0 0 0 0 0 0 0 0 0 0 0 0 1 0 0 0 0 0 0 46 
0 25 0 0 0 0 31 0 0 0 0 0 0 0 178 0 0 8 0 286 0 711 291 582 0 0 0 0 0 0 0 20 0 379 0 0 207 0 0 0 0 0 0 0 0 0 0 1 0 0 0 0 0 0 0 20 0 0 3047 0 3890 3164 34 91 99 0 0 0 0 38 42 0 663 0 35 0 0 15 0 0 0 0 0 
0 861 0 0 41 7 565 0 0 0 0 0 0 0 4 0 0 24 0 0 711 0 508 1163 19 35 0 0 0 90 0 2290 0 4406 0 0 2109 0 0 0 0 0 0 0 0 0 0 0 0 0 0 0 0 0 0 0 0 0 11 0 0 29 5 30 0 0 0 0 0 0 3 0 132 0 0 0 0 2 0 0 0 0 0 
0 113 0 0 0 0 221 0 0 0 0 0 0 0 0 7 0 7410 592 196 291 508 0 683 2968 2 0 3 2002 1214 127 7107 4 4076 0 0 346 0 0 210 0 0 0 0 0 0 0 0 0 0 0 0 0 0 0 0 0 0 495 0 423 187 8 110 0 0 0 0 0 529 999 0 1642 0 11 0 0 190 0 0 0 0 0 
0 912 0 0 38 4 1480 0 0 0 0 0 0 0 6 0 0 3 0 10 582 1163 683 0 1467 148 0 5 188 273 5 1187 0 1006 1 0 288 0 0 140 0 0 0 0 0 0 0 0 0 0 0 0 0 0 0 0 0 0 0 0 2 4 3 1 0 0 0 0 0 0 0 0 19 0 0 0 0 0 0 0 0 0 0 
0 216 0 0 0 0 786 0 0 0 0 0 0 8 88 0 0 2735 437 315 0 19 2968 1467 0 120 0 2 207 25 0 160 0 3 447 0 327 0 0 916 0 0 0 0 0 0 0 0 0 0 0 0 0 0 0 0 0 0 0 0 0 0 0 0 0 0 0 0 0 0 0 0 0 0 0 0 0 0 0 0 0 0 0 
0 0 0 0 0 0 0 0 0 0 0 0 0 11 223 0 0 46 0 142 0 35 2 148 120 0 1 0 0 0 0 0 0 0 0 0 0 0 0 124 0 0 0 0 0 0 0 0 0 0 0 0 0 0 0 0 0 0 0 0 97 4 0 0 0 0 0 0 0 0 0 0 0 0 0 0 0 0 0 0 0 0 0 
0 0 0 0 0 0 11 0 0 0 0 0 0 0 0 0 0 0 0 0 0 0 0 0 0 1 0 0 0 0 0 0 0 3 29 0 1013 148 0 112 56 0 0 0 0 0 0 0 0 0 0 0 0 0 0 0 0 0 0 0 0 0 0 0 0 0 0 0 0 0 0 0 0 0 0 0 0 0 0 0 0 0 0 
0 755 0 0 0 0 1129 0 0 0 0 0 0 0 0 0 0 0 0 0 0 0 3 5 2 0 0 0 1 0 0 0 0 41 5 0 1088 138 0 2 0 0 0 0 0 0 0 0 0 0 0 0 0 0 0 0 0 0 0 0 0 0 0 0 0 0 0 0 0 0 0 0 0 0 0 0 0 0 0 0 0 0 0 
0 0 0 0 0 2 0 0 4 14 0 0 0 0 0 2183 52 6912 3991 0 0 0 2002 188 207 0 0 1 0 696 0 46 0 0 9 0 658 0 0 21 0 0 0 0 0 0 0 0 0 0 0 0 0 0 0 0 0 0 0 0 2 0 0 0 0 0 0 0 0 0 0 0 0 0 0 0 0 0 0 0 0 0 0 
0 1 0 0 0 47 5 22 339 559 0 0 0 0 1 565 4548 324 3497 47 0 90 1214 273 25 0 0 0 696 0 621 1822 0 59 0 0 3333 0 0 0 0 0 0 0 0 0 0 0 0 0 0 0 0 0 0 0 0 0 1 0 36 0 0 0 0 0 0 0 0 1 3 0 0 0 0 0 0 0 0 0 0 0 0 
0 0 0 0 0 0 0 1 1 2 0 0 0 0 105 20 4247 2992 515 381 0 0 127 5 0 0 0 0 0 621 0 2025 0 436 0 0 518 0 0 0 0 0 0 0 0 0 0 0 0 0 0 0 0 0 0 1 0 0 7 0 597 0 0 0 0 0 0 0 0 13 10 0 0 0 0 0 0 0 0 0 0 0 0 
1055 5100 43 0 0 0 2618 0 0 0 0 0 0 0 1094 0 20 4360 1 1433 20 2290 7107 1187 160 0 0 0 46 1822 2025 0 6 362 5 0 10 0 0 231 0 0 0 0 0 0 0 0 0 0 0 0 0 0 0 10 0 0 79 0 2332 0 0 0 0 0 0 0 0 61 174 0 55 5 0 0 0 0 0 0 0 0 0 
0 0 0 0 0 0 0 0 0 0 0 0 0 0 723 0 0 545 0 131 0 0 4 0 0 0 0 0 0 0 0 6 0 0 0 0 0 0 0 0 0 0 0 0 0 0 0 0 0 0 0 0 0 0 0 8 0 0 1 0 163 0 0 0 0 0 0 0 0 7 20 0 15 0 0 0 0 0 0 0 0 0 0 
1701 3310 1289 1 5059 937 2498 600 5 4427 0 29 0 3 770 1284 5052 2156 0 24 379 4406 4076 1006 3 0 3 41 0 59 436 362 0 0 0 0 48 0 16 0 0 0 0 0 0 0 0 0 0 0 0 0 0 0 0 37 0 0 131 0 958 12 6 2 0 0 0 0 0 114 472 0 1377 39 176 0 0 633 0 0 0 0 0 
0 288 0 29 0 0 3041 15526 0 20348 0 0 0 116 1197 5139 0 8670 0 129 0 0 0 1 447 0 29 5 9 0 0 5 0 0 0 2697 1859 614 8 83 302 0 0 0 0 0 0 257 156 0 30 0 0 0 23 57 0 0 0 0 507 0 0 0 0 0 0 0 0 0 0 0 44 96 63 1629 2 1631 0 0 0 0 755 
11 240 231 0 0 0 8158 1363 0 2239 0 0 0 13 0 1064 0 1099 0 1 0 0 0 0 0 0 0 0 0 0 0 0 0 0 2697 0 113 0 0 0 0 0 0 0 0 0 0 0 1 0 0 0 0 0 0 2 0 0 0 0 13 0 0 0 0 0 0 0 0 0 0 0 0 0 0 2 0 0 0 0 0 0 4 
0 2363 27 0 1759 1111 11799 11417 133 9173 0 0 0 45 3020 15514 2449 8171 14 83 207 2109 346 288 327 0 1013 1088 658 3333 518 10 0 48 1859 113 0 1 0 159 36 0 0 0 0 0 0 109 472 0 0 0 0 0 9 295 0 0 152 0 1366 13 39 4 0 0 0 0 0 317 2024 0 3931 1434 1781 5159 127 12460 2 2 0 0 5471 
0 54 0 0 0 0 719 375 0 3 0 0 0 0 57 0 0 0 0 0 0 0 0 0 0 0 148 138 0 0 0 0 0 0 614 0 1 0 0 108 38 0 0 0 0 0 0 14 8 0 0 0 0 0 0 44 0 0 0 0 17 0 0 0 0 0 0 0 0 18 50 0 48 93 19 48 0 138 0 0 0 0 5629 
101 0 145 0 0 0 92 0 0 0 0 0 0 0 0 0 0 0 0 0 0 0 0 0 0 0 0 0 0 0 0 0 0 16 8 0 0 0 0 0 0 0 0 0 0 0 0 0 0 0 0 0 0 0 0 0 0 0 0 0 0 0 0 0 0 0 0 0 0 0 0 0 0 0 0 0 0 0 0 0 0 0 0 
0 0 0 0 0 0 0 0 0 0 0 0 1 30 232 9 0 152 0 913 0 0 210 140 916 124 112 2 21 0 0 231 0 0 83 0 159 108 0 0 30 0 0 0 0 0 0 0 0 0 0 0 0 0 0 5 0 0 0 0 15 0 0 0 0 0 6 0 0 0 0 0 10 7 2 26 0 49 0 0 150 0 28 
0 0 0 0 0 0 0 0 0 0 0 0 0 0 0 0 0 0 0 0 0 0 0 0 0 0 56 0 0 0 0 0 0 0 302 0 36 38 0 30 0 0 0 0 0 0 0 0 0 0 0 0 0 0 0 0 0 0 0 0 0 0 0 0 0 0 0 0 0 0 0 0 0 0 0 0 0 0 0 0 0 0 6 
55 0 8 1 0 0 2 0 0 0 0 0 0 0 0 0 0 0 0 0 0 0 0 0 0 0 0 0 0 0 0 0 0 0 0 0 0 0 0 0 0 0 2859 498 38 1832 0 2035 0 0 0 0 58 0 0 0 0 0 0 0 0 0 0 0 2 119 0 0 135 124 0 0 208 0 722 0 1 15 0 39 0 0 0 
0 0 0 0 0 0 0 0 0 0 0 0 0 0 0 0 0 0 0 0 0 0 0 0 0 0 0 0 0 0 0 0 0 0 0 0 0 0 0 0 0 2859 0 0 0 5 0 0 0 0 0 0 0 0 0 0 0 0 0 0 0 0 0 0 6 117 0 0 146 116 0 0 448 0 830 3 2 1215 34 0 0 0 0 
1524 0 405 994 0 0 492 0 0 0 0 13 1 0 0 0 0 0 0 0 0 0 0 0 0 0 0 0 0 0 0 0 0 0 0 0 0 0 0 0 0 498 0 0 30 0 0 1 34 0 0 0 1893 0 0 0 0 0 0 0 0 0 0 0 0 0 0 0 0 0 0 0 0 0 0 0 31 0 0 18 0 0 0 
79 0 13 44 0 0 5 0 0 0 0 3 1 0 0 0 0 0 0 0 0 0 0 0 0 0 0 0 0 0 0 0 0 0 0 0 0 0 0 0 0 38 0 30 0 0 0 47 39 0 0 0 1356 0 0 0 0 0 0 0 0 0 0 0 0 0 0 0 0 0 0 0 0 0 20 12 0 3 0 3 0 4 0 
0 0 0 0 0 0 0 0 0 0 0 0 0 0 0 0 0 0 0 0 0 0 0 0 0 0 0 0 0 0 0 0 0 0 0 0 0 0 0 0 0 1832 5 0 0 0 417 7 0 0 0 0 0 0 0 0 0 0 0 0 0 0 0 0 25 27 0 0 0 56 0 0 2 0 8611 20 3 1907 47 0 0 0 4 
0 0 0 0 0 0 0 0 0 0 0 0 0 0 0 0 0 0 0 0 0 0 0 0 0 0 0 0 0 0 0 0 0 0 0 0 0 0 0 0 0 0 0 0 0 417 0 667 1703 4682 3074 0 0 0 0 0 27 15 371 0 0 0 0 0 0 0 0 0 0 35 1330 0 82 0 446 0 0 261 0 0 0 0 0 
2245 0 2254 2058 0 0 9911 458 0 0 0 0 98 0 0 0 0 0 0 0 1 0 0 0 0 0 0 0 0 0 0 0 0 0 257 0 109 14 0 0 0 2035 0 1 47 7 667 0 5541 3710 7 0 598 0 0 0 0 0 0 0 0 0 30 0 330 1007 2 0 505 399 0 0 1227 0 4922 3911 15051 13347 2011 1221 0 0 434 
0 0 8 4 0 0 12471 39392 0 135 2 0 721 58 0 0 0 0 0 0 0 0 0 0 0 0 0 0 0 0 0 0 0 0 156 1 472 8 0 0 0 0 0 34 39 0 1703 5541 0 452 2840 127 4107 14338 5553 2 31 0 0 0 85 0 0 0 0 0 0 0 0 3 80 0 0 0 7020 4926 882 12787 209 3 0 0 5325 
0 0 0 0 0 0 0 0 0 0 0 0 0 0 0 0 0 0 0 0 0 0 0 0 0 0 0 0 0 0 0 0 0 0 0 0 0 0 0 0 0 0 0 0 0 0 4682 3710 452 0 3391 0 0 0 0 0 28 0 9 0 0 0 0 0 0 0 0 0 0 2 130 0 1 0 338 0 0 1 0 0 0 0 0 
0 0 0 0 0 0 0 3758 0 8676 9 0 0 11 0 0 0 0 0 0 0 0 0 0 0 0 0 0 0 0 0 0 0 0 30 0 0 0 0 0 0 0 0 0 0 0 3074 7 2840 3391 0 2921 0 0 2355 0 1107 1202 426 0 0 0 0 0 0 0 0 0 0 1306 9820 499 718 0 6814 21957 1851 21190 240 0 0 0 13173 
0 0 0 0 0 0 0 1169 0 1080 2 0 0 17 0 10 0 3 0 0 0 0 0 0 0 0 0 0 0 0 0 0 0 0 0 0 0 0 0 0 0 0 0 0 0 0 0 0 127 0 2921 0 0 0 3273 62 442 0 0 0 1 0 0 0 0 0 0 0 0 0 0 0 0 0 0 44 12 0 0 0 0 0 0 
40 0 3 20 0 0 32 4 0 0 0 1 7 0 0 0 0 0 0 0 0 0 0 0 0 0 0 0 0 0 0 0 0 0 0 0 0 0 0 0 0 58 0 1893 1356 0 0 598 4107 0 0 0 0 0 0 0 0 0 0 0 0 0 0 0 0 0 0 0 0 0 0 0 0 0 0 0 0 0 0 0 0 0 0 
0 0 0 0 0 0 0 768 0 0 0 0 0 0 0 0 0 0 0 0 0 0 0 0 0 0 0 0 0 0 0 0 0 0 0 0 0 0 0 0 0 0 0 0 0 0 0 0 14338 0 0 0 0 0 191 35 0 0 0 0 388 0 0 0 0 0 0 0 0 0 0 0 0 0 0 0 0 0 0 0 0 0 0 
0 0 0 0 0 0 1 172 0 288 10 0 1 2 0 25 0 44 0 0 0 0 0 0 0 0 0 0 0 0 0 0 0 0 23 0 9 0 0 0 0 0 0 0 0 0 0 0 5553 0 2355 3273 0 191 0 27 1795 0 16 0 3303 0 0 0 0 0 0 0 0 0 0 0 0 0 0 123 2 181 0 0 0 0 153 
0 0 0 0 0 0 0 0 0 0 0 0 0 0 2 3 0 435 0 635 20 0 0 0 0 0 0 0 0 0 1 10 8 37 57 2 295 44 0 5 0 0 0 0 0 0 0 0 2 0 0 62 0 35 27 0 26 0 5 0 5434 1 0 0 26 1 246 32 0 1 85 0 890 403 70 200 0 542 0 0 643 0 87 
0 0 0 0 0 0 0 0 0 0 0 0 0 0 0 0 0 0 0 0 0 0 0 0 0 0 0 0 0 0 0 0 0 0 0 0 0 0 0 0 0 0 0 0 0 0 27 0 31 28 1107 442 0 0 1795 26 0 7311 54 0 0 0 0 0 0 0 0 0 0 3224 3434 94 34 0 3353 4679 127 11473 711 0 0 0 983 
0 0 0 0 0 0 0 0 0 0 0 0 0 0 0 0 0 0 0 0 0 0 0 0 0 0 0 0 0 0 0 0 0 0 0 0 0 0 0 0 0 0 0 0 0 0 15 0 0 0 1202 0 0 0 0 0 7311 0 1523 1080 1 0 0 0 0 0 0 0 0 1212 5817 3999 186 0 1056 0 0 14 0 0 0 0 0 
0 0 0 0 0 0 0 0 0 0 0 0 0 12 0 16 0 4366 0 244 3047 11 495 0 0 0 0 0 0 1 7 79 1 131 0 0 152 0 0 0 0 0 0 0 0 0 371 0 0 9 426 0 0 0 16 5 54 1523 0 19231 74 503 952 3085 109 759 0 0 0 11103 6172 0 1478 0 1602 4501 51 3693 507 0 0 0 968 
0 0 0 0 0 0 0 0 0 0 0 0 0 0 0 0 0 0 0 0 0 0 0 0 0 0 0 0 0 0 0 0 0 0 0 0 0 0 0 0 0 0 0 0 0 0 0 0 0 0 0 0 0 0 0 0 0 1080 19231 0 1771 9 0 1455 0 127 0 0 0 1765 7761 1665 0 0 0 0 0 0 0 0 0 0 0 
0 0 0 0 0 0 1 0 0 0 0 0 0 39 149 37 0 5313 0 4339 3890 0 423 2 0 97 0 0 2 36 597 2332 163 958 507 13 1366 17 0 15 0 0 0 0 0 0 0 0 85 0 0 1 0 388 3303 5434 0 1 74 1771 0 155 3 136 306 2 254 0 0 570 2507 0 2127 595 1310 831 61 2497 5 0 1424 0 425 
0 0 0 0 0 0 0 0 0 0 0 0 0 0 4 0 0 2728 0 213 3164 29 187 4 0 4 0 0 0 0 0 0 0 12 0 0 13 0 0 0 0 0 0 0 0 0 0 0 0 0 0 0 0 0 0 1 0 0 503 9 155 0 901 1341 303 195 0 0 0 470 236 0 82 0 3 0 0 1 0 0 0 0 0 
0 0 0 0 0 0 3 0 0 0 0 0 0 0 0 0 0 13 0 0 34 5 8 3 0 0 0 0 0 0 0 0 0 6 0 0 39 0 0 0 0 0 0 0 0 0 0 30 0 0 0 0 0 0 0 0 0 0 952 0 3 901 0 929 257 1 0 0 0 155 34 0 615 0 352 0 0 64 0 0 0 0 0 
0 0 0 0 0 0 0 0 0 0 0 0 0 0 0 0 0 175 0 0 91 30 110 1 0 0 0 0 0 0 0 0 0 2 0 0 4 0 0 0 0 0 0 0 0 0 0 0 0 0 0 0 0 0 0 0 0 0 3085 1455 136 1341 929 0 295 2001 0 0 0 988 156 0 1004 0 0 0 0 0 0 0 0 0 0 
0 0 0 0 0 0 0 0 0 0 0 0 0 0 1 0 0 0 0 0 99 0 0 0 0 0 0 0 0 0 0 0 0 0 0 0 0 0 0 0 0 2 6 0 0 25 0 330 0 0 0 0 0 0 0 26 0 0 109 0 306 303 257 295 0 21 0 0 0 1121 159 0 7385 0 981 72 0 328 0 0 1 0 0 
0 0 0 0 0 0 0 0 0 0 0 0 0 0 0 0 0 0 0 0 0 0 0 0 0 0 0 0 0 0 0 0 0 0 0 0 0 0 0 0 0 119 117 0 0 27 0 1007 0 0 0 0 0 0 0 1 0 0 759 127 2 195 1 2001 21 0 23 0 0 3255 1441 0 1109 0 222 544 0 1092 0 0 139 0 0 
0 0 0 0 0 0 0 0 0 0 0 0 0 0 2 0 0 0 0 0 0 0 0 0 0 0 0 0 0 0 0 0 0 0 0 0 0 0 0 6 0 0 0 0 0 0 0 2 0 0 0 0 0 0 0 246 0 0 0 0 254 0 0 0 0 23 0 4 0 12 0 0 0 0 0 0 0 7 0 0 208 0 0 
0 0 0 0 0 0 0 0 0 0 0 0 0 0 0 0 0 0 0 0 0 0 0 0 0 0 0 0 0 0 0 0 0 0 0 0 0 0 0 0 0 0 0 0 0 0 0 0 0 0 0 0 0 0 0 32 0 0 0 0 0 0 0 0 0 0 4 0 0 2 0 0 2 0 81 0 0 73 156 0 20 282 0 
0 0 0 0 0 0 0 0 0 0 0 0 0 0 0 0 0 0 0 0 0 0 0 0 0 0 0 0 0 0 0 0 0 0 0 0 0 0 0 0 0 135 146 0 0 0 0 505 0 0 0 0 0 0 0 0 0 0 0 0 0 0 0 0 0 0 0 0 0 0 0 0 51 0 259 13 0 396 160 0 116 104 0 
0 3 0 0 0 0 1 0 0 0 0 0 0 0 0 0 0 340 0 0 38 0 529 0 0 0 0 0 0 1 13 61 7 114 0 0 317 18 0 0 0 124 116 0 0 56 35 399 3 2 1306 0 0 0 0 1 3224 1212 11103 1765 570 470 155 988 1121 3255 12 2 0 0 987 0 1218 0 207 162 0 645 1 0 188 0 0 
0 8 0 0 0 0 4 0 0 0 0 0 0 0 0 0 0 199 0 0 42 3 999 0 0 0 0 0 0 3 10 174 20 472 0 0 2024 50 0 0 0 0 0 0 0 0 1330 0 80 130 9820 0 0 0 0 85 3434 5817 6172 7761 2507 236 34 156 159 1441 0 0 0 987 0 543 1119 0 26 0 0 8 0 0 0 0 10 
0 0 0 0 0 0 0 0 0 0 0 0 0 0 0 0 0 0 0 0 0 0 0 0 0 0 0 0 0 0 0 0 0 0 0 0 0 0 0 0 0 0 0 0 0 0 0 0 0 0 499 0 0 0 0 0 94 3999 0 1665 0 0 0 0 0 0 0 0 0 0 543 0 965 0 0 0 0 0 0 0 0 0 0 
0 72 0 0 1 0 71 0 0 0 0 0 0 0 6 0 0 383 0 0 663 132 1642 19 0 0 0 0 0 0 0 55 15 1377 44 0 3931 48 0 10 0 208 448 0 0 2 82 1227 0 1 718 0 0 0 0 890 34 186 1478 0 2127 82 615 1004 7385 1109 0 2 51 1218 1119 965 0 148 507 0 0 279 0 0 0 0 193 
0 35 0 0 0 0 18 0 0 0 0 0 0 0 3 0 0 0 0 0 0 0 0 0 0 0 0 0 0 0 0 5 0 39 96 0 1434 93 0 7 0 0 0 0 0 0 0 0 0 0 0 0 0 0 0 403 0 0 0 0 595 0 0 0 0 0 0 0 0 0 0 0 148 0 3 0 0 1 0 0 0 0 147 
0 100 0 0 0 0 86 33 0 0 0 0 0 0 0 0 0 1 0 0 35 0 11 0 0 0 0 0 0 0 0 0 0 176 63 0 1781 19 0 2 0 722 830 0 20 8611 446 4922 7020 338 6814 0 0 0 0 70 3353 1056 1602 0 1310 3 352 0 981 222 0 81 259 207 26 0 507 3 0 107 4 588 0 2 0 2 79 
0 317 0 0 0 0 761 6 0 0 0 0 0 114 4 67 0 2129 0 1 0 0 0 0 0 0 0 0 0 0 0 0 0 0 1629 2 5159 48 0 26 0 0 3 0 12 20 0 3911 4926 0 21957 44 0 0 123 200 4679 0 4501 0 831 0 0 0 72 544 0 0 13 162 0 0 0 0 107 0 2568 1361 10 6 29 19 3530 
0 4 0 0 0 0 9 0 0 0 0 0 0 3 0 0 0 60 0 0 0 0 0 0 0 0 0 0 0 0 0 0 0 0 2 0 127 0 0 0 0 1 2 31 0 3 0 15051 882 0 1851 12 0 0 2 0 127 0 51 0 61 0 0 0 0 0 0 0 0 0 0 0 0 0 4 2568 0 302 0 4 0 0 22 
0 876 0 0 2 0 1674 61 0 0 0 0 0 0 2 0 0 8 0 0 15 2 190 0 0 0 0 0 0 0 0 0 0 633 1631 0 12460 138 0 49 0 15 1215 0 3 1907 261 13347 12787 1 21190 0 0 0 181 542 11473 14 3693 0 2497 1 64 0 328 1092 7 73 396 645 8 0 279 1 588 1361 302 0 0 0 9 0 4762 
0 0 0 0 0 0 0 0 0 0 0 0 0 0 0 0 0 0 0 0 0 0 0 0 0 0 0 0 0 0 0 0 0 0 0 0 2 0 0 0 0 0 34 0 0 47 0 2011 209 0 240 0 0 0 0 0 711 0 507 0 5 0 0 0 0 0 0 156 160 1 0 0 0 0 0 10 0 0 0 0 0 122 3761 
0 2 41 0 0 0 250 0 0 0 0 0 0 0 0 4 0 7 0 0 0 0 0 0 0 0 0 0 0 0 0 0 0 0 0 0 2 0 0 0 0 39 0 18 3 0 0 1221 3 0 0 0 0 0 0 0 0 0 0 0 0 0 0 0 0 0 0 0 0 0 0 0 0 0 2 6 4 0 0 0 0 0 0 
0 0 0 0 0 0 0 0 0 0 0 0 0 0 49 0 0 0 0 0 0 0 0 0 0 0 0 0 0 0 0 0 0 0 0 0 0 0 0 150 0 0 0 0 0 0 0 0 0 0 0 0 0 0 0 643 0 0 0 0 1424 0 0 0 1 139 208 20 116 188 0 0 0 0 0 29 0 9 0 0 0 27 98 
0 0 0 0 0 0 0 0 0 0 0 0 0 0 0 0 0 0 0 0 0 0 0 0 0 0 0 0 0 0 0 0 0 0 0 0 0 0 0 0 0 0 0 0 4 0 0 0 0 0 0 0 0 0 0 0 0 0 0 0 0 0 0 0 0 0 0 282 104 0 0 0 0 0 2 19 0 0 122 0 27 0 0 
0 15 0 0 0 0 94 1646 0 17639 0 0 0 0 1593 3738 0 1537 0 46 0 0 0 0 0 0 0 0 0 0 0 0 0 0 755 4 5471 5629 0 28 6 0 0 0 0 4 0 434 5325 0 13173 0 0 0 153 87 983 0 968 0 425 0 0 0 0 0 0 0 0 0 10 0 193 147 79 3530 22 4762 3761 0 98 0 0 
