0 252 1093 1547 137 0 817 0 0 0 0 210 0 0 0 0 0 0 0 0 0 0 0 0 1 0 0 53 0 1 0 116 0 4598 0 286 32 0 240 0 0 0 0 369 5 0 0 676 138 0 0 0 2 0 0 0 0 0 1 0 0 0 0 1 0 0 0 0 0 0 0 0 0 0 0 0 0 0 0 0 0 0 0 
252 0 0 0 0 0 0 0 0 0 0 0 0 0 0 0 0 18 1 0 0 6 4 1 26 0 0 4 0 259 0 473 0 3436 0 0 0 0 0 0 0 0 0 0 0 0 0 0 0 0 0 0 0 0 0 0 0 0 0 0 0 0 0 0 0 0 0 0 0 0 0 0 0 0 0 0 0 0 0 0 0 0 0 
1093 0 0 199 0 0 2 0 0 0 0 474 0 0 0 0 0 0 0 0 0 0 0 0 0 0 0 74 0 0 0 103 0 335 0 1189 46 0 572 0 0 0 0 708 224 0 0 5502 1860 0 0 0 0 0 0 0 0 0 0 0 0 0 0 0 0 0 0 0 0 0 0 0 0 0 0 0 0 0 0 0 0 0 0 
1547 0 199 0 0 0 0 73 0 0 0 60 0 0 0 0 0 0 0 0 0 0 0 0 0 0 0 0 0 0 0 0 0 0 0 3 0 0 28 0 0 0 0 2044 111 0 0 1243 318 0 0 0 18 0 0 0 0 0 0 0 0 0 0 0 0 0 0 0 0 0 0 0 0 0 0 0 0 0 0 0 0 0 0 
137 0 0 0 0 5 192 47 525 0 0 0 0 0 0 348 2 701 85 0 3 664 274 357 284 0 0 69 70 1080 0 3567 1 6617 221 17 891 31 0 0 0 0 0 0 0 0 0 0 0 0 0 0 0 0 0 0 0 0 6 0 0 36 2 213 7 0 0 0 0 0 0 0 0 0 0 4 0 3 0 0 7 0 94 
0 0 0 0 5 0 4 2320 4688 2085 0 0 0 0 0 61 0 22 7 0 0 0 0 0 0 0 0 0 14 7 0 5 0 1724 0 0 0 0 0 0 0 0 0 0 0 0 0 0 0 0 0 0 0 0 0 0 0 0 0 0 0 0 0 0 0 0 0 0 0 0 0 0 0 0 0 0 0 0 0 0 0 0 0 
817 0 2 0 192 4 0 1075 3185 0 0 1392 1 0 0 136 126 730 170 0 1 587 160 501 348 0 0 477 65 1126 24 5091 25 4836 6793 13111 7172 1689 70 0 0 0 0 102 182 0 0 9986 19270 0 0 0 0 0 0 0 0 0 10 0 0 99 6 844 4 0 0 0 0 0 0 0 68 0 34 5 0 356 0 0 21 0 388 
0 0 0 73 47 2320 1075 0 426 1167 50 4238 7376 1336 0 217 0 626 3 677 0 2 0 0 0 0 0 0 8 30 0 66 0 565 21131 3193 5787 3 0 0 0 0 0 0 0 0 0 541 79031 0 2133 6154 0 232 371 0 0 0 0 0 0 0 0 0 0 0 0 0 0 0 0 0 0 0 0 0 577 11 0 0 0 0 3251 
0 0 0 0 525 4688 3185 426 0 2805 0 0 0 0 0 27 4 76 98 0 0 2 0 0 0 0 0 0 45 142 1 208 0 865 1846 105 4375 5 0 0 0 0 0 0 0 0 0 0 170 0 0 0 0 0 0 0 0 0 0 0 0 0 0 0 0 0 0 0 0 0 0 0 2 0 0 0 0 0 0 0 0 0 1624 
0 0 0 0 0 2085 0 1167 2805 0 1147 0 19 2542 0 5428 2204 1310 2437 0 0 0 0 0 0 0 0 0 141 3641 12 0 0 10242 22999 281 4505 290 0 1694 1 0 0 0 0 0 0 0 641 0 20888 5752 0 0 167 0 3 0 1852 0 404 0 0 0 0 0 0 0 0 0 0 0 0 0 0 0 24 0 0 0 0 0 11138 
0 0 0 0 0 0 0 50 0 1147 0 0 22 1639 0 19 0 0 0 21 0 0 0 0 0 0 0 0 0 0 0 0 0 0 0 0 0 0 0 0 0 0 0 0 0 0 0 0 104 0 1061 186 0 0 80 0 0 0 105 0 0 0 0 0 0 0 0 0 0 0 0 0 0 0 0 0 0 0 0 0 0 0 0 
210 0 474 60 0 0 1392 4238 0 0 0 0 235 1 0 0 0 0 0 45 0 0 0 0 0 0 0 0 0 0 0 0 0 0 0 0 0 0 50 0 0 0 0 41 12 0 0 56 100 0 0 0 1 0 0 0 0 0 0 0 0 0 0 0 0 0 0 0 0 0 0 0 0 0 0 0 0 0 0 0 0 0 0 
0 0 0 0 0 0 1 7376 0 19 22 235 0 657 10 0 0 0 0 1627 0 0 0 0 0 0 0 0 0 0 0 0 0 0 0 0 0 0 0 0 0 0 0 0 0 0 0 0 353 0 0 0 0 3 0 9 0 0 0 0 6 0 0 0 0 0 0 0 0 0 0 0 0 0 0 0 0 0 0 0 0 0 0 
0 0 0 0 0 0 0 1336 0 2542 1639 1 657 0 423 118 0 1267 0 4984 6 0 0 5 0 0 0 0 0 0 0 0 0 0 0 0 0 0 0 55 0 0 0 0 0 0 0 0 33 0 97 218 0 0 3 1 0 0 128 0 346 0 0 0 0 0 0 0 0 0 0 0 0 0 0 0 0 0 0 0 0 0 0 
0 0 0 0 0 0 0 0 0 0 0 0 10 423 0 0 0 2429 0 9701 1369 48 0 220 8 246 13 0 1 0 0 0 0 0 1 0 0 0 0 8 0 0 0 0 0 0 0 0 0 0 0 0 0 0 0 0 0 0 333 1 99 23 27 0 9 0 4 0 0 0 0 0 3 0 0 252 0 194 556 0 6 0 343 
0 0 0 0 348 61 136 217 27 5428 19 0 0 118 0 0 1223 999 335 1 0 0 0 0 0 0 0 0 363 1239 18 309 15 1586 2091 46 6638 79 0 1812 0 0 0 0 0 0 0 0 0 0 151 0 0 0 19 0 0 0 1133 0 60 0 0 0 0 0 0 0 0 0 0 0 0 0 0 0 31 0 0 0 0 0 2933 
0 0 0 0 2 0 126 0 4 2204 0 0 0 0 0 1223 0 1098 596 0 0 0 0 0 0 0 0 0 0 1662 2044 30 0 13985 0 0 20 0 0 0 0 0 0 0 0 0 0 0 0 0 0 0 0 0 0 0 0 0 0 0 0 0 0 0 0 0 0 0 0 0 0 0 0 0 0 0 0 0 0 0 0 0 0 
0 18 0 0 701 22 730 626 76 1310 0 0 0 1267 2429 999 1098 0 1268 376 183 182 3392 2 1576 0 0 0 3508 7699 1161 4552 1 865 19039 678 6588 44 0 612 0 0 0 0 0 0 0 0 0 0 18 0 0 0 28 253 0 0 23229 13 3625 4821 1085 5944 36 0 0 0 0 1 1 0 6 0 0 8075 261 2269 2658 0 0 0 4208 
0 1 0 0 85 7 170 3 98 2437 0 0 0 0 0 335 596 1268 0 0 0 0 1193 0 2065 0 0 0 1732 2348 364 159 0 814 0 0 2936 9 0 5 2 0 0 0 0 0 0 0 0 0 0 0 0 0 0 0 0 0 307 0 0 0 0 33 0 0 0 0 0 0 0 0 0 0 0 0 0 0 0 0 0 0 4 
0 0 0 0 0 0 0 677 0 0 21 45 1627 4984 9701 1 0 376 0 0 402 0 0 101 15 31 7 0 0 0 0 0 0 3 0 0 1 0 0 940 0 0 0 0 0 0 0 0 67 0 107 0 0 0 109 172 0 0 3680 17 816 363 79 176 69 0 0 0 0 0 0 0 0 0 0 24 0 371 472 0 0 0 221 
0 0 0 0 3 0 1 0 0 0 0 0 0 6 1369 0 0 183 0 402 0 1245 49 4097 422 12 0 0 0 0 0 8 0 9 0 0 0 0 0 26 0 0 0 0 0 0 0 0 0 0 0 0 0 0 0 327 0 0 213 0 457 937 1310 268 607 0 0 0 0 0 0 0 0 0 0 0 0 0 0 0 3 0 0 
0 6 0 0 664 0 587 2 2 0 0 0 0 0 48 0 0 182 0 0 1245 0 373 189 2 0 0 0 1471 284 0 1093 0 1878 0 0 359 0 0 0 0 0 0 0 0 0 0 0 0 0 0 0 0 0 0 20 0 0 558 0 108 1021 1381 4681 82 0 0 0 0 0 0 0 0 0 0 0 0 0 0 0 0 0 0 
0 4 0 0 274 0 160 0 0 0 0 0 0 0 0 0 0 3392 1193 0 49 373 0 224 3479 0 0 0 3575 956 51 752 0 1101 0 0 55 0 0 0 0 0 0 0 0 0 0 0 0 0 0 0 0 0 0 0 0 0 186 0 0 232 67 1631 0 0 0 0 0 0 0 0 0 0 0 0 0 1 0 0 0 0 0 
0 1 0 0 357 0 501 0 0 0 0 0 0 5 220 0 0 2 0 101 4097 189 224 0 1552 1 0 0 376 1718 0 3963 0 1398 1 0 12 0 0 0 0 0 0 0 0 0 0 0 0 0 0 0 0 0 0 3 0 0 6 0 0 18 76 3 153 0 0 0 0 0 0 0 0 0 0 2 0 0 0 0 18 0 0 
1 26 0 0 284 0 348 0 0 0 0 0 0 0 8 0 0 1576 2065 15 422 2 3479 1552 0 289 61 2 2342 1932 41 525 0 240 5 0 352 0 0 431 0 0 0 0 0 0 0 0 0 0 0 0 0 0 0 3 0 0 32 0 0 9 41 10 44 0 51 0 0 0 0 0 0 0 0 2 0 3 0 0 14 0 0 
0 0 0 0 0 0 0 0 0 0 0 0 0 0 246 0 0 0 0 31 12 0 0 1 289 0 313 1 3 0 0 0 0 0 0 0 0 0 0 161 80 0 0 0 0 0 0 0 0 0 0 0 0 0 0 20 0 0 0 0 0 41 313 0 377 0 23 0 0 0 0 0 0 0 0 15 0 0 0 0 157 0 0 
0 0 0 0 0 0 0 0 0 0 0 0 0 0 13 0 0 0 0 7 0 0 0 0 61 313 0 1 0 0 0 0 0 0 0 0 47 0 0 1069 27 0 0 0 0 0 0 0 0 0 0 0 0 0 0 1 0 0 0 0 0 0 0 0 0 0 28 0 0 0 0 0 0 0 0 5 0 0 0 0 14 0 0 
53 4 74 0 69 0 477 0 0 0 0 0 0 0 0 0 0 0 0 0 0 0 0 0 2 1 1 0 0 0 0 0 0 44 0 0 1855 592 0 84 10 0 0 0 0 0 0 0 0 0 0 0 0 0 0 0 0 0 0 0 0 0 0 0 0 0 0 0 0 0 0 0 0 0 0 0 0 0 0 0 0 0 0 
0 0 0 0 70 14 65 8 45 141 0 0 0 0 1 363 0 3508 1732 0 0 1471 3575 376 2342 3 0 0 0 831 2 67 0 106 193 0 2342 0 0 1637 0 0 0 0 0 0 0 0 0 0 0 0 0 0 0 8 0 0 0 0 0 0 26 0 122 0 8 0 0 0 0 0 0 0 0 2 0 1 0 0 27 0 0 
1 259 0 0 1080 7 1126 30 142 3641 0 0 0 0 0 1239 1662 7699 2348 0 0 284 956 1718 1932 0 0 0 831 0 478 511 0 1973 17 0 2547 2 0 229 0 0 0 0 0 0 0 0 0 0 0 0 0 0 0 0 0 0 1 0 0 3 6 0 4 0 1 0 0 0 0 0 0 0 0 0 0 0 0 0 0 0 0 
0 0 0 0 0 0 24 0 1 12 0 0 0 0 0 18 2044 1161 364 0 0 0 51 0 41 0 0 0 2 478 0 166 0 27 0 0 3 0 0 0 0 0 0 0 0 0 0 0 0 0 0 0 0 0 0 0 0 0 0 0 0 0 0 0 0 0 0 0 0 0 0 0 0 0 0 0 0 0 0 0 0 0 0 
116 473 103 0 3567 5 5091 66 208 0 0 0 0 0 0 309 30 4552 159 0 8 1093 752 3963 525 0 0 0 67 511 166 0 168 2247 0 0 1595 161 0 0 0 0 0 0 0 0 0 0 0 0 0 0 0 0 0 0 0 0 30 0 0 104 12 204 4 0 0 0 0 0 0 0 2 0 0 0 0 1 0 0 0 0 0 
0 0 0 0 1 0 25 0 0 0 0 0 0 0 0 15 0 1 0 0 0 0 0 0 0 0 0 0 0 0 0 168 0 38 0 0 6 0 0 0 0 0 0 0 0 0 0 0 0 0 0 0 0 0 0 0 0 0 0 0 0 0 0 0 0 0 0 0 0 0 0 0 0 0 0 0 0 0 0 0 0 0 0 
4598 3436 335 0 6617 1724 4836 565 865 10242 0 0 0 0 0 1586 13985 865 814 3 9 1878 1101 1398 240 0 0 44 106 1973 27 2247 38 0 69 0 18 0 0 5 0 0 0 0 0 0 0 0 0 0 0 0 0 0 0 0 0 0 123 0 0 173 20 1283 4 0 0 0 0 3 1 0 2 0 1 2 0 7 1 0 13 0 183 
0 0 0 0 221 0 6793 21131 1846 22999 0 0 0 0 1 2091 0 19039 0 0 0 0 0 1 5 0 0 0 193 17 0 0 0 69 0 681 269 16 0 184 44 0 0 0 0 0 0 0 0 0 0 0 0 0 0 0 0 0 0 0 0 0 0 0 0 0 0 0 0 0 0 0 1 0 2 1617 1 1041 452 0 120 0 678 
286 0 1189 3 17 0 13111 3193 105 281 0 0 0 0 0 46 0 678 0 0 0 0 0 0 0 0 0 0 0 0 0 0 0 0 681 0 0 1 0 0 0 0 0 16 2 0 0 13 0 0 1 0 0 0 0 0 0 0 0 0 0 0 0 0 0 0 0 0 0 0 0 0 0 0 0 0 0 0 0 0 0 0 0 
32 0 46 0 891 0 7172 5787 4375 4505 0 0 0 0 0 6638 20 6588 2936 1 0 359 55 12 352 0 47 1855 2342 2547 3 1595 6 18 269 0 0 2 0 191 1 0 0 0 0 0 0 0 0 0 0 0 0 0 0 0 0 0 1599 0 0 8 68 1982 1 0 0 0 0 0 0 0 85 0 44 0 0 3740 525 0 1 0 831 
0 0 0 0 31 0 1689 3 5 290 0 0 0 0 0 79 0 44 9 0 0 0 0 0 0 0 0 592 0 2 0 161 0 0 16 1 2 0 0 3 0 0 0 0 0 0 0 0 0 0 0 0 0 0 0 0 0 0 0 0 0 0 0 0 0 0 0 0 0 0 0 0 0 0 0 0 0 26 16 0 0 0 2105 
240 0 572 28 0 0 70 0 0 0 0 50 0 0 0 0 0 0 0 0 0 0 0 0 0 0 0 0 0 0 0 0 0 0 0 0 0 0 0 0 0 0 0 65 6 0 0 33 0 0 0 0 0 0 0 0 0 0 0 0 0 0 0 0 0 0 0 0 0 0 0 0 0 0 0 0 0 0 0 0 0 0 0 
0 0 0 0 0 0 0 0 0 1694 0 0 0 55 8 1812 0 612 5 940 26 0 0 0 431 161 1069 84 1637 229 0 0 0 5 184 0 191 3 0 0 126 0 0 0 0 0 0 0 0 0 0 0 0 0 0 59 0 0 0 0 0 0 0 0 3 0 501 38 0 0 0 0 0 0 0 112 0 1 6 0 969 0 2 
0 0 0 0 0 0 0 0 0 1 0 0 0 0 0 0 0 0 2 0 0 0 0 0 0 80 27 10 0 0 0 0 0 0 44 0 1 0 0 126 0 0 0 0 0 0 0 0 0 0 0 0 0 0 0 0 0 0 0 0 0 0 0 0 0 0 0 0 0 0 0 0 0 0 0 0 0 0 0 0 0 0 23 
0 0 0 0 0 0 0 0 0 0 0 0 0 0 0 0 0 0 0 0 0 0 0 0 0 0 0 0 0 0 0 0 0 0 0 0 0 0 0 0 0 0 101 926 640 225 0 4473 0 0 0 0 25 0 0 0 0 0 0 0 0 0 0 0 0 0 0 0 12 0 0 0 335 0 1888 0 3 0 0 20 0 0 0 
0 0 0 0 0 0 0 0 0 0 0 0 0 0 0 0 0 0 0 0 0 0 0 0 0 0 0 0 0 0 0 0 0 0 0 0 0 0 0 0 0 101 0 0 0 517 0 0 0 0 0 0 0 0 0 0 0 0 0 0 0 0 0 4 74 517 0 0 0 11 0 0 3224 0 1123 22 183 329 154 0 0 0 0 
369 0 708 2044 0 0 102 0 0 0 0 41 0 0 0 0 0 0 0 0 0 0 0 0 0 0 0 0 0 0 0 0 0 0 0 16 0 0 65 0 0 926 0 0 176 0 0 0 0 0 0 0 680 0 0 0 0 0 0 0 0 0 0 0 0 0 0 0 0 0 0 0 0 0 0 0 127 0 0 124 0 0 0 
5 0 224 111 0 0 182 0 0 0 0 12 0 0 0 0 0 0 0 0 0 0 0 0 0 0 0 0 0 0 0 0 0 0 0 2 0 0 6 0 0 640 0 176 0 0 0 133 1487 0 0 0 455 0 0 0 0 0 0 0 0 0 0 0 0 0 0 0 0 0 0 0 3 0 0 0 0 0 0 0 0 0 0 
0 0 0 0 0 0 0 0 0 0 0 0 0 0 0 0 0 0 0 0 0 0 0 0 0 0 0 0 0 0 0 0 0 0 0 0 0 0 0 0 0 225 517 0 0 0 96 86 120 230 0 0 0 0 0 0 0 0 0 0 0 0 0 36 11 235 0 0 0 0 0 0 260 0 7376 2 13 1847 12 0 0 0 0 
0 0 0 0 0 0 0 0 0 0 0 0 0 0 0 0 0 0 0 0 0 0 0 0 0 0 0 0 0 0 0 0 0 0 0 0 0 0 0 0 0 0 0 0 0 96 0 423 3724 7954 7092 0 0 0 0 0 16 0 30 0 0 0 0 0 0 0 0 0 0 47 174 0 0 0 720 0 0 1 0 0 0 0 0 
676 0 5502 1243 0 0 9986 541 0 0 0 56 0 0 0 0 0 0 0 0 0 0 0 0 0 0 0 0 0 0 0 0 0 0 0 13 0 0 33 0 0 4473 0 0 133 86 423 0 3292 999 437 0 723 0 0 0 0 0 0 0 0 0 0 34 137 1948 0 0 106 260 0 0 7405 0 4702 336 16021 9338 1699 212 0 0 16 
138 0 1860 318 0 0 19270 79031 170 641 104 100 353 33 0 0 0 0 0 67 0 0 0 0 0 0 0 0 0 0 0 0 0 0 0 0 0 0 0 0 0 0 0 0 1487 120 3724 3292 0 8325 433 1528 1123 3902 2220 0 0 0 0 0 201 0 0 0 0 0 0 0 0 0 0 0 0 0 1230 15679 5627 23768 317 0 0 0 455 
0 0 0 0 0 0 0 0 0 0 0 0 0 0 0 0 0 0 0 0 0 0 0 0 0 0 0 0 0 0 0 0 0 0 0 0 0 0 0 0 0 0 0 0 0 230 7954 999 8325 0 10381 0 0 0 0 0 80 0 111 2 0 0 0 0 0 0 0 0 0 53 32 0 0 0 105 0 0 158 0 0 0 0 0 
0 0 0 0 0 0 0 2133 0 20888 1061 0 0 97 0 151 0 18 0 107 0 0 0 0 0 0 0 0 0 0 0 0 0 0 0 1 0 0 0 0 0 0 0 0 0 0 7092 437 433 10381 0 631 0 6 264 0 7718 6771 1724 651 51 0 0 29 0 0 0 0 0 2949 11238 41 619 48 2448 26805 1350 3839 24 0 0 0 2901 
0 0 0 0 0 0 0 6154 0 5752 186 0 0 218 0 0 0 0 0 0 0 0 0 0 0 0 0 0 0 0 0 0 0 0 0 0 0 0 0 0 0 0 0 0 0 0 0 0 1528 0 631 0 0 48 3083 0 17 0 275 0 674 0 0 0 0 0 0 0 0 0 0 0 0 0 0 0 0 0 0 0 0 0 0 
2 0 0 18 0 0 0 0 0 0 0 1 0 0 0 0 0 0 0 0 0 0 0 0 0 0 0 0 0 0 0 0 0 0 0 0 0 0 0 0 0 25 0 680 455 0 0 723 1123 0 0 0 0 1 0 0 0 0 0 0 0 0 0 0 0 0 0 0 0 0 0 0 0 0 0 0 1 0 0 0 0 0 0 
0 0 0 0 0 0 0 232 0 0 0 0 3 0 0 0 0 0 0 0 0 0 0 0 0 0 0 0 0 0 0 0 0 0 0 0 0 0 0 0 0 0 0 0 0 0 0 0 3902 0 6 48 1 0 170 52 0 0 0 0 2033 0 0 0 0 0 0 0 0 0 0 0 0 0 0 0 0 0 0 0 0 0 0 
0 0 0 0 0 0 0 371 0 167 80 0 0 3 0 19 0 28 0 109 0 0 0 0 0 0 0 0 0 0 0 0 0 0 0 0 0 0 0 0 0 0 0 0 0 0 0 0 2220 0 264 3083 0 170 0 534 0 0 45 0 5157 0 0 0 0 0 0 0 0 0 0 0 0 0 0 0 0 0 0 0 0 0 0 
0 0 0 0 0 0 0 0 0 0 0 0 9 1 0 0 0 253 0 172 327 20 0 3 3 20 1 0 8 0 0 0 0 0 0 0 0 0 0 59 0 0 0 0 0 0 0 0 0 0 0 0 0 52 534 0 0 0 1357 111 5476 816 289 0 62 0 5 3 0 4 24 0 174 34 0 1483 0 1492 97 0 5 2 1254 
0 0 0 0 0 0 0 0 0 3 0 0 0 0 0 0 0 0 0 0 0 0 0 0 0 0 0 0 0 0 0 0 0 0 0 0 0 0 0 0 0 0 0 0 0 0 16 0 0 80 7718 17 0 0 0 0 0 4923 413 68 3 0 0 0 0 0 0 0 0 124 1330 1 306 359 493 5264 0 7196 1 0 0 0 4763 
0 0 0 0 0 0 0 0 0 0 0 0 0 0 0 0 0 0 0 0 0 0 0 0 0 0 0 0 0 0 0 0 0 0 0 0 0 0 0 0 0 0 0 0 0 0 0 0 0 0 6771 0 0 0 0 0 4923 0 1822 153 0 0 0 0 0 0 0 0 0 83 7358 1124 441 72 131 0 0 114 0 0 0 0 0 
1 0 0 0 6 0 10 0 0 1852 105 0 0 128 333 1133 0 23229 307 3680 213 558 186 6 32 0 0 0 0 1 0 30 0 123 0 0 1599 0 0 0 0 0 0 0 0 0 30 0 0 111 1724 275 0 0 45 1357 413 1822 0 16855 709 835 1444 1267 122 103 0 0 0 4262 4387 0 4951 2212 774 11036 813 11985 339 0 11 0 2008 
0 0 0 0 0 0 0 0 0 0 0 0 0 0 1 0 0 13 0 17 0 0 0 0 0 0 0 0 0 0 0 0 0 0 0 0 0 0 0 0 0 0 0 0 0 0 0 0 0 2 651 0 0 0 0 111 68 153 16855 0 1268 0 0 3991 0 4892 0 0 0 4155 6057 783 2480 0 0 0 0 3785 225 0 9 0 178 
0 0 0 0 0 0 0 0 0 404 0 0 6 346 99 60 0 3625 0 816 457 108 0 0 0 0 0 0 0 0 0 0 0 0 0 0 0 0 0 0 0 0 0 0 0 0 0 0 201 0 51 674 0 2033 5157 5476 3 0 709 1268 0 1167 151 0 1 0 0 1 0 2 29 0 189 9 0 211 0 1402 11 0 78 0 417 
0 0 0 0 36 0 99 0 0 0 0 0 0 0 23 0 0 4821 0 363 937 1021 232 18 9 41 0 0 0 3 0 104 0 173 0 0 8 0 0 0 0 0 0 0 0 0 0 0 0 0 0 0 0 0 0 816 0 0 835 0 1167 0 1936 364 2720 0 0 0 0 0 0 0 0 0 0 0 0 0 0 0 37 0 0 
0 0 0 0 2 0 6 0 0 0 0 0 0 0 27 0 0 1085 0 79 1310 1381 67 76 41 313 0 0 26 6 0 12 0 20 0 0 68 0 0 0 0 0 0 0 0 0 0 0 0 0 0 0 0 0 0 289 0 0 1444 0 151 1936 0 77 1314 0 0 0 0 0 0 0 5 0 0 0 0 446 0 0 28 0 0 
1 0 0 0 213 0 844 0 0 0 0 0 0 0 0 0 0 5944 33 176 268 4681 1631 3 10 0 0 0 0 0 0 204 0 1283 0 0 1982 0 0 0 0 0 4 0 0 36 0 34 0 0 29 0 0 0 0 0 0 0 1267 3991 0 364 77 0 167 1634 0 0 0 2343 385 0 2584 0 113 0 0 1054 2 0 0 0 0 
0 0 0 0 7 0 4 0 0 0 0 0 0 0 9 0 0 36 0 69 607 82 0 153 44 377 0 0 122 4 0 4 0 4 0 0 1 0 0 3 0 0 74 0 0 11 0 137 0 0 0 0 0 0 0 62 0 0 122 0 1 2720 1314 167 0 490 0 0 0 542 155 0 2074 0 296 10 0 2495 32 0 160 0 0 
0 0 0 0 0 0 0 0 0 0 0 0 0 0 0 0 0 0 0 0 0 0 0 0 0 0 0 0 0 0 0 0 0 0 0 0 0 0 0 0 0 0 517 0 0 235 0 1948 0 0 0 0 0 0 0 0 0 0 103 4892 0 0 0 1634 490 0 226 1 29 9036 310 0 1397 0 173 26 0 5097 9 1 397 24 0 
0 0 0 0 0 0 0 0 0 0 0 0 0 0 4 0 0 0 0 0 0 0 0 0 51 23 28 0 8 1 0 0 0 0 0 0 0 0 0 501 0 0 0 0 0 0 0 0 0 0 0 0 0 0 0 5 0 0 0 0 0 0 0 0 0 226 0 84 0 0 0 0 0 0 0 0 0 0 0 0 207 3 0 
0 0 0 0 0 0 0 0 0 0 0 0 0 0 0 0 0 0 0 0 0 0 0 0 0 0 0 0 0 0 0 0 0 0 0 0 0 0 0 38 0 0 0 0 0 0 0 0 0 0 0 0 0 0 0 3 0 0 0 0 1 0 0 0 0 1 84 0 0 0 0 0 0 0 0 0 0 1 0 0 61 0 0 
0 0 0 0 0 0 0 0 0 0 0 0 0 0 0 0 0 0 0 0 0 0 0 0 0 0 0 0 0 0 0 0 0 0 0 0 0 0 0 0 0 12 0 0 0 0 0 106 0 0 0 0 0 0 0 0 0 0 0 0 0 0 0 0 0 29 0 0 0 0 0 0 0 0 264 0 0 7 447 0 19 0 0 
0 0 0 0 0 0 0 0 0 0 0 0 0 0 0 0 0 1 0 0 0 0 0 0 0 0 0 0 0 0 0 0 0 3 0 0 0 0 0 0 0 0 11 0 0 0 47 260 0 53 2949 0 0 0 0 4 124 83 4262 4155 2 0 0 2343 542 9036 0 0 0 0 1267 0 269 0 64 19 0 1896 20 0 732 0 0 
0 0 0 0 0 0 0 0 0 0 0 0 0 0 0 0 0 1 0 0 0 0 0 0 0 0 0 0 0 0 0 0 0 1 0 0 0 0 0 0 0 0 0 0 0 0 174 0 0 32 11238 0 0 0 0 24 1330 7358 4387 6057 29 0 0 385 155 310 0 0 0 1267 0 821 1954 1 120 61 0 2037 12 0 533 0 0 
0 0 0 0 0 0 0 0 0 0 0 0 0 0 0 0 0 0 0 0 0 0 0 0 0 0 0 0 0 0 0 0 0 0 0 0 0 0 0 0 0 0 0 0 0 0 0 0 0 0 41 0 0 0 0 0 1 1124 0 783 0 0 0 0 0 0 0 0 0 0 821 0 1565 0 0 0 0 6 0 0 0 0 0 
0 0 0 0 0 0 68 0 2 0 0 0 0 0 3 0 0 6 0 0 0 0 0 0 0 0 0 0 0 0 0 2 0 2 1 0 85 0 0 0 0 335 3224 0 3 260 0 7405 0 0 619 0 0 0 0 174 306 441 4951 2480 189 0 5 2584 2074 1397 0 0 0 269 1954 1565 0 1 924 1 0 1467 549 0 93 0 0 
0 0 0 0 0 0 0 0 0 0 0 0 0 0 0 0 0 0 0 0 0 0 0 0 0 0 0 0 0 0 0 0 0 0 0 0 0 0 0 0 0 0 0 0 0 0 0 0 0 0 48 0 0 0 0 34 359 72 2212 0 9 0 0 0 0 0 0 0 0 0 1 0 1 0 21 0 0 61 0 0 0 0 0 
0 0 0 0 0 0 34 0 0 0 0 0 0 0 0 0 0 0 0 0 0 0 0 0 0 0 0 0 0 0 0 0 0 1 2 0 44 0 0 0 0 1888 1123 0 0 7376 720 4702 1230 105 2448 0 0 0 0 0 493 131 774 0 0 0 0 113 296 173 0 0 264 64 120 0 924 21 0 0 0 128 0 0 0 0 0 
0 0 0 0 4 0 5 0 0 0 0 0 0 0 252 0 0 8075 0 24 0 0 0 2 2 15 5 0 2 0 0 0 0 2 1617 0 0 0 0 112 0 0 22 0 0 2 0 336 15679 0 26805 0 0 0 0 1483 5264 0 11036 0 211 0 0 0 10 26 0 0 0 19 61 0 1 0 0 0 1413 771 492 0 27 31 1313 
0 0 0 0 0 0 0 577 0 24 0 0 0 0 0 31 0 261 0 0 0 0 0 0 0 0 0 0 0 0 0 0 0 0 1 0 0 0 0 0 0 3 183 127 0 13 0 16021 5627 0 1350 0 1 0 0 0 0 0 813 0 0 0 0 0 0 0 0 0 0 0 0 0 0 0 0 1413 0 99 49 1 0 0 390 
0 0 0 0 3 0 356 11 0 0 0 0 0 0 194 0 0 2269 0 371 0 0 1 0 3 0 0 0 1 0 0 1 0 7 1041 0 3740 26 0 1 0 0 329 0 0 1847 1 9338 23768 158 3839 0 0 0 0 1492 7196 114 11985 3785 1402 0 446 1054 2495 5097 0 1 7 1896 2037 6 1467 61 128 771 99 0 109 0 125 0 890 
0 0 0 0 0 0 0 0 0 0 0 0 0 0 556 0 0 2658 0 472 0 0 0 0 0 0 0 0 0 0 0 0 0 1 452 0 525 16 0 6 0 0 154 0 0 12 0 1699 317 0 24 0 0 0 0 97 1 0 339 225 11 0 0 2 32 9 0 0 447 20 12 0 549 0 0 492 49 109 0 0 27 4 1131 
0 0 0 0 0 0 0 0 0 0 0 0 0 0 0 0 0 0 0 0 0 0 0 0 0 0 0 0 0 0 0 0 0 0 0 0 0 0 0 0 0 20 0 124 0 0 0 212 0 0 0 0 0 0 0 0 0 0 0 0 0 0 0 0 0 1 0 0 0 0 0 0 0 0 0 0 1 0 0 0 0 0 0 
0 0 0 0 7 0 21 0 0 0 0 0 0 0 6 0 0 0 0 0 3 0 0 18 14 157 14 0 27 0 0 0 0 13 120 0 1 0 0 969 0 0 0 0 0 0 0 0 0 0 0 0 0 0 0 5 0 0 11 9 78 37 28 0 160 397 207 61 19 732 533 0 93 0 0 27 0 125 27 0 0 167 22 
0 0 0 0 0 0 0 0 0 0 0 0 0 0 0 0 0 0 0 0 0 0 0 0 0 0 0 0 0 0 0 0 0 0 0 0 0 0 0 0 0 0 0 0 0 0 0 0 0 0 0 0 0 0 0 2 0 0 0 0 0 0 0 0 0 24 3 0 0 0 0 0 0 0 0 31 0 0 4 0 167 0 2 
0 0 0 0 94 0 388 3251 1624 11138 0 0 0 0 343 2933 0 4208 4 221 0 0 0 0 0 0 0 0 0 0 0 0 0 183 678 0 831 2105 0 2 23 0 0 0 0 0 0 16 455 0 2901 0 0 0 0 1254 4763 0 2008 178 417 0 0 0 0 0 0 0 0 0 0 0 0 0 0 1313 390 890 1131 0 22 2 0 
