0 1138 1 134 9 0 8 0 0 2 0 201 0 0 0 0 0 0 0 0 0 50 7 1 0 0 0 0 3 6 0 3778 0 5495 0 3360 2054 98 797 63 1 987 0 1030 270 0 0 0 2 0 0 0 145 0 0 0 0 0 0 0 0 0 0 0 0 0 0 0 0 0 0 0 0 0 25 0 0 0 0 0 0 0 0 
1138 0 0 0 201 0 26 0 0 2 0 0 0 0 0 1 0 2 0 0 15 395 109 319 1 0 0 0 333 788 0 4472 0 431 0 198 3910 4 0 1 0 0 0 0 0 0 0 0 0 0 0 0 0 0 0 0 0 0 0 0 0 0 0 0 0 0 0 0 0 0 0 0 0 0 0 0 0 0 0 0 0 0 0 
1 0 0 1699 0 0 0 0 0 0 0 97 0 0 0 0 0 0 0 0 0 0 0 0 0 0 0 0 0 0 0 0 0 0 0 0 0 0 3 0 0 757 0 2211 50 0 0 5 53 0 0 0 52 0 0 0 0 0 0 0 0 0 0 0 0 0 0 0 0 0 0 0 0 0 0 0 0 0 0 0 0 0 0 
134 0 1699 0 0 0 88 22 0 0 0 535 1 0 0 0 0 0 0 0 0 0 0 0 0 0 0 0 0 0 0 1 0 29 0 0 0 0 65 0 0 3 0 194 175 0 0 0 84 0 0 0 37 0 0 0 0 0 0 0 0 0 0 0 0 0 0 0 0 0 0 0 0 0 0 0 0 0 0 0 0 0 0 
9 201 0 0 0 665 1782 4069 0 98 0 0 94 0 0 2 2 461 116 42 110 1125 1195 1085 13 0 0 0 537 510 2 1230 0 4266 19 171 2383 193 0 0 0 0 0 0 0 1 0 1 1824 0 0 0 0 110 0 0 0 0 30 0 0 0 0 87 1 0 0 0 0 0 0 0 0 0 0 28 0 14 7 0 41 6 50 
0 0 0 0 665 0 60 7521 3006 6078 0 0 2 0 0 195 615 1 34 0 0 0 0 0 0 0 0 0 0 2509 1703 708 0 525 1 0 4 0 0 0 0 0 0 0 0 0 0 0 78 0 0 0 0 0 0 0 0 0 0 0 0 0 0 0 0 0 0 0 0 0 0 0 0 0 0 0 0 0 0 0 0 0 0 
8 26 0 88 1782 60 0 17364 2200 1029 0 278 2915 0 0 275 0 930 59 73 50 339 663 292 1 0 0 0 27 24 0 68 0 35 558 11067 4007 1536 7 0 0 4187 0 5962 79 0 0 3573 2304 0 0 0 94 5 0 0 0 0 4 1 0 0 0 72 0 0 0 0 0 0 0 0 0 0 1 2 1 4 5 3 16 0 329 
0 0 0 22 4069 7521 17364 0 5941 4437 571 3787 18834 4722 34 224 0 0 1 25 0 0 1 0 0 0 0 0 0 0 0 0 0 912 6346 1268 2248 1436 1 0 0 417 0 1276 0 1 0 1165 18101 0 1 0 5 71 3 0 0 0 0 0 0 0 0 0 0 0 0 0 0 0 0 0 0 0 0 2 0 0 0 0 0 0 3523 
0 0 0 0 0 3006 2200 5941 0 2804 0 0 0 0 0 127 1 0 0 0 0 0 0 0 0 0 0 0 0 21 8 1 0 0 0 0 0 0 0 0 0 0 0 0 0 0 0 0 0 0 0 0 0 0 0 0 0 0 0 0 0 0 0 0 0 0 0 0 0 0 0 0 0 0 0 0 0 0 0 0 0 0 0 
2 2 0 0 98 6078 1029 4437 2804 0 644 0 0 430 0 4862 4536 144 2476 16 0 0 3 0 0 0 0 0 0 10039 846 764 9 5245 12017 3021 14710 2401 0 0 0 0 0 0 0 0 0 0 5989 0 3309 618 0 0 44 0 1351 0 0 0 59 0 0 0 0 0 0 0 0 0 0 0 0 0 0 16 0 1 3 0 8 0 14766 
0 0 0 0 0 0 0 571 0 644 0 0 0 1178 2 1 0 1 0 21 0 0 0 0 0 0 0 0 0 0 0 0 0 0 130 88 0 0 0 0 0 0 0 0 0 0 0 0 1004 0 2958 409 0 0 71 11 448 0 0 0 162 10 0 0 0 0 0 0 0 0 0 0 0 0 0 23 0 0 0 0 0 0 13 
201 0 97 535 0 0 278 3787 0 0 0 0 495 88 0 0 0 0 0 0 0 0 0 0 0 0 0 0 0 0 0 0 0 4 0 0 0 0 13 0 0 0 0 669 1 0 0 29 238 0 0 0 11 1 0 0 0 0 0 0 0 0 0 0 0 0 0 0 0 0 0 0 0 0 0 0 0 0 0 0 0 0 0 
0 0 0 1 94 2 2915 18834 0 0 0 495 0 267 0 0 0 0 0 0 0 0 0 0 0 0 0 0 0 0 0 0 0 0 0 0 0 0 0 0 0 0 0 1118 0 0 0 1666 2364 0 0 0 13 0 16 0 0 0 0 0 20 0 0 0 0 0 0 0 0 0 0 0 0 0 0 0 0 0 0 0 0 0 1 
0 0 0 0 0 0 0 4722 0 430 1178 88 267 0 173 49 0 70 0 1971 0 0 0 0 0 0 0 0 0 0 0 0 0 0 0 0 0 0 0 0 0 0 0 0 0 0 0 0 421 0 29 388 0 0 0 0 578 0 7 0 329 0 0 0 0 0 0 0 0 0 0 0 0 0 0 0 0 0 0 0 0 0 0 
0 0 0 0 0 0 0 34 0 0 2 0 0 173 0 0 0 104 0 3805 1773 67 0 395 249 1773 0 0 5 2 0 0 0 0 4 0 10 0 0 263 0 0 0 0 0 0 0 0 0 0 0 0 0 0 2 67 0 0 20 0 311 1 0 0 0 0 0 0 0 0 0 0 0 0 0 23 0 0 2 0 0 0 0 
0 1 0 0 2 195 275 224 127 4862 1 0 0 49 0 0 3908 1487 2621 1 0 0 0 0 0 0 0 0 0 3268 605 121 9 4478 3065 1152 1253 184 0 0 0 0 0 0 0 0 0 0 13 0 127 1110 0 0 0 0 394 0 0 0 131 0 0 0 0 0 0 0 0 0 0 0 0 0 0 20 0 0 0 0 0 0 645 
0 0 0 0 2 615 0 0 1 4536 0 0 0 0 0 3908 0 1644 9621 0 0 0 0 0 0 0 0 0 0 1874 728 222 41 1029 0 0 0 0 0 0 0 0 0 0 0 0 0 0 0 0 0 0 0 0 0 0 0 0 0 0 0 0 0 0 0 0 0 0 0 0 0 0 0 0 0 0 0 0 0 0 0 0 0 
0 2 0 0 461 1 930 0 0 144 1 0 0 70 104 1487 1644 0 6684 589 184 905 2921 121 2640 0 0 0 6107 7250 1862 10978 19 2910 6858 401 10752 148 0 5 0 0 0 0 0 0 0 0 22 0 0 3641 0 0 1 21 272 0 6237 242 2668 840 71 1667 10 299 36 0 0 6 0 0 0 0 0 2836 35 1514 1201 0 445 336 2790 
0 0 0 0 116 34 59 1 0 2476 0 0 0 0 0 2621 9621 6684 0 0 0 0 5560 0 2043 0 0 0 5544 2960 1236 2957 0 105 0 0 379 1 0 0 0 0 0 0 0 0 0 0 1 0 0 0 0 0 0 0 0 0 13 0 0 0 0 10 0 1 0 0 0 0 0 0 0 0 0 0 0 77 3 0 12 2 0 
0 0 0 0 42 0 73 25 0 16 21 0 0 1971 3805 1 0 589 0 0 1997 195 1 1268 118 898 0 0 2 48 0 131 0 28 64 0 441 1 0 2 0 0 0 0 0 0 0 0 0 0 0 2793 0 0 0 81 79 0 5522 52 4198 109 0 359 2 29 0 0 0 11 0 0 0 0 0 3927 0 349 1628 0 496 230 60 
0 15 0 0 110 0 50 0 0 0 0 0 0 0 1773 0 0 184 0 1997 0 1060 89 650 9 6 0 0 0 0 0 0 0 0 0 0 168 0 0 0 0 0 0 0 0 0 0 0 0 0 0 0 0 0 0 60 0 0 230 0 73 250 114 339 2 0 57 0 0 0 0 0 0 0 0 0 0 3 14 0 8 3 0 
50 395 0 0 1125 0 339 0 0 0 0 0 0 0 67 0 0 905 0 195 1060 0 18 874 3 0 0 0 11 23 1 426 0 39 0 0 168 1 0 0 0 0 0 0 0 0 0 0 0 0 0 0 0 0 0 9 0 0 84 0 57 352 15 904 20 0 8 0 0 0 0 0 0 0 0 0 0 2 0 0 3 0 0 
7 109 0 0 1195 0 663 1 0 3 0 0 0 0 0 0 0 2921 5560 1 89 18 0 35 4712 0 0 0 408 507 38 1146 0 145 1 0 187 0 0 0 0 0 0 0 0 0 0 0 6 0 0 0 0 0 0 0 0 0 356 20 1 2 3 1527 0 0 0 0 0 0 0 0 0 0 0 0 0 2 0 0 1 0 0 
1 319 0 0 1085 0 292 0 0 0 0 0 0 0 395 0 0 121 0 1268 650 874 35 0 1737 0 0 0 1246 240 0 288 0 1 15 0 497 1 0 62 0 0 0 0 0 0 0 0 0 0 0 0 0 0 0 2 0 0 169 0 8 105 53 465 55 0 0 0 0 0 0 0 0 0 0 0 0 2 0 0 1 0 0 
0 1 0 0 13 0 1 0 0 0 0 0 0 0 249 0 0 2640 2043 118 9 3 4712 1737 0 239 36 40 1374 4 0 4 0 0 80 0 591 19 0 203 8 0 0 0 0 0 0 0 0 0 0 0 0 0 0 2 0 0 1 0 0 2 0 7 0 0 0 0 0 0 0 0 0 0 0 0 0 0 0 0 3 0 0 
0 0 0 0 0 0 0 0 0 0 0 0 0 0 1773 0 0 0 0 898 6 0 0 0 239 0 325 0 0 0 0 0 0 0 0 0 0 0 0 204 18 0 0 0 0 0 0 0 0 0 0 0 0 0 0 11 0 0 0 0 0 0 0 0 0 0 0 0 0 0 0 0 0 0 0 0 0 0 0 0 1 0 0 
0 0 0 0 0 0 0 0 0 0 0 0 0 0 0 0 0 0 0 0 0 0 0 0 36 325 0 247 3 0 0 0 0 0 0 0 0 0 0 203 167 0 0 0 0 0 0 0 0 0 0 0 0 0 0 2 0 0 0 0 0 0 0 0 0 0 1 0 0 0 0 0 0 0 0 0 0 0 0 0 1 0 0 
0 0 0 0 0 0 0 0 0 0 0 0 0 0 0 0 0 0 0 0 0 0 0 0 40 0 247 0 0 0 0 0 0 0 0 0 11 0 0 92 159 0 0 0 0 0 0 0 0 0 0 0 0 0 0 0 0 0 0 0 0 0 0 0 0 0 0 0 0 0 0 0 0 0 0 0 0 0 0 0 0 0 0 
3 333 0 0 537 0 27 0 0 0 0 0 0 0 5 0 0 6107 5544 2 0 11 408 1246 1374 0 3 0 0 834 829 206 0 0 0 0 1194 131 0 261 1 0 0 0 0 0 0 0 0 0 0 0 0 0 0 3 0 0 5 0 1 1 1 57 0 0 0 0 0 0 0 0 0 0 0 0 0 0 0 0 0 0 0 
6 788 0 0 510 2509 24 0 21 10039 0 0 0 0 2 3268 1874 7250 2960 48 0 23 507 240 4 0 0 0 834 0 2383 258 0 1197 0 0 302 64 0 0 0 0 0 0 0 0 0 0 0 0 0 0 0 0 0 1 0 0 0 0 0 0 0 5 0 0 0 0 0 0 0 0 0 0 0 0 0 1 0 0 5 1 0 
0 0 0 0 2 1703 0 0 8 846 0 0 0 0 0 605 728 1862 1236 0 0 1 38 0 0 0 0 0 829 2383 0 1709 0 750 0 0 0 0 0 0 0 0 0 0 0 0 0 0 0 0 0 0 0 0 0 0 0 0 0 0 0 0 0 0 0 0 0 0 0 0 0 0 0 0 0 0 0 0 0 0 1 0 0 
3778 4472 0 1 1230 708 68 0 1 764 0 0 0 0 0 121 222 10978 2957 131 0 426 1146 288 4 0 0 0 206 258 1709 0 306 1111 0 0 2014 206 0 224 138 0 0 0 0 0 0 0 0 0 0 0 0 0 0 0 0 0 2 0 3 0 0 16 0 0 0 0 0 0 0 0 0 0 0 1273 0 101 64 0 89 31 4 
0 0 0 0 0 0 0 0 0 9 0 0 0 0 0 9 41 19 0 0 0 0 0 0 0 0 0 0 0 0 0 306 0 8 0 0 0 0 0 0 0 0 0 0 0 0 0 0 0 0 0 0 0 0 0 0 0 0 0 0 0 0 0 0 0 0 0 0 0 0 0 0 0 0 0 0 0 0 0 0 0 0 0 
5495 431 0 29 4266 525 35 912 0 5245 0 4 0 0 0 4478 1029 2910 105 28 0 39 145 1 0 0 0 0 0 1197 750 1111 8 0 0 3 637 278 19 37 188 0 0 0 0 0 0 0 47 0 0 0 0 0 0 0 0 0 0 0 0 0 0 0 0 0 0 0 0 0 0 0 0 0 0 12 0 7 1 0 18 0 9 
0 0 0 0 19 1 558 6346 0 12017 130 0 0 0 4 3065 0 6858 0 64 0 0 1 15 80 0 0 0 0 0 0 0 0 0 0 709 701 4 0 585 284 0 0 0 0 0 0 9 59 0 0 0 0 0 0 0 0 0 0 0 0 0 0 0 0 0 0 0 0 0 0 0 0 0 0 289 0 0 0 0 3 0 924 
3360 198 0 0 171 0 11067 1268 0 3021 88 0 0 0 0 1152 0 401 0 0 0 0 0 0 0 0 0 0 0 0 0 0 0 3 709 0 50 19 0 0 0 0 0 0 0 0 0 17 50 0 2 0 0 0 0 0 0 0 0 0 0 0 0 0 0 0 0 0 0 0 0 0 0 0 0 0 0 0 0 0 0 0 140 
2054 3910 0 0 2383 4 4007 2248 0 14710 0 0 0 0 10 1253 0 10752 379 441 168 168 187 497 591 0 0 11 1194 302 0 2014 0 637 701 50 0 41 16 139 4 0 0 0 0 0 0 0 98 0 0 1 0 0 0 1 0 0 138 2 38 1 0 502 9 17 0 0 0 0 0 0 1 0 0 2466 0 734 76 0 1888 45 29 
98 4 0 0 193 0 1536 1436 0 2401 0 0 0 0 0 184 0 148 1 1 0 1 0 1 19 0 0 0 131 64 0 206 0 278 4 19 41 0 0 0 0 0 0 0 0 0 0 2 17 0 0 0 0 0 0 0 0 0 1 0 0 0 0 16 0 0 0 0 0 0 0 0 0 0 0 30 0 16 0 0 258 0 3214 
797 0 3 65 0 0 7 1 0 0 0 13 0 0 0 0 0 0 0 0 0 0 0 0 0 0 0 0 0 0 0 0 0 19 0 0 16 0 0 0 0 0 0 0 0 0 0 0 0 0 0 0 0 0 0 0 0 0 0 0 0 0 0 0 0 0 0 0 0 0 0 0 0 0 0 0 0 0 0 0 0 0 0 
63 1 0 0 0 0 0 0 0 0 0 0 0 0 263 0 0 5 0 2 0 0 0 62 203 204 203 92 261 0 0 224 0 37 585 0 139 0 0 0 50 0 0 0 0 0 0 0 0 0 0 0 0 0 0 29 0 0 0 0 0 0 0 0 0 0 94 0 0 0 0 0 0 0 0 0 0 0 0 0 199 0 0 
1 0 0 0 0 0 0 0 0 0 0 0 0 0 0 0 0 0 0 0 0 0 0 0 8 18 167 159 1 0 0 138 0 188 284 0 4 0 0 50 0 0 0 0 0 0 0 0 0 0 0 0 0 0 0 0 0 0 0 0 0 0 0 0 0 0 0 0 0 0 0 0 0 0 0 7 0 2 0 0 17 0 17 
987 0 757 3 0 0 4187 417 0 0 0 0 0 0 0 0 0 0 0 0 0 0 0 0 0 0 0 0 0 0 0 0 0 0 0 0 0 0 0 0 0 0 1710 0 147 369 0 76 3 0 0 0 52 0 0 0 0 0 0 0 0 0 0 16 0 195 0 934 1028 1 5 0 780 0 2655 0 6826 1328 2 221 0 1534 0 
0 0 0 0 0 0 0 0 0 0 0 0 0 0 0 0 0 0 0 0 0 0 0 0 0 0 0 0 0 0 0 0 0 0 0 0 0 0 0 0 0 1710 0 0 0 110 0 1 0 0 0 0 0 0 0 0 0 0 0 0 0 0 0 3 0 334 0 385 1880 15 126 0 823 0 90 0 7 1443 0 0 0 350 0 
1030 0 2211 194 0 0 5962 1276 0 0 0 669 1118 0 0 0 0 0 0 0 0 0 0 0 0 0 0 0 0 0 0 0 0 0 0 0 0 0 0 0 0 0 0 0 181 0 0 1 169 0 0 0 247 0 0 0 0 0 0 0 0 0 0 0 0 0 0 0 0 0 0 0 0 0 3 0 5 0 0 0 0 0 0 
270 0 50 175 0 0 79 0 0 0 0 1 0 0 0 0 0 0 0 0 0 0 0 0 0 0 0 0 0 0 0 0 0 0 0 0 0 0 0 0 0 147 0 181 0 0 0 0 15 0 0 0 164 0 0 0 0 0 0 0 0 0 0 0 0 0 0 3 0 0 0 0 0 0 1122 0 2 5 0 1 0 76 0 
0 0 0 0 1 0 0 1 0 0 0 0 0 0 0 0 0 0 0 0 0 0 0 0 0 0 0 0 0 0 0 0 0 0 0 0 0 0 0 0 0 369 110 0 0 0 541 951 2446 584 414 0 0 0 0 0 13 0 0 0 0 0 0 392 0 58 0 0 263 6 366 0 2973 0 1044 0 0 3759 0 0 0 1 0 
0 0 0 0 0 0 0 0 0 0 0 0 0 0 0 0 0 0 0 0 0 0 0 0 0 0 0 0 0 0 0 0 0 0 0 0 0 0 0 0 0 0 0 0 0 541 0 36 3370 1348 4099 0 0 0 0 0 1558 1 36 11 0 0 0 20 0 337 0 0 0 1536 253 0 396 2 728 0 0 329 0 0 0 0 0 
0 0 5 0 1 0 3573 1165 0 0 0 29 1666 0 0 0 0 0 0 0 0 0 0 0 0 0 0 0 0 0 0 0 0 0 9 17 0 2 0 0 0 76 1 1 0 951 36 0 8799 6036 1488 0 0 318 0 0 134 0 111 0 0 1 0 747 18 20 0 381 135 2 97 0 563 0 60 921 10184 11100 1526 0 0 68 33 
2 0 53 84 1824 78 2304 18101 0 5989 1004 238 2364 421 0 13 0 22 1 0 0 0 6 0 0 0 0 0 0 0 0 0 0 47 59 50 98 17 0 0 0 3 0 169 15 2446 3370 8799 0 596 830 372 413 12258 4686 0 0 0 0 0 19 0 0 19 1 0 0 0 1 0 0 0 54 0 897 7789 7523 13749 386 0 1 0 765 
0 0 0 0 0 0 0 0 0 0 0 0 0 0 0 0 0 0 0 0 0 0 0 0 0 0 0 0 0 0 0 0 0 0 0 0 0 0 0 0 0 0 0 0 0 584 1348 6036 596 0 3850 0 0 0 0 0 56 0 708 0 0 0 0 0 0 32 0 0 0 850 8 0 1 0 85 74 2 854 14 0 0 0 143 
0 0 0 0 0 0 0 1 0 3309 2958 0 0 29 0 127 0 0 0 0 0 0 0 0 0 0 0 0 0 0 0 0 0 0 0 2 0 0 0 0 0 0 0 0 0 414 4099 1488 830 3850 0 881 0 0 21 0 2350 1681 1461 53 27 0 0 0 0 107 0 0 0 12467 1854 17 771 67 1356 21414 4797 18588 341 0 0 0 7351 
0 0 0 0 0 0 0 0 0 618 409 0 0 388 0 1110 0 3641 0 2793 0 0 0 0 0 0 0 0 0 0 0 0 0 0 0 0 1 0 0 0 0 0 0 0 0 0 0 0 372 0 881 0 0 42 123 0 139 0 38 0 189 0 0 0 0 0 0 0 0 0 0 0 0 0 0 662 498 0 0 0 0 0 0 
145 0 52 37 0 0 94 5 0 0 0 11 13 0 0 0 0 0 0 0 0 0 0 0 0 0 0 0 0 0 0 0 0 0 0 0 0 0 0 0 0 52 0 247 164 0 0 0 413 0 0 0 0 10 0 0 0 0 0 0 0 0 0 0 0 0 0 0 0 0 0 0 0 0 137 0 2 0 0 3 0 0 0 
0 0 0 0 110 0 5 71 0 0 0 1 0 0 0 0 0 0 0 0 0 0 0 0 0 0 0 0 0 0 0 0 0 0 0 0 0 0 0 0 0 0 0 0 0 0 0 318 12258 0 0 42 10 0 720 0 0 0 0 0 248 0 0 0 0 0 0 0 0 0 0 0 0 0 0 0 0 0 0 0 0 0 0 
0 0 0 0 0 0 0 3 0 44 71 0 16 0 2 0 0 1 0 0 0 0 0 0 0 0 0 0 0 0 0 0 0 0 0 0 0 0 0 0 0 0 0 0 0 0 0 0 4686 0 21 123 0 720 0 173 0 0 0 0 1273 35 0 0 0 0 0 0 0 0 0 0 0 0 0 0 0 0 0 0 0 0 0 
0 0 0 0 0 0 0 0 0 0 11 0 0 0 67 0 0 21 0 81 60 9 0 2 2 11 2 0 3 1 0 0 0 0 0 0 1 0 0 29 0 0 0 0 0 0 0 0 0 0 0 0 0 0 173 0 0 0 34 0 2084 468 5 0 6 0 261 0 0 0 0 0 0 0 0 0 0 0 0 0 118 0 0 
0 0 0 0 0 0 0 0 0 1351 448 0 0 578 0 394 0 272 0 79 0 0 0 0 0 0 0 0 0 0 0 0 0 0 0 0 0 0 0 0 0 0 0 0 0 13 1558 134 0 56 2350 139 0 0 0 0 0 9680 2695 566 12 0 0 0 0 37 0 0 0 1574 437 3 1379 130 324 8497 1108 18631 3064 0 21 0 5501 
0 0 0 0 0 0 0 0 0 0 0 0 0 0 0 0 0 0 0 0 0 0 0 0 0 0 0 0 0 0 0 0 0 0 0 0 0 0 0 0 0 0 0 0 0 0 1 0 0 0 1681 0 0 0 0 0 9680 0 4228 702 0 0 0 0 0 23 0 0 0 7911 6111 471 3574 121 60 0 0 5 0 0 0 0 0 
0 0 0 0 30 0 4 0 0 0 0 0 0 7 20 0 0 6237 13 5522 230 84 356 169 1 0 0 0 5 0 0 2 0 0 0 0 138 1 0 0 0 0 0 0 0 0 36 111 0 708 1461 38 0 0 0 34 2695 4228 0 6019 512 2 456 2504 15 1338 0 0 0 1365 271 0 738 4 10 7221 7 2382 2311 0 55 4 1890 
0 0 0 0 0 0 1 0 0 0 0 0 0 0 0 0 0 242 0 52 0 0 20 0 0 0 0 0 0 0 0 0 0 0 0 0 2 0 0 0 0 0 0 0 0 0 11 0 0 0 53 0 0 0 0 0 566 702 6019 0 0 0 0 6520 7 4370 0 0 0 9907 8668 1419 2997 0 1 0 0 598 89 0 0 6 0 
0 0 0 0 0 0 0 0 0 59 162 0 20 329 311 131 0 2668 0 4198 73 57 1 8 0 0 0 0 1 0 0 3 0 0 0 0 38 0 0 0 0 0 0 0 0 0 0 0 19 0 27 189 0 248 1273 2084 12 0 512 0 0 689 0 3 145 0 40 0 0 0 0 0 0 0 0 485 0 2 9 0 58 1 1 
0 0 0 0 0 0 0 0 0 0 10 0 0 0 1 0 0 840 0 109 250 352 2 105 2 0 0 0 1 0 0 0 0 0 0 0 1 0 0 0 0 0 0 0 0 0 0 1 0 0 0 0 0 0 35 468 0 0 2 0 689 0 872 248 884 71 0 0 0 0 0 0 0 0 0 0 0 62 0 0 2 0 0 
0 0 0 0 0 0 0 0 0 0 0 0 0 0 0 0 0 71 0 0 114 15 3 53 0 0 0 0 1 0 0 0 0 0 0 0 0 0 0 0 0 0 0 0 0 0 0 0 0 0 0 0 0 0 0 5 0 0 456 0 0 872 0 73 570 3 0 0 0 0 0 0 0 0 0 0 0 2 0 0 0 0 0 
0 0 0 0 87 0 72 0 0 0 0 0 0 0 0 0 0 1667 10 359 339 904 1527 465 7 0 0 0 57 5 0 16 0 0 0 0 502 16 0 0 0 16 3 0 0 392 20 747 19 0 0 0 0 0 0 0 0 0 2504 6520 3 248 73 0 733 3675 0 0 0 604 291 0 1831 0 35 1 3 7202 8 0 16 1 0 
0 0 0 0 1 0 0 0 0 0 0 0 0 0 0 0 0 10 0 2 2 20 0 55 0 0 0 0 0 0 0 0 0 0 0 0 9 0 0 0 0 0 0 0 0 0 0 18 1 0 0 0 0 0 0 6 0 0 15 7 145 884 570 733 0 2150 8 0 0 155 0 0 0 0 1 3 0 722 13 0 72 0 0 
0 0 0 0 0 0 0 0 0 0 0 0 0 0 0 0 0 299 1 29 0 0 0 0 0 0 0 0 0 0 0 0 0 0 0 0 17 0 0 0 0 195 334 0 0 58 337 20 0 32 107 0 0 0 0 0 37 23 1338 4370 0 71 3 3675 2150 0 304 376 12 2244 548 1 1839 0 90 2 0 6586 761 0 156 215 0 
0 0 0 0 0 0 0 0 0 0 0 0 0 0 0 0 0 36 0 0 57 8 0 0 0 0 1 0 0 0 0 0 0 0 0 0 0 0 0 94 0 0 0 0 0 0 0 0 0 0 0 0 0 0 0 261 0 0 0 0 40 0 0 0 8 304 0 113 20 21 0 0 0 0 0 0 0 7 0 0 329 2 0 
0 0 0 0 0 0 0 0 0 0 0 0 0 0 0 0 0 0 0 0 0 0 0 0 0 0 0 0 0 0 0 0 0 0 0 0 0 0 0 0 0 934 385 0 3 0 0 381 0 0 0 0 0 0 0 0 0 0 0 0 0 0 0 0 0 376 113 0 365 6 53 0 21 0 684 0 1 714 48 0 673 42 0 
0 0 0 0 0 0 0 0 0 0 0 0 0 0 0 0 0 0 0 0 0 0 0 0 0 0 0 0 0 0 0 0 0 0 0 0 0 0 0 0 0 1028 1880 0 0 263 0 135 1 0 0 0 0 0 0 0 0 0 0 0 0 0 0 0 0 12 20 365 0 2 15 0 30 0 566 0 0 781 15 0 8 12 0 
0 0 0 0 0 0 0 0 0 0 0 0 0 0 0 0 0 6 0 11 0 0 0 0 0 0 0 0 0 0 0 0 0 0 0 0 0 0 0 0 0 1 15 0 0 6 1536 2 0 850 12467 0 0 0 0 0 1574 7911 1365 9907 0 0 0 604 155 2244 21 6 2 0 1816 176 1722 0 203 0 0 2456 693 0 3 67 0 
0 0 0 0 0 0 0 0 0 0 0 0 0 0 0 0 0 0 0 0 0 0 0 0 0 0 0 0 0 0 0 0 0 0 0 0 0 0 0 0 0 5 126 0 0 366 253 97 0 8 1854 0 0 0 0 0 437 6111 271 8668 0 0 0 291 0 548 0 53 15 1816 0 1098 2783 4 88 1 0 625 76 0 5 1 0 
0 0 0 0 0 0 0 0 0 0 0 0 0 0 0 0 0 0 0 0 0 0 0 0 0 0 0 0 0 0 0 0 0 0 0 0 0 0 0 0 0 0 0 0 0 0 0 0 0 0 17 0 0 0 0 0 3 471 0 1419 0 0 0 0 0 1 0 0 0 176 1098 0 581 0 0 0 0 0 0 0 0 0 0 
0 0 0 0 0 0 0 0 0 0 0 0 0 0 0 0 0 0 0 0 0 0 0 0 0 0 0 0 0 0 0 0 0 0 0 0 1 0 0 0 0 780 823 0 0 2973 396 563 54 1 771 0 0 0 0 0 1379 3574 738 2997 0 0 0 1831 0 1839 0 21 30 1722 2783 581 0 1151 2312 5 0 1421 39 0 17 4 0 
0 0 0 0 0 0 0 0 0 0 0 0 0 0 0 0 0 0 0 0 0 0 0 0 0 0 0 0 0 0 0 0 0 0 0 0 0 0 0 0 0 0 0 0 0 0 2 0 0 0 67 0 0 0 0 0 130 121 4 0 0 0 0 0 0 0 0 0 0 0 4 0 1151 0 117 0 0 13 0 0 0 0 0 
25 0 0 0 0 0 1 0 0 0 0 0 0 0 0 0 0 0 0 0 0 0 0 0 0 0 0 0 0 0 0 0 0 0 0 0 0 0 0 0 0 2655 90 3 1122 1044 728 60 897 85 1356 0 137 0 0 0 324 60 10 1 0 0 0 35 1 90 0 684 566 203 88 0 2312 117 0 0 24 622 9 2 23 569 0 
0 0 0 0 28 0 2 2 0 16 23 0 0 0 23 20 0 2836 0 3927 0 0 0 0 0 0 0 0 0 0 0 1273 0 12 289 0 2466 30 0 0 7 0 0 0 0 0 0 921 7789 74 21414 662 0 0 0 0 8497 0 7221 0 485 0 0 1 3 2 0 0 0 0 1 0 5 0 0 0 511 49 386 0 337 132 2191 
0 0 0 0 0 0 1 0 0 0 0 0 0 0 0 0 0 35 0 0 0 0 0 0 0 0 0 0 0 0 0 0 0 0 0 0 0 0 0 0 0 6826 7 5 2 0 0 10184 7523 2 4797 498 2 0 0 0 1108 0 7 0 0 0 0 3 0 0 0 1 0 0 0 0 0 0 24 511 0 128 3 44 0 0 5 
0 0 0 0 14 0 4 0 0 1 0 0 0 0 0 0 0 1514 77 349 3 2 2 2 0 0 0 0 0 1 0 101 0 7 0 0 734 16 0 0 2 1328 1443 0 5 3759 329 11100 13749 854 18588 0 0 0 0 0 18631 5 2382 598 2 62 2 7202 722 6586 7 714 781 2456 625 0 1421 13 622 49 128 0 66 3 99 362 1706 
0 0 0 0 7 0 5 0 0 3 0 0 0 0 2 0 0 1201 3 1628 14 0 0 0 0 0 0 0 0 0 0 64 0 1 0 0 76 0 0 0 0 2 0 0 0 0 0 1526 386 14 341 0 0 0 0 0 3064 0 2311 89 9 0 0 8 13 761 0 48 15 693 76 0 39 0 9 386 3 66 0 0 19 5 1621 
0 0 0 0 0 0 3 0 0 0 0 0 0 0 0 0 0 0 0 0 0 0 0 0 0 0 0 0 0 0 0 0 0 0 0 0 0 0 0 0 0 221 0 0 1 0 0 0 0 0 0 0 3 0 0 0 0 0 0 0 0 0 0 0 0 0 0 0 0 0 0 0 0 0 2 0 44 3 0 0 0 17 0 
0 0 0 0 41 0 16 0 0 8 0 0 0 0 0 0 0 445 12 496 8 3 1 1 3 1 1 0 0 5 1 89 0 18 3 0 1888 258 0 199 17 0 0 0 0 0 0 0 1 0 0 0 0 0 0 118 21 0 55 0 58 2 0 16 72 156 329 673 8 3 5 0 17 0 23 337 0 99 19 0 0 47 4 
0 0 0 0 6 0 0 0 0 0 0 0 0 0 0 0 0 336 2 230 3 0 0 0 0 0 0 0 0 1 0 31 0 0 0 0 45 0 0 0 0 1534 350 0 76 1 0 68 0 0 0 0 0 0 0 0 0 0 4 6 1 0 0 1 0 215 2 42 12 67 1 0 4 0 569 132 0 362 5 17 47 0 0 
0 0 0 0 50 0 329 3523 0 14766 13 0 1 0 0 645 0 2790 0 60 0 0 0 0 0 0 0 0 0 0 0 4 0 9 924 140 29 3214 0 0 17 0 0 0 0 0 0 33 765 143 7351 0 0 0 0 0 5501 0 1890 0 1 0 0 0 0 0 0 0 0 0 0 0 0 0 0 2191 5 1706 1621 0 4 0 0 
