0 1684 196 545 26 0 5416 37 0 120 0 2892 0 0 0 9 0 45 0 0 0 0 0 0 2 0 0 279 17 1924 0 1787 0 2796 24 739 485 3 189 0 0 6348 0 1838 51 0 0 59 0 0 0 0 1 0 0 1 0 0 58 1 13 0 0 98 0 0 0 0 0 79 65 0 0 0 11 0 0 0 9 130 0 0 0 
1684 0 0 0 7 0 0 0 0 0 0 0 0 0 0 20 0 0 0 0 0 0 0 0 0 0 0 0 0 0 0 1 0 1366 0 0 449 0 0 0 0 0 0 0 0 0 0 0 0 0 0 0 0 0 0 0 0 0 0 0 0 0 0 0 0 0 0 0 0 0 0 0 0 0 0 0 0 0 0 0 0 0 0 
196 0 0 382 0 0 0 0 0 0 0 3788 0 0 0 0 0 19 2 0 0 0 0 0 3 0 0 152 32 283 0 233 0 401 3 1348 657 0 31 0 0 163 0 5222 0 0 0 406 77 0 0 0 0 0 0 0 0 0 58 2 4 2 0 67 0 0 0 0 0 43 36 0 0 0 2 0 0 0 0 13 0 0 0 
545 0 382 0 0 0 4 79 0 0 0 942 0 0 0 0 0 0 0 0 0 0 0 0 0 0 0 0 0 0 0 1 0 8 0 2 0 0 3 0 0 89 0 7 0 0 0 0 0 0 0 0 2 0 0 0 0 0 0 0 0 0 0 0 0 0 0 0 0 0 0 0 0 0 0 0 0 0 0 0 0 0 0 
26 7 0 0 0 10 9 1948 4 2215 0 0 9 0 0 2889 15 6 0 0 0 0 0 0 0 0 0 0 0 0 0 0 0 6125 79 1 4823 38 0 0 0 0 0 0 0 0 0 0 894 0 0 0 0 0 0 0 0 0 0 0 0 0 0 0 0 0 0 0 0 0 0 0 0 0 0 2 1 0 0 0 0 0 0 
0 0 0 0 10 0 7 8133 896 3475 0 0 0 0 0 281 0 0 0 0 0 0 0 0 0 0 0 0 0 0 0 0 0 562 0 0 0 0 0 0 0 0 0 0 0 0 0 0 0 0 0 0 0 0 0 0 0 0 0 0 0 0 0 0 0 0 0 0 0 0 0 0 0 0 0 0 0 0 0 0 0 0 0 
5416 0 0 4 9 7 0 10316 5176 181 0 3295 7839 0 0 206 4 131 0 0 0 0 0 0 0 0 0 9 3 34 0 38 0 4216 8578 9433 12140 608 0 0 0 0 0 5056 0 0 0 7416 8823 0 0 0 0 0 0 0 0 0 0 0 5 0 0 6 0 0 0 0 0 17 10 0 0 0 2 0 0 0 0 0 0 0 0 
37 0 0 79 1948 8133 10316 0 2325 5024 409 590 15986 12715 0 631 69 77 0 42 0 0 0 0 0 0 0 0 0 0 0 0 0 3 17133 99 7924 5 1 0 0 0 0 9 0 0 0 86 32086 0 1984 473 0 515 1083 0 0 0 0 0 0 0 0 0 0 0 0 0 0 0 0 0 0 0 0 0 0 0 0 0 0 0 289 
0 0 0 0 4 896 5176 2325 0 879 0 0 0 0 0 0 0 0 0 0 0 0 0 0 0 0 0 0 0 0 0 0 0 0 0 0 0 0 0 0 0 0 0 0 0 0 0 0 0 0 0 0 0 0 0 0 0 0 0 0 0 0 0 0 0 0 0 0 0 0 0 0 0 0 0 0 0 0 0 0 0 0 0 
120 0 0 0 2215 3475 181 5024 879 0 4 0 0 3647 0 9602 2217 356 0 0 0 0 0 0 0 0 0 0 0 0 0 0 0 2825 35115 727 13976 283 7 17 0 0 0 0 0 0 0 0 7338 0 8130 1201 0 0 2281 0 2900 0 24 0 23 0 0 0 0 0 0 0 0 0 0 0 0 0 0 0 0 0 23 0 0 0 12578 
0 0 0 0 0 0 0 409 0 4 0 0 2 17716 67 549 0 0 0 1 0 0 0 0 0 0 0 0 0 0 0 0 0 0 0 0 0 0 0 0 0 0 0 0 0 0 0 0 3 0 2023 228 0 0 530 0 0 0 0 0 0 0 0 0 0 0 0 0 0 0 0 0 0 0 0 0 0 0 0 0 0 0 0 
2892 0 3788 942 0 0 3295 590 0 0 0 0 69 0 0 0 0 0 0 0 0 0 0 0 0 0 0 0 0 0 0 0 0 0 0 0 0 0 0 0 0 1221 0 587 0 0 0 0 19 0 0 0 5 0 0 0 0 0 0 0 0 0 0 0 0 0 0 0 0 0 0 0 0 0 0 0 0 0 0 0 0 0 0 
0 0 0 0 9 0 7839 15986 0 0 2 69 0 536 0 4 0 0 0 0 0 0 0 0 0 0 0 0 0 0 0 0 0 0 0 0 2 0 0 0 0 0 0 37 0 0 0 241 680 0 0 0 0 1 0 0 0 0 0 0 0 0 0 0 0 0 0 0 0 0 0 0 0 0 0 0 0 0 0 0 0 0 0 
0 0 0 0 0 0 0 12715 0 3647 17716 0 536 0 18 3008 0 3181 0 2322 0 0 0 0 0 0 0 0 0 0 0 0 0 0 0 0 0 0 0 0 0 0 0 0 0 0 0 0 200 0 9 2 0 0 0 49 0 0 0 0 21 0 0 0 0 0 0 0 0 0 0 0 0 0 0 0 0 0 0 0 0 0 0 
0 0 0 0 0 0 0 0 0 0 67 0 0 18 0 0 0 6179 0 13109 635 43 0 6 4 135 0 0 0 0 0 0 0 0 0 0 0 0 0 8 0 0 0 0 0 0 0 0 0 0 0 0 0 0 0 5 0 0 2 0 4 112 6 3 0 0 0 0 0 0 0 0 0 0 0 0 0 0 0 0 0 0 0 
9 20 0 0 2889 281 206 631 0 9602 549 0 4 3008 0 0 18549 3948 18 0 0 0 0 0 0 0 0 0 0 0 0 0 5 7554 5060 505 6971 0 0 1 0 0 0 0 0 0 0 0 352 0 0 0 0 0 220 73 153 0 2497 0 2744 0 0 0 0 0 0 0 0 0 0 0 0 0 0 0 0 0 0 0 0 0 937 
0 0 0 0 15 0 4 69 0 2217 0 0 0 0 0 18549 0 5864 4174 0 0 0 0 0 0 0 0 0 0 440 55 74 57 1166 0 0 916 0 0 0 0 0 0 0 0 0 0 0 42 0 0 0 0 0 0 0 0 0 0 0 0 0 0 0 0 0 0 0 0 0 0 0 0 0 0 0 0 0 0 0 0 0 47 
45 0 19 0 6 0 131 77 0 356 0 0 0 3181 6179 3948 5864 0 12813 250 129 0 2556 284 201 1222 0 0 67 759 3204 11075 1170 1024 6690 307 3066 572 0 90 87 2 0 0 0 0 0 26 12 0 0 0 0 0 133 4702 0 0 3202 504 7280 1659 0 119 0 101 0 0 0 159 387 0 0 0 616 17 0 462 0 0 1 0 1694 
0 0 2 0 0 0 0 0 0 0 0 0 0 0 0 18 4174 12813 0 1 196 0 123 0 574 0 0 0 3228 6633 1241 3337 0 77 0 0 1415 27 0 0 0 0 0 0 0 0 0 0 0 0 0 0 0 0 0 0 0 0 101 4 8 6 0 15 0 1 0 0 0 51 64 0 0 0 5 2 0 11 0 0 0 0 1 
0 0 0 0 0 0 0 42 0 0 1 0 0 2322 13109 0 0 250 1 0 0 82 0 327 0 1054 0 0 0 0 0 12 0 38 0 0 0 0 0 2 0 0 0 0 0 0 0 1 0 0 0 0 0 0 0 1247 0 0 431 264 438 104 0 0 0 26 0 0 0 13 26 0 0 0 51 0 0 154 0 0 0 0 0 
0 0 0 0 0 0 0 0 0 0 0 0 0 0 635 0 0 129 196 0 0 3911 267 4869 789 753 0 0 550 6 0 404 0 285 0 0 0 0 0 2 0 0 0 0 0 0 0 0 0 0 0 0 0 0 0 159 0 0 1255 408 2904 3697 30 11 0 35 15 0 0 13 40 0 0 0 17 0 0 153 0 0 0 0 0 
0 0 0 0 0 0 0 0 0 0 0 0 0 0 43 0 0 0 0 82 3911 0 11 4646 1146 0 0 0 558 0 0 0 0 0 0 0 0 0 0 0 0 0 0 0 0 0 0 0 0 0 0 0 0 0 0 60 0 0 39 0 99 44 65 1 21 5 35 0 0 1 0 0 0 0 0 0 0 0 0 0 2 0 0 
0 0 0 0 0 0 0 0 0 0 0 0 0 0 0 0 0 2556 123 0 267 11 0 120 15125 1 0 0 14456 3106 0 3049 0 3 0 0 0 0 0 0 0 0 0 0 0 0 0 0 0 0 0 0 0 0 0 0 0 0 876 766 552 660 0 44 0 11 0 0 0 3 0 0 0 0 0 0 0 1 0 0 0 0 0 
0 0 0 0 0 0 0 0 0 0 0 0 0 0 6 0 0 284 0 327 4869 4646 120 0 2141 20 0 0 2 0 0 0 0 0 0 0 0 0 0 0 0 0 0 0 0 0 0 0 0 0 0 0 0 0 0 0 0 0 12 0 0 471 22 0 0 1 0 0 0 0 0 0 0 0 0 0 0 0 0 0 0 0 0 
2 0 3 0 0 0 0 0 0 0 0 0 0 0 4 0 0 201 574 0 789 1146 15125 2141 0 613 0 0 497 552 40 121 0 7 399 0 1542 496 0 2296 0 0 0 0 0 0 0 1 0 0 0 0 0 0 0 0 0 0 1327 1 37 438 56 50 0 7 0 0 0 29 88 0 0 0 40 186 0 13 0 0 0 0 0 
0 0 0 0 0 0 0 0 0 0 0 0 0 0 135 0 0 1222 0 1054 753 0 1 20 613 0 8 0 0 0 0 0 0 0 0 0 0 0 0 62 0 0 0 0 0 0 0 0 0 0 0 0 0 0 0 0 0 0 382 0 0 524 51 35 0 0 0 0 0 0 0 0 0 0 0 0 0 0 0 0 0 0 0 
0 0 0 0 0 0 0 0 0 0 0 0 0 0 0 0 0 0 0 0 0 0 0 0 0 8 0 0 0 0 0 0 0 214 0 0 280 940 0 279 6 0 0 0 0 0 0 0 0 0 0 0 0 0 0 0 0 0 0 0 0 0 0 0 0 0 0 0 0 0 0 0 0 0 0 0 0 0 0 0 0 0 0 
279 0 152 0 0 0 9 0 0 0 0 0 0 0 0 0 0 0 0 0 0 0 0 0 0 0 0 0 0 0 0 1 0 606 0 0 571 35 9 0 0 0 0 0 0 0 0 0 0 0 0 0 0 0 0 0 0 0 0 0 0 0 0 0 0 0 0 0 0 0 0 0 0 0 0 0 0 0 0 0 0 0 0 
17 0 32 0 0 0 3 0 0 0 0 0 0 0 0 0 0 67 3228 0 550 558 14456 2 497 0 0 0 0 1153 151 96 0 5 0 0 471 7 0 106 0 0 0 0 0 0 0 0 0 0 0 0 0 0 0 0 0 0 750 0 0 314 0 574 0 0 0 0 0 149 17 0 0 0 0 0 0 0 0 0 0 0 0 
1924 0 283 0 0 0 34 0 0 0 0 0 0 0 0 0 440 759 6633 0 6 0 3106 0 552 0 0 0 1153 0 298 705 0 17 0 2 400 0 0 0 0 0 0 0 0 0 0 0 0 0 0 0 0 0 0 0 0 0 563 0 13 161 0 486 0 0 0 0 0 339 74 0 0 0 1 0 0 0 0 0 0 0 0 
0 0 0 0 0 0 0 0 0 0 0 0 0 0 0 0 55 3204 1241 0 0 0 0 0 40 0 0 0 151 298 0 2460 0 0 0 0 0 0 0 0 0 0 0 0 0 0 0 0 0 0 0 0 0 0 0 0 0 0 0 0 0 0 0 0 0 0 0 0 0 0 0 0 0 0 0 0 0 0 0 0 0 0 0 
1787 1 233 1 0 0 38 0 0 0 0 0 0 0 0 0 74 11075 3337 12 404 0 3049 0 121 0 0 1 96 705 2460 0 11 285 1 0 101 0 18 2 0 0 0 0 0 0 0 0 0 0 0 0 0 0 0 7 0 0 1936 44 69 393 0 598 0 11 0 0 1 490 118 0 0 0 27 0 0 0 0 0 0 0 0 
0 0 0 0 0 0 0 0 0 0 0 0 0 0 0 5 57 1170 0 0 0 0 0 0 0 0 0 0 0 0 0 11 0 444 0 0 0 0 0 0 0 0 0 0 0 0 0 0 0 0 0 0 0 0 0 0 0 0 0 0 0 0 0 0 0 0 0 0 0 0 0 0 0 0 0 0 0 0 0 0 0 0 0 
2796 1366 401 8 6125 562 4216 3 0 2825 0 0 0 0 0 7554 1166 1024 77 38 285 0 3 0 7 0 214 606 5 17 0 285 444 0 1 10 285 0 27 30 0 0 0 0 0 0 0 0 0 0 0 0 0 0 0 0 0 0 740 115 12 73 0 254 0 1 0 0 0 167 132 0 0 0 10 1 0 0 0 0 0 0 0 
24 0 3 0 79 0 8578 17133 0 35115 0 0 0 0 0 5060 0 6690 0 0 0 0 0 0 399 0 0 0 0 0 0 1 0 1 0 425 1407 268 0 1097 306 1 0 0 0 0 0 8 3986 0 0 0 0 1 0 0 2 0 165 4 162 0 0 1 0 2 0 0 0 34 125 0 0 0 46 115 0 20 0 0 0 0 297 
739 0 1348 2 1 0 9433 99 0 727 0 0 0 0 0 505 0 307 0 0 0 0 0 0 0 0 0 0 0 2 0 0 0 10 425 0 6 0 27 0 0 0 0 0 0 0 0 11 669 0 0 0 0 0 0 0 13 0 165 0 60 0 0 0 0 0 0 0 0 0 1 0 0 0 0 0 0 0 0 0 0 0 0 
485 449 657 0 4823 0 12140 7924 0 13976 0 0 2 0 0 6971 916 3066 1415 0 0 0 0 0 1542 0 280 571 471 400 0 101 0 285 1407 6 0 0 0 410 9 1 0 0 0 0 0 16 3601 0 0 0 0 0 0 1 0 0 822 1 835 0 0 6 0 0 0 0 0 27 25 0 0 0 38 91 0 8 5 0 0 0 2960 
3 0 0 0 38 0 608 5 0 283 0 0 0 0 0 0 0 572 27 0 0 0 0 0 496 0 940 35 7 0 0 0 0 0 268 0 0 0 0 0 0 0 0 0 0 0 0 0 1 0 0 0 0 0 0 0 0 0 208 0 55 0 0 0 0 0 0 0 0 0 0 0 0 0 0 1 0 0 89 0 0 0 7318 
189 0 31 3 0 0 0 1 0 7 0 0 0 0 0 0 0 0 0 0 0 0 0 0 0 0 0 9 0 0 0 18 0 27 0 27 0 0 0 0 0 0 0 0 0 0 0 0 0 0 0 0 0 0 0 0 0 0 0 0 0 0 0 0 0 0 0 0 0 0 0 0 0 0 0 0 0 0 7 0 0 0 0 
0 0 0 0 0 0 0 0 0 17 0 0 0 0 8 1 0 90 0 2 2 0 0 0 2296 62 279 0 106 0 0 2 0 30 1097 0 410 0 0 0 133 0 0 0 0 0 0 0 0 0 0 0 0 0 0 0 1 0 42 4 25 3 2 6 0 11 0 0 0 40 16 0 0 0 1 208 0 7 0 0 2 0 0 
0 0 0 0 0 0 0 0 0 0 0 0 0 0 0 0 0 87 0 0 0 0 0 0 0 0 6 0 0 0 0 0 0 0 306 0 9 0 0 133 0 0 0 0 0 0 0 0 0 0 0 0 0 0 0 0 0 0 6 0 0 0 0 0 0 0 0 0 0 0 0 0 0 0 0 0 0 0 0 0 0 0 1 
6348 0 163 89 0 0 0 0 0 0 0 1221 0 0 0 0 0 2 0 0 0 0 0 0 0 0 0 0 0 0 0 0 0 0 1 0 1 0 0 0 0 0 85 3 204 0 0 5393 0 0 0 0 1466 102 0 0 0 0 2 11 5 0 0 65 0 1 0 0 0 0 18 0 41 1 1923 2 1536 5885 134 582 0 0 0 
0 0 0 0 0 0 0 0 0 0 0 0 0 0 0 0 0 0 0 0 0 0 0 0 0 0 0 0 0 0 0 0 0 0 0 0 0 0 0 0 0 85 0 0 0 0 0 367 0 0 0 0 0 0 0 0 0 0 0 0 0 0 0 0 0 0 0 0 0 0 0 0 0 0 36 0 0 2311 0 0 0 0 0 
1838 0 5222 7 0 0 5056 9 0 0 0 587 37 0 0 0 0 0 0 0 0 0 0 0 0 0 0 0 0 0 0 0 0 0 0 0 0 0 0 0 0 3 0 0 251 0 0 1 2 0 0 0 313 1042 0 0 0 0 0 0 0 0 0 0 0 0 0 0 0 0 0 0 0 0 0 0 564 0 0 1 0 0 0 
51 0 0 0 0 0 0 0 0 0 0 0 0 0 0 0 0 0 0 0 0 0 0 0 0 0 0 0 0 0 0 0 0 0 0 0 0 0 0 0 0 204 0 251 0 0 0 0 0 0 0 0 422 68 0 0 0 0 0 0 0 0 0 0 0 0 0 0 3 0 2 0 5 0 1 0 0 15 0 2 0 0 0 
0 0 0 0 0 0 0 0 0 0 0 0 0 0 0 0 0 0 0 0 0 0 0 0 0 0 0 0 0 0 0 0 0 0 0 0 0 0 0 0 0 0 0 0 0 0 71 969 1 0 0 0 0 0 0 0 8 0 0 0 0 0 0 0 0 0 0 0 0 0 0 0 0 0 389 713 1026 9563 597 0 0 0 0 
0 0 0 0 0 0 0 0 0 0 0 0 0 0 0 0 0 0 0 0 0 0 0 0 0 0 0 0 0 0 0 0 0 0 0 0 0 0 0 0 0 0 0 0 0 71 0 7553 19 2508 5022 0 0 0 0 0 0 0 0 0 0 0 0 0 0 0 0 0 0 0 0 0 0 0 3133 48 56 7264 8 0 0 0 0 
59 0 406 0 0 0 7416 86 0 0 0 0 241 0 0 0 0 26 0 1 0 0 0 0 1 0 0 0 0 0 0 0 0 0 8 11 16 0 0 0 0 5393 367 1 0 969 7553 0 1686 1170 36 0 0 203 0 0 0 0 2 54 10 0 0 525 0 6 0 0 0 0 40 0 59 0 152 3026 5225 9504 2107 2 0 0 0 
0 0 77 0 894 0 8823 32086 0 7338 3 19 680 200 0 352 42 12 0 0 0 0 0 0 0 0 0 0 0 0 0 0 0 0 3986 669 3601 1 0 0 0 0 0 2 0 1 19 1686 0 97 3612 0 38 9349 5693 0 0 0 0 0 0 0 0 0 0 0 0 0 0 0 0 0 0 0 0 24812 1942 6154 197 8 0 0 1800 
0 0 0 0 0 0 0 0 0 0 0 0 0 0 0 0 0 0 0 0 0 0 0 0 0 0 0 0 0 0 0 0 0 0 0 0 0 0 0 0 0 0 0 0 0 0 2508 1170 97 0 16168 0 0 0 0 0 2 0 0 0 0 0 0 0 0 0 0 0 1 0 0 0 0 0 34 933 0 4756 0 0 0 0 159 
0 0 0 0 0 0 0 1984 0 8130 2023 0 0 9 0 0 0 0 0 0 0 0 0 0 0 0 0 0 0 0 0 0 0 0 0 0 0 0 0 0 0 0 0 0 0 0 5022 36 3612 16168 0 423 0 0 2733 0 3197 1570 1675 25 0 0 0 0 0 0 0 0 0 15 46 34 5 151 1604 27161 1392 17617 2089 0 47 0 13886 
0 0 0 0 0 0 0 473 0 1201 228 0 0 2 0 0 0 0 0 0 0 0 0 0 0 0 0 0 0 0 0 0 0 0 0 0 0 0 0 0 0 0 0 0 0 0 0 0 0 0 423 0 0 0 2969 0 100 0 0 0 5 0 0 0 0 0 0 0 0 0 0 0 0 0 0 1 0 0 0 0 0 0 0 
1 0 0 2 0 0 0 0 0 0 0 5 0 0 0 0 0 0 0 0 0 0 0 0 0 0 0 0 0 0 0 0 0 0 0 0 0 0 0 0 0 1466 0 313 422 0 0 0 38 0 0 0 0 40 0 0 0 0 0 0 0 0 0 0 0 0 0 0 0 0 0 0 0 0 18 0 0 0 0 0 0 0 0 
0 0 0 0 0 0 0 515 0 0 0 0 1 0 0 0 0 0 0 0 0 0 0 0 0 0 0 0 0 0 0 0 0 0 1 0 0 0 0 0 0 102 0 1042 68 0 0 203 9349 0 0 0 40 0 697 0 0 0 0 0 0 0 0 0 0 0 0 0 0 0 0 0 0 0 0 0 0 0 0 0 0 0 0 
0 0 0 0 0 0 0 1083 0 2281 530 0 0 0 0 220 0 133 0 0 0 0 0 0 0 0 0 0 0 0 0 0 0 0 0 0 0 0 0 0 0 0 0 0 0 0 0 0 5693 0 2733 2969 0 697 0 705 1449 0 20 0 4329 0 0 0 0 0 0 0 0 0 0 0 0 0 0 0 0 0 0 0 0 0 0 
1 0 0 0 0 0 0 0 0 0 0 0 0 49 5 73 0 4702 0 1247 159 60 0 0 0 0 0 0 0 0 0 7 0 0 0 0 1 0 0 0 0 0 0 0 0 0 0 0 0 0 0 0 0 0 705 0 0 0 110 12 6896 1532 202 47 59 0 16 0 0 0 6 0 0 0 19 0 0 7 0 0 0 0 0 
0 0 0 0 0 0 0 0 0 2900 0 0 0 0 0 153 0 0 0 0 0 0 0 0 0 0 0 0 0 0 0 0 0 0 2 13 0 0 0 1 0 0 0 0 0 8 0 0 0 2 3197 100 0 0 1449 0 0 3238 4455 4 0 0 0 0 0 0 0 0 0 16 108 160 6 39 6142 5167 610 7407 1150 0 59 0 1130 
0 0 0 0 0 0 0 0 0 0 0 0 0 0 0 0 0 0 0 0 0 0 0 0 0 0 0 0 0 0 0 0 0 0 0 0 0 0 0 0 0 0 0 0 0 0 0 0 0 0 1570 0 0 0 0 0 3238 0 372 1504 0 0 0 0 0 0 0 0 0 251 2261 11014 904 337 3465 4 0 1561 7 0 0 0 1 
58 0 58 0 0 0 0 0 0 24 0 0 0 0 2 2497 0 3202 101 431 1255 39 876 12 1327 382 0 0 750 563 0 1936 0 740 165 165 822 208 0 42 6 2 0 0 0 0 0 2 0 0 1675 0 0 0 20 110 4455 372 0 26277 611 3 402 3374 7 7 0 0 0 408 117 17 11 0 327 6775 170 3058 449 0 15 70 594 
1 0 2 0 0 0 0 0 0 0 0 0 0 0 0 0 0 504 4 264 408 0 766 0 1 0 0 0 0 0 0 44 0 115 4 0 1 0 0 4 0 11 0 0 0 0 0 54 0 0 25 0 0 0 0 12 4 1504 26277 0 5869 457 0 1299 0 35 0 0 0 835 2487 1052 3534 13 1257 26 0 3259 14 0 0 0 10 
13 0 4 0 0 0 5 0 0 23 0 0 0 21 4 2744 0 7280 8 438 2904 99 552 0 37 0 0 0 0 13 0 69 0 12 162 60 835 55 0 25 0 5 0 0 0 0 0 10 0 0 0 5 0 0 4329 6896 0 0 611 5869 0 401 32 6 183 78 818 0 0 52 161 0 0 0 333 147 0 2413 0 0 92 0 3 
0 0 2 0 0 0 0 0 0 0 0 0 0 0 112 0 0 1659 6 104 3697 44 660 471 438 524 0 0 314 161 0 393 0 73 0 0 0 0 0 3 0 0 0 0 0 0 0 0 0 0 0 0 0 0 0 1532 0 0 3 457 401 0 2351 18 229 351 305 0 0 59 0 0 0 0 3 0 0 0 0 0 126 0 0 
0 0 0 0 0 0 0 0 0 0 0 0 0 0 6 0 0 0 0 0 30 65 0 22 56 51 0 0 0 0 0 0 0 0 0 0 0 0 0 2 0 0 0 0 0 0 0 0 0 0 0 0 0 0 0 202 0 0 402 0 32 2351 0 115 592 292 136 0 0 163 0 0 0 0 0 0 0 0 0 0 32 0 0 
98 0 67 0 0 0 6 0 0 0 0 0 0 0 3 0 0 119 15 0 11 1 44 0 50 35 0 0 574 486 0 598 0 254 1 0 6 0 0 6 0 65 0 0 0 0 0 525 0 0 0 0 0 0 0 47 0 0 3374 1299 6 18 115 0 161 1407 0 0 0 11452 3903 9 680 0 1129 4 0 1059 0 0 0 0 0 
0 0 0 0 0 0 0 0 0 0 0 0 0 0 0 0 0 0 0 0 0 21 0 0 0 0 0 0 0 0 0 0 0 0 0 0 0 0 0 0 0 0 0 0 0 0 0 0 0 0 0 0 0 0 0 59 0 0 7 0 183 229 592 161 0 1204 188 0 0 305 0 0 0 0 0 0 0 0 0 0 85 0 0 
0 0 0 0 0 0 0 0 0 0 0 0 0 0 0 0 0 101 1 26 35 5 11 1 7 0 0 0 0 0 0 11 0 1 2 0 0 0 0 11 0 1 0 0 0 0 0 6 0 0 0 0 0 0 0 0 0 0 7 35 78 351 292 1407 1204 0 398 0 0 2225 152 0 17 0 57 247 0 1818 177 2 380 110 0 
0 0 0 0 0 0 0 0 0 0 0 0 0 0 0 0 0 0 0 0 15 35 0 0 0 0 0 0 0 0 0 0 0 0 0 0 0 0 0 0 0 0 0 0 0 0 0 0 0 0 0 0 0 0 0 16 0 0 0 0 818 305 136 0 188 398 0 132 0 37 0 0 0 0 0 32 0 0 0 0 543 0 0 
0 0 0 0 0 0 0 0 0 0 0 0 0 0 0 0 0 0 0 0 0 0 0 0 0 0 0 0 0 0 0 0 0 0 0 0 0 0 0 0 0 0 0 0 0 0 0 0 0 0 0 0 0 0 0 0 0 0 0 0 0 0 0 0 0 0 132 0 0 0 0 0 0 0 329 0 0 147 1 3 134 55 0 
0 0 0 0 0 0 0 0 0 0 0 0 0 0 0 0 0 0 0 0 0 0 0 0 0 0 0 0 0 0 0 1 0 0 0 0 0 0 0 0 0 0 0 0 3 0 0 0 0 1 0 0 0 0 0 0 0 0 0 0 0 0 0 0 0 0 0 0 0 0 0 0 0 0 877 0 0 326 68 6 0 118 0 
79 0 43 0 0 0 17 0 0 0 0 0 0 0 0 0 0 159 51 13 13 1 3 0 29 0 0 0 149 339 0 490 0 167 34 0 27 0 0 40 0 0 0 0 0 0 0 0 0 0 15 0 0 0 0 0 16 251 408 835 52 59 163 11452 305 2225 37 0 0 0 1639 348 31 54 9 338 0 506 4 0 61 0 0 
65 0 36 0 0 0 10 0 0 0 0 0 0 0 0 0 0 387 64 26 40 0 0 0 88 0 0 0 17 74 0 118 0 132 125 1 25 0 0 16 0 18 0 0 2 0 0 40 0 0 46 0 0 0 0 6 108 2261 117 2487 161 0 0 3903 0 152 0 0 0 1639 0 410 450 17 1037 53 0 696 4 2 0 3 0 
0 0 0 0 0 0 0 0 0 0 0 0 0 0 0 0 0 0 0 0 0 0 0 0 0 0 0 0 0 0 0 0 0 0 0 0 0 0 0 0 0 0 0 0 0 0 0 0 0 0 34 0 0 0 0 0 160 11014 17 1052 0 0 0 9 0 0 0 0 0 348 410 0 1283 62 3 0 0 254 5 0 0 0 0 
0 0 0 0 0 0 0 0 0 0 0 0 0 0 0 0 0 0 0 0 0 0 0 0 0 0 0 0 0 0 0 0 0 0 0 0 0 0 0 0 0 41 0 0 5 0 0 59 0 0 5 0 0 0 0 0 6 904 11 3534 0 0 0 680 0 17 0 0 0 31 450 1283 0 119 1610 0 0 61 0 0 0 0 0 
0 0 0 0 0 0 0 0 0 0 0 0 0 0 0 0 0 0 0 0 0 0 0 0 0 0 0 0 0 0 0 0 0 0 0 0 0 0 0 0 0 1 0 0 0 0 0 0 0 0 151 0 0 0 0 0 39 337 0 13 0 0 0 0 0 0 0 0 0 54 17 62 119 0 53 0 0 0 0 0 0 0 0 
11 0 2 0 0 0 2 0 0 0 0 0 0 0 0 0 0 616 5 51 17 0 0 0 40 0 0 0 0 1 0 27 0 10 46 0 38 0 0 1 0 1923 36 0 1 389 3133 152 0 34 1604 0 18 0 0 19 6142 3465 327 1257 333 3 0 1129 0 57 0 329 877 9 1037 3 1610 53 0 10 0 565 0 10 0 5 0 
0 0 0 0 2 0 0 0 0 0 0 0 0 0 0 0 0 17 2 0 0 0 0 0 186 0 0 0 0 0 0 0 0 1 115 0 91 1 0 208 0 2 0 0 0 713 48 3026 24812 933 27161 1 0 0 0 0 5167 4 6775 26 147 0 0 4 0 247 32 0 0 338 53 0 0 0 10 0 304 356 42 0 993 423 345 
0 0 0 0 1 0 0 0 0 0 0 0 0 0 0 0 0 0 0 0 0 0 0 0 0 0 0 0 0 0 0 0 0 0 0 0 0 0 0 0 0 1536 0 564 0 1026 56 5225 1942 0 1392 0 0 0 0 0 610 0 170 0 0 0 0 0 0 0 0 0 0 0 0 0 0 0 0 304 0 0 0 0 0 0 0 
0 0 0 0 0 0 0 0 0 0 0 0 0 0 0 0 0 462 11 154 153 0 1 0 13 0 0 0 0 0 0 0 0 0 20 0 8 0 0 7 0 5885 2311 0 15 9563 7264 9504 6154 4756 17617 0 0 0 0 7 7407 1561 3058 3259 2413 0 0 1059 0 1818 0 147 326 506 696 254 61 0 565 356 0 0 1 22 8 7 140 
9 0 0 0 0 0 0 0 0 23 0 0 0 0 0 0 0 0 0 0 0 0 0 0 0 0 0 0 0 0 0 0 0 0 0 0 5 89 7 0 0 134 0 0 0 597 8 2107 197 0 2089 0 0 0 0 0 1150 7 449 14 0 0 0 0 0 177 0 1 68 4 4 5 0 0 0 42 0 1 0 0 0 0 1874 
130 0 13 0 0 0 0 0 0 0 0 0 0 0 0 0 0 0 0 0 0 0 0 0 0 0 0 0 0 0 0 0 0 0 0 0 0 0 0 0 0 582 0 1 2 0 0 2 8 0 0 0 0 0 0 0 0 0 0 0 0 0 0 0 0 2 0 3 6 0 2 0 0 0 10 0 0 22 0 0 0 0 0 
0 0 0 0 0 0 0 0 0 0 0 0 0 0 0 0 0 1 0 0 0 2 0 0 0 0 0 0 0 0 0 0 0 0 0 0 0 0 0 2 0 0 0 0 0 0 0 0 0 0 47 0 0 0 0 0 59 0 15 0 92 126 32 0 85 380 543 134 0 61 0 0 0 0 0 993 0 8 0 0 0 0 3 
0 0 0 0 0 0 0 0 0 0 0 0 0 0 0 0 0 0 0 0 0 0 0 0 0 0 0 0 0 0 0 0 0 0 0 0 0 0 0 0 0 0 0 0 0 0 0 0 0 0 0 0 0 0 0 0 0 0 70 0 0 0 0 0 0 110 0 55 118 0 3 0 0 0 5 423 0 7 0 0 0 0 2 
0 0 0 0 0 0 0 289 0 12578 0 0 0 0 0 937 47 1694 1 0 0 0 0 0 0 0 0 0 0 0 0 0 0 0 297 0 2960 7318 0 0 1 0 0 0 0 0 0 0 1800 159 13886 0 0 0 0 0 1130 1 594 10 3 0 0 0 0 0 0 0 0 0 0 0 0 0 0 345 0 140 1874 0 3 2 0 
