0 4118 1586 2576 310 0 1746 0 0 0 0 2 0 0 0 0 0 0 0 0 0 0 0 0 0 0 0 0 0 2 0 4 0 322 19 13 0 7 45 0 0 0 0 0 0 0 0 1 0 0 0 0 0 0 0 0 0 0 0 0 0 0 0 0 0 0 0 0 0 0 0 0 0 0 0 0 0 0 0 0 0 0 0 
4118 0 0 0 14 0 0 0 0 0 0 0 0 0 0 0 0 0 0 0 0 0 0 0 0 0 0 0 1 0 0 405 0 5414 0 0 6 0 0 0 0 0 0 0 0 0 0 0 0 0 0 0 0 0 0 0 0 0 0 0 0 0 0 0 0 0 0 0 0 0 0 0 0 0 0 0 0 0 0 0 0 0 0 
1586 0 0 7 0 0 0 0 0 0 0 0 0 0 0 0 0 0 0 0 0 0 0 0 0 0 0 0 0 0 0 3 0 309 0 579 1437 0 265 0 0 0 0 4 1 0 0 69 1 0 0 0 0 0 0 0 0 0 0 0 0 0 0 0 0 0 0 0 0 0 0 0 0 0 0 0 0 0 0 0 0 0 0 
2576 0 7 0 0 0 0 12 0 0 0 23 0 0 0 0 0 0 0 0 0 0 0 0 0 0 0 0 0 0 0 0 0 0 0 1132 134 2 731 0 0 837 0 1407 138 0 0 6587 129 0 0 0 0 0 0 0 0 0 0 0 0 0 0 0 0 0 0 0 0 0 0 0 0 0 0 0 0 0 0 0 0 0 0 
310 14 0 0 0 1176 74 749 13 0 0 0 604 15 0 0 0 0 0 0 0 0 0 0 0 0 0 0 0 0 0 0 0 7143 0 0 32 0 0 0 0 0 0 0 0 0 0 0 727 0 0 0 0 114 0 0 0 0 0 0 0 0 0 0 0 0 0 0 0 0 0 0 0 0 0 0 0 0 0 0 0 0 0 
0 0 0 0 1176 0 31 3276 2275 4105 0 0 162 17 0 0 0 0 0 0 0 0 0 0 0 0 0 0 0 0 0 0 0 1948 0 0 5 0 0 0 0 0 0 0 0 0 0 0 1596 0 0 0 0 241 0 0 0 0 0 0 0 0 0 0 0 0 0 0 0 0 0 0 0 0 0 0 0 2 0 0 0 0 0 
1746 0 0 0 74 31 0 5047 2045 51 0 3 3699 0 5 0 0 0 28 0 0 1 11 45 210 0 0 0 384 0 0 2704 0 16878 1269 7028 8308 429 0 1 0 0 0 45 0 2 0 10064 842 0 0 0 0 0 0 3 0 0 0 0 0 0 0 0 0 0 0 0 0 0 0 0 0 0 0 18 5 18 0 0 0 0 443 
0 0 0 12 749 3276 5047 0 57 338 486 374 11646 8468 0 42 3 0 0 0 0 0 0 0 0 0 0 0 0 0 0 0 0 1094 1840 90 4782 36 0 0 0 0 0 4 0 0 0 4240 5567 0 25 0 0 204 49 0 0 0 0 0 0 0 0 0 0 0 0 0 0 0 0 0 0 0 83 116 8 797 0 0 0 0 304 
0 0 0 0 13 2275 2045 57 0 512 0 0 10 0 0 0 0 0 0 0 0 0 0 0 0 0 0 0 0 0 0 0 0 230 0 0 553 0 0 0 0 0 0 0 0 0 0 0 0 0 0 0 0 0 0 0 0 0 0 0 0 0 0 0 0 0 0 0 0 0 0 0 0 0 0 0 0 0 0 0 0 0 0 
0 0 0 0 0 4105 51 338 512 0 944 0 0 7411 0 1304 3681 97 107 26 0 0 0 0 0 0 0 0 1 0 12 0 0 7468 15888 235 17778 0 0 0 0 0 0 0 0 0 0 0 1474 0 6039 6593 0 0 165 0 0 0 0 0 1 0 0 0 0 0 0 0 0 0 0 0 0 0 2 1193 2 716 1 0 0 0 2139 
0 0 0 0 0 0 0 486 0 944 0 0 0 3810 0 259 0 9 0 44 0 0 0 0 0 0 0 0 0 0 0 0 0 0 0 0 0 0 0 0 0 0 0 0 0 0 0 0 0 0 1 56 0 0 26 0 0 0 0 0 0 0 0 0 0 0 0 0 0 0 0 0 0 0 0 0 0 0 0 0 0 0 0 
2 0 0 23 0 0 3 374 0 0 0 0 30 0 0 0 0 0 0 0 0 0 0 0 0 0 0 0 0 0 0 0 0 0 0 1 0 0 28 0 0 9 0 277 18 0 0 2268 295 0 0 0 3 5 0 0 0 0 0 0 0 0 0 0 0 0 0 0 0 0 0 0 0 0 0 0 0 0 0 0 0 0 0 
0 0 0 0 604 162 3699 11646 10 0 0 30 0 0 0 0 1 0 0 0 0 0 0 0 0 0 0 0 0 0 0 0 0 594 408 25 767 64 0 0 0 0 0 34 0 1 0 1494 1364 0 0 0 0 0 0 0 0 0 0 0 0 0 0 0 0 0 0 0 0 0 0 0 0 0 0 0 0 3 0 0 0 0 211 
0 0 0 0 15 17 0 8468 0 7411 3810 0 0 0 311 439 0 2469 0 6216 0 0 0 0 0 0 0 0 0 0 0 0 0 0 0 0 0 0 0 0 0 0 0 0 0 0 0 0 157 0 0 196 0 0 14 2 0 0 0 0 12 0 0 0 0 0 0 0 0 0 0 0 0 0 0 0 0 0 0 0 0 0 0 
0 0 0 0 0 0 5 0 0 0 0 0 0 311 0 0 0 209 0 6365 0 0 0 85 355 997 0 0 4 0 0 0 0 7 0 0 300 0 0 103 0 0 0 0 0 0 0 0 0 0 0 0 0 0 0 1 0 0 0 0 0 0 0 0 0 0 0 0 0 0 0 0 0 0 0 0 0 0 0 0 0 0 0 
0 0 0 0 0 0 0 42 0 1304 259 0 0 439 0 0 3495 5 251 76 0 0 0 0 0 0 0 0 0 0 4 0 0 2931 486 0 5715 0 0 10 0 0 0 0 0 0 0 0 0 0 32 41 0 0 81 0 0 0 0 0 0 0 0 0 0 0 0 0 0 0 0 0 0 0 0 0 0 0 0 0 0 0 775 
0 0 0 0 0 0 0 3 0 3681 0 0 1 0 0 3495 0 5010 97 0 0 0 95 0 0 0 0 0 14 3 2727 436 19 4881 56 0 3632 0 0 0 0 0 0 0 0 0 0 0 14 0 0 0 0 0 0 113 0 0 0 0 1362 0 0 0 0 0 0 0 0 0 0 0 275 8 0 1036 0 68 0 0 0 0 76 
0 0 0 0 0 0 0 0 0 97 9 0 0 2469 209 5 5010 0 12061 401 13 9 1932 0 0 0 0 0 3 0 27 416 147 1580 10670 0 4028 12 0 110 0 0 0 0 0 0 0 0 0 0 24 162 0 0 2639 3357 0 0 83 0 4282 1 0 80 0 0 0 0 0 0 16 183 2281 26 4 406 3 750 0 0 0 0 3115 
0 0 0 0 0 0 28 0 0 107 0 0 0 0 0 251 97 12061 0 7 0 0 1302 0 0 0 0 0 4660 4803 3059 817 15 713 0 0 70 3 0 10 0 0 0 0 0 0 0 0 0 0 0 0 0 0 0 4 0 0 0 0 0 0 0 0 0 0 0 0 0 0 0 0 10 0 0 0 0 0 0 0 0 0 0 
0 0 0 0 0 0 0 0 0 26 44 0 0 6216 6365 76 0 401 7 0 5 0 0 2 0 7 0 0 0 0 0 0 0 0 5 0 0 0 0 1 0 0 0 0 0 0 0 0 0 0 3 20 0 0 388 3187 0 0 0 0 609 1 0 0 0 15 0 0 0 35 4 85 353 11 0 0 0 28 0 0 0 0 0 
0 0 0 0 0 0 0 0 0 0 0 0 0 0 0 0 0 13 0 5 0 382 52 125 13 0 0 0 0 0 0 274 0 908 0 0 2 0 0 0 0 0 0 0 0 0 0 0 0 0 0 0 0 0 0 555 0 0 0 0 1563 0 4 145 10 0 0 0 0 0 10 2 71 0 0 0 0 38 0 0 0 0 0 
0 0 0 0 0 0 1 0 0 0 0 0 0 0 0 0 0 9 0 0 382 0 56 1252 136 0 0 0 0 15 0 633 26 2200 0 0 51 0 0 0 0 0 0 0 0 0 0 0 0 0 0 0 0 0 0 1 0 0 0 0 5 9 0 20 0 0 0 0 0 0 24 34 491 0 0 0 0 222 0 0 0 0 0 
0 0 0 0 0 0 11 0 0 0 0 0 0 0 0 0 95 1932 1302 0 52 56 0 100 307 0 0 0 2285 2072 126 3729 1193 5161 0 0 1617 316 0 90 2 0 0 0 0 0 0 0 0 0 0 0 0 0 0 40 0 0 0 0 526 0 0 262 0 2 0 0 0 0 61 169 1828 0 19 40 0 971 0 0 0 0 23 
0 0 0 0 0 0 45 0 0 0 0 0 0 0 85 0 0 0 0 2 125 1252 100 0 354 16 0 0 43 0 0 114 0 4088 0 0 908 0 0 14 0 0 0 0 0 0 0 0 0 0 0 0 0 0 0 0 0 0 0 0 0 0 0 2 202 0 0 0 0 2 3 0 3 0 0 0 0 2 0 0 0 0 0 
0 0 0 0 0 0 210 0 0 0 0 0 0 0 355 0 0 0 0 0 13 136 307 354 0 25 0 1 40 171 0 2570 0 2778 2 0 2470 0 0 444 0 0 0 0 0 0 0 0 0 0 0 0 0 0 0 0 0 0 0 0 0 0 0 0 0 0 0 0 0 0 0 0 0 0 0 0 0 1 0 0 0 0 0 
0 0 0 0 0 0 0 0 0 0 0 0 0 0 997 0 0 0 0 7 0 0 0 16 25 0 0 0 1 0 0 0 0 0 0 0 4 0 0 618 0 0 0 0 0 0 0 0 0 0 0 0 0 0 0 12 0 0 0 0 0 0 0 0 0 0 0 0 0 0 0 0 0 0 0 0 0 0 0 0 0 0 0 
0 0 0 0 0 0 0 0 0 0 0 0 0 0 0 0 0 0 0 0 0 0 0 0 0 0 0 0 0 0 0 0 0 0 0 0 9 0 0 11 0 0 0 0 0 0 0 0 0 0 0 0 0 0 0 0 0 0 0 0 0 0 0 0 0 0 0 0 0 0 0 0 0 0 0 0 0 0 0 0 0 0 0 
0 0 0 0 0 0 0 0 0 0 0 0 0 0 0 0 0 0 0 0 0 0 0 0 1 0 0 0 0 0 0 0 0 0 0 0 446 18 0 119 6 0 0 0 0 0 0 0 0 0 0 0 0 0 0 0 0 0 0 0 0 0 0 0 0 0 0 0 0 0 0 0 0 0 0 0 0 0 0 0 0 0 0 
0 1 0 0 0 0 384 0 0 1 0 0 0 0 4 0 14 3 4660 0 0 0 2285 43 40 1 0 0 0 318 86 1276 0 1799 0 0 1358 1 0 160 0 0 0 0 0 0 0 0 0 0 0 0 0 0 0 0 0 0 0 0 0 0 0 0 0 0 0 0 0 0 0 0 0 0 0 0 0 0 0 0 0 0 0 
2 0 0 0 0 0 0 0 0 0 0 0 0 0 0 0 3 0 4803 0 0 15 2072 0 171 0 0 0 318 0 5172 126 0 7 9 0 200 15 0 48 0 0 0 0 0 0 0 0 0 0 0 0 0 0 0 0 0 0 0 0 0 0 0 0 0 0 0 0 0 0 0 0 0 0 0 0 0 0 0 0 0 0 0 
0 0 0 0 0 0 0 0 0 12 0 0 0 0 0 4 2727 27 3059 0 0 0 126 0 0 0 0 0 86 5172 0 1677 0 37 0 0 1701 0 0 0 0 0 0 0 0 0 0 0 2 0 0 0 0 0 0 0 0 0 0 0 0 0 0 0 0 0 0 0 0 0 0 0 0 0 0 0 0 0 0 0 0 0 0 
4 405 3 0 0 0 2704 0 0 0 0 0 0 0 0 0 436 416 817 0 274 633 3729 114 2570 0 0 0 1276 126 1677 0 192 610 1 0 2528 117 0 15 2 0 0 0 0 0 0 0 0 0 0 0 0 0 0 2 0 0 0 0 0 0 0 0 0 0 0 0 0 0 0 2 29 0 0 0 0 5 0 0 0 0 0 
0 0 0 0 0 0 0 0 0 0 0 0 0 0 0 0 19 147 15 0 0 26 1193 0 0 0 0 0 0 0 0 192 0 210 0 0 0 0 0 0 0 0 0 0 0 0 0 0 0 0 0 0 0 0 0 65 0 0 0 0 0 0 0 0 0 0 0 0 0 0 0 0 491 12 0 4 0 85 0 0 0 0 0 
322 5414 309 0 7143 1948 16878 1094 230 7468 0 0 594 0 7 2931 4881 1580 713 0 908 2200 5161 4088 2778 0 0 0 1799 7 37 610 210 0 11 0 1968 44 1 2 1 0 0 0 0 0 2 68 1773 0 2 0 0 11 3 96 0 0 0 0 213 0 0 2 0 0 0 0 0 0 2 14 938 4 3 231 3 795 0 0 0 0 87 
19 0 0 0 0 0 1269 1840 0 15888 0 0 408 0 0 486 56 10670 0 5 0 0 0 0 2 0 0 0 0 9 0 1 0 11 0 263 375 283 0 100 159 0 0 0 0 0 1 377 1135 0 2 22 0 4 467 0 0 0 351 0 1954 0 0 0 0 0 0 0 0 0 0 0 20 2 3 1357 43 633 47 0 2 0 329 
13 0 579 1132 0 0 7028 90 0 235 0 1 25 0 0 0 0 0 0 0 0 0 0 0 0 0 0 0 0 0 0 0 0 0 263 0 6 0 0 0 0 0 0 0 0 0 0 82 72 0 0 0 0 0 2 0 0 0 19 0 27 0 0 0 0 0 0 0 0 0 0 0 0 0 0 7 0 65 0 0 0 0 30 
0 6 1437 134 32 5 8308 4782 553 17778 0 0 767 0 300 5715 3632 4028 70 0 2 51 1617 908 2470 4 9 446 1358 200 1701 2528 0 1968 375 6 0 0 0 213 0 0 0 0 0 4 0 567 5140 0 42 0 0 18 39 123 0 0 0 0 65 0 0 0 0 0 0 0 0 0 0 0 1243 11 29 557 14 2251 1 0 0 0 3089 
7 0 0 2 0 0 429 36 0 0 0 0 64 0 0 0 0 12 3 0 0 0 316 0 0 0 0 18 1 15 0 117 0 44 283 0 0 0 0 3 0 0 0 0 0 2 0 121 76 0 0 0 0 0 0 4 0 0 0 0 1 0 0 0 0 0 0 0 0 0 0 0 389 0 7 32 7 231 0 0 0 0 1567 
45 0 265 731 0 0 0 0 0 0 0 28 0 0 0 0 0 0 0 0 0 0 0 0 0 0 0 0 0 0 0 0 0 1 0 0 0 0 0 0 0 21 0 0 0 0 0 13 0 0 0 0 0 0 0 0 0 0 0 0 0 0 0 0 0 0 0 0 0 0 0 0 0 0 0 0 0 0 0 0 0 0 0 
0 0 0 0 0 0 1 0 0 0 0 0 0 0 103 10 0 110 10 1 0 0 90 14 444 618 11 119 160 48 0 15 0 2 100 0 213 3 0 0 80 0 0 0 0 0 0 0 0 0 0 0 0 0 0 559 0 0 0 0 0 0 0 0 0 0 0 0 0 0 0 0 412 4 11 56 0 140 0 0 1 0 0 
0 0 0 0 0 0 0 0 0 0 0 0 0 0 0 0 0 0 0 0 0 0 2 0 0 0 0 6 0 0 0 2 0 1 159 0 0 0 0 80 0 0 0 0 0 0 0 0 0 0 0 0 0 0 0 0 0 0 0 0 0 0 0 0 0 0 0 0 0 0 0 0 16 0 0 1 0 1 0 0 0 0 0 
0 0 0 837 0 0 0 0 0 0 0 9 0 0 0 0 0 0 0 0 0 0 0 0 0 0 0 0 0 0 0 0 0 0 0 0 0 0 21 0 0 0 1884 3 504 43 0 719 0 0 0 0 1437 0 0 0 0 0 0 0 0 0 0 0 0 0 0 0 0 0 0 0 0 0 958 0 2 123 0 19 0 0 0 
0 0 0 0 0 0 0 0 0 0 0 0 0 0 0 0 0 0 0 0 0 0 0 0 0 0 0 0 0 0 0 0 0 0 0 0 0 0 0 0 0 1884 0 0 0 4 0 1 0 0 0 0 0 0 0 0 0 0 0 0 0 0 0 0 0 0 0 0 0 0 0 0 2 0 603 0 0 1891 0 0 0 23 0 
0 0 4 1407 0 0 45 4 0 0 0 277 34 0 0 0 0 0 0 0 0 0 0 0 0 0 0 0 0 0 0 0 0 0 0 0 0 0 0 0 0 3 0 0 90 0 0 0 3 0 0 0 163 0 0 0 0 0 0 0 0 0 0 0 0 0 0 0 0 0 0 0 0 0 0 0 0 0 0 0 0 0 0 
0 0 1 138 0 0 0 0 0 0 0 18 0 0 0 0 0 0 0 0 0 0 0 0 0 0 0 0 0 0 0 0 0 0 0 0 0 0 0 0 0 504 0 90 0 0 0 391 9 0 0 0 429 2 0 0 0 0 0 0 0 0 0 0 0 0 0 0 0 0 0 0 0 0 3 0 25 1 0 8 0 4 0 
0 0 0 0 0 0 2 0 0 0 0 0 1 0 0 0 0 0 0 0 0 0 0 0 0 0 0 0 0 0 0 0 0 0 0 0 4 2 0 0 0 43 4 0 0 0 0 59 0 0 0 0 0 0 0 0 0 0 0 0 0 0 0 0 0 0 0 0 0 0 0 0 0 0 3306 0 0 3215 0 0 0 0 0 
0 0 0 0 0 0 0 0 0 0 0 0 0 0 0 0 0 0 0 0 0 0 0 0 0 0 0 0 0 0 0 0 0 2 1 0 0 0 0 0 0 0 0 0 0 0 0 67 7416 887 4063 0 0 0 0 0 9 0 0 0 0 0 0 0 0 0 0 0 0 0 0 0 0 0 3517 0 0 1729 0 0 0 0 0 
1 0 69 6587 0 0 10064 4240 0 0 0 2268 1494 0 0 0 0 0 0 0 0 0 0 0 0 0 0 0 0 0 0 0 0 68 377 82 567 121 13 0 0 719 1 0 391 59 67 0 6657 6731 1101 0 866 3275 0 0 0 0 0 0 0 0 0 0 0 0 0 0 0 0 0 0 0 0 4735 200 11109 15887 320 111 0 8 151 
0 0 1 129 727 1596 842 5567 0 1474 0 295 1364 157 0 0 14 0 0 0 0 0 0 0 0 0 0 0 0 0 2 0 0 1773 1135 72 5140 76 0 0 0 0 0 3 9 0 7416 6657 0 489 5529 1 290 12500 6791 0 0 0 0 0 0 0 0 0 0 0 0 0 0 0 0 0 0 0 1353 2451 1081 8201 5 0 0 0 497 
0 0 0 0 0 0 0 0 0 0 0 0 0 0 0 0 0 0 0 0 0 0 0 0 0 0 0 0 0 0 0 0 0 0 0 0 0 0 0 0 0 0 0 0 0 0 887 6731 489 0 3155 0 0 0 0 0 312 0 7 0 0 0 0 0 0 0 0 0 0 0 0 0 0 0 23 0 0 2 0 0 0 0 0 
0 0 0 0 0 0 0 25 0 6039 1 0 0 0 0 32 0 24 0 3 0 0 0 0 0 0 0 0 0 0 0 0 0 2 2 0 42 0 0 0 0 0 0 0 0 0 4063 1101 5529 3155 0 12 0 0 9 0 21226 1324 1884 18 69 0 0 0 0 11 0 0 0 98 300 1443 1549 24 2706 16312 778 7307 77 0 0 0 0 
0 0 0 0 0 0 0 0 0 6593 56 0 0 196 0 41 0 162 0 20 0 0 0 0 0 0 0 0 0 0 0 0 0 0 22 0 0 0 0 0 0 0 0 0 0 0 0 0 1 0 12 0 0 0 2655 0 1 0 0 0 4 0 0 0 0 0 0 0 0 0 0 0 0 0 0 4245 285 116 58 0 0 0 0 
0 0 0 0 0 0 0 0 0 0 0 3 0 0 0 0 0 0 0 0 0 0 0 0 0 0 0 0 0 0 0 0 0 0 0 0 0 0 0 0 0 1437 0 163 429 0 0 866 290 0 0 0 0 85 0 0 0 0 0 0 0 0 0 0 0 0 0 0 0 0 0 0 0 0 0 0 0 0 0 0 0 0 0 
0 0 0 0 114 241 0 204 0 0 0 5 0 0 0 0 0 0 0 0 0 0 0 0 0 0 0 0 0 0 0 0 0 11 4 0 18 0 0 0 0 0 0 0 2 0 0 3275 12500 0 0 0 85 0 2 0 0 0 0 0 0 0 0 0 0 0 0 0 0 0 0 0 0 0 0 0 0 0 0 0 0 0 1 
0 0 0 0 0 0 0 49 0 165 26 0 0 14 0 81 0 2639 0 388 0 0 0 0 0 0 0 0 0 0 0 0 0 3 467 2 39 0 0 0 0 0 0 0 0 0 0 0 6791 0 9 2655 0 2 0 135 47 0 85 0 2760 0 0 0 0 0 0 0 0 0 0 0 0 0 0 206 15 0 0 0 0 0 20 
0 0 0 0 0 0 3 0 0 0 0 0 0 2 1 0 113 3357 4 3187 555 1 40 0 0 12 0 0 0 0 0 2 65 96 0 0 123 4 0 559 0 0 0 0 0 0 0 0 0 0 0 0 0 0 135 0 0 0 4 0 5310 1 0 6 132 205 0 0 0 0 0 217 5033 46 43 100 0 1286 3 0 102 0 19 
0 0 0 0 0 0 0 0 0 0 0 0 0 0 0 0 0 0 0 0 0 0 0 0 0 0 0 0 0 0 0 0 0 0 0 0 0 0 0 0 0 0 0 0 0 0 9 0 0 312 21226 1 0 0 47 0 0 232 1757 108 9 0 0 0 0 3 0 0 0 350 1029 844 393 1 336 685 0 3327 106 0 0 0 0 
0 0 0 0 0 0 0 0 0 0 0 0 0 0 0 0 0 0 0 0 0 0 0 0 0 0 0 0 0 0 0 0 0 0 0 0 0 0 0 0 0 0 0 0 0 0 0 0 0 0 1324 0 0 0 0 0 232 0 3525 1119 0 0 0 0 0 0 0 0 0 562 3228 6713 5912 22 133 0 0 4 0 0 0 0 0 
0 0 0 0 0 0 0 0 0 0 0 0 0 0 0 0 0 83 0 0 0 0 0 0 0 0 0 0 0 0 0 0 0 0 351 19 0 0 0 0 0 0 0 0 0 0 0 0 0 7 1884 0 0 0 85 4 1757 3525 0 10108 4271 151 0 1063 1 2128 0 0 0 3635 2314 596 3691 850 581 8501 22 14504 2030 0 0 0 0 
0 0 0 0 0 0 0 0 0 0 0 0 0 0 0 0 0 0 0 0 0 0 0 0 0 0 0 0 0 0 0 0 0 0 0 0 0 0 0 0 0 0 0 0 0 0 0 0 0 0 18 0 0 0 0 0 108 1119 10108 0 183 0 0 5506 0 514 0 0 0 3809 12478 727 513 0 0 0 0 0 0 0 0 0 0 
0 0 0 0 0 0 0 0 0 1 0 0 0 12 0 0 1362 4282 0 609 1563 5 526 0 0 0 0 0 0 0 0 0 0 213 1954 27 65 1 0 0 0 0 0 0 0 0 0 0 0 0 69 4 0 0 2760 5310 9 0 4271 183 0 1215 645 6030 13 2501 0 0 0 281 34 715 6954 680 382 3552 2 4081 868 0 0 0 83 
0 0 0 0 0 0 0 0 0 0 0 0 0 0 0 0 0 1 0 1 0 9 0 0 0 0 0 0 0 0 0 0 0 0 0 0 0 0 0 0 0 0 0 0 0 0 0 0 0 0 0 0 0 0 0 1 0 0 151 0 1215 0 674 99 192 250 0 0 0 16 135 70 103 0 0 0 0 0 0 0 1 0 0 
0 0 0 0 0 0 0 0 0 0 0 0 0 0 0 0 0 0 0 0 4 0 0 0 0 0 0 0 0 0 0 0 0 0 0 0 0 0 0 0 0 0 0 0 0 0 0 0 0 0 0 0 0 0 0 0 0 0 0 0 645 674 0 14 2623 0 0 0 0 61 171 0 317 0 0 0 0 0 0 0 3 0 0 
0 0 0 0 0 0 0 0 0 0 0 0 0 0 0 0 0 80 0 0 145 20 262 2 0 0 0 0 0 0 0 0 0 2 0 0 0 0 0 0 0 0 0 0 0 0 0 0 0 0 0 0 0 0 0 6 0 0 1063 5506 6030 99 14 0 1933 6514 0 0 0 8895 6070 895 3022 0 0 0 0 38 0 0 6 0 0 
0 0 0 0 0 0 0 0 0 0 0 0 0 0 0 0 0 0 0 0 10 0 0 202 0 0 0 0 0 0 0 0 0 0 0 0 0 0 0 0 0 0 0 0 0 0 0 0 0 0 0 0 0 0 0 132 0 0 1 0 13 192 2623 1933 0 969 3 0 0 1189 397 0 536 0 0 0 0 0 0 0 1248 0 0 
0 0 0 0 0 0 0 0 0 0 0 0 0 0 0 0 0 0 0 15 0 0 2 0 0 0 0 0 0 0 0 0 0 0 0 0 0 0 0 0 0 0 0 0 0 0 0 0 0 0 11 0 0 0 0 205 3 0 2128 514 2501 250 0 6514 969 0 16 6 0 719 626 749 1209 0 0 0 0 0 0 0 179 0 0 
0 0 0 0 0 0 0 0 0 0 0 0 0 0 0 0 0 0 0 0 0 0 0 0 0 0 0 0 0 0 0 0 0 0 0 0 0 0 0 0 0 0 0 0 0 0 0 0 0 0 0 0 0 0 0 0 0 0 0 0 0 0 0 0 3 16 0 0 0 0 0 0 0 0 0 0 0 0 0 0 21 0 0 
0 0 0 0 0 0 0 0 0 0 0 0 0 0 0 0 0 0 0 0 0 0 0 0 0 0 0 0 0 0 0 0 0 0 0 0 0 0 0 0 0 0 0 0 0 0 0 0 0 0 0 0 0 0 0 0 0 0 0 0 0 0 0 0 0 6 0 0 0 0 1 0 55 0 0 0 0 0 0 0 0 0 0 
0 0 0 0 0 0 0 0 0 0 0 0 0 0 0 0 0 0 0 0 0 0 0 0 0 0 0 0 0 0 0 0 0 0 0 0 0 0 0 0 0 0 0 0 0 0 0 0 0 0 0 0 0 0 0 0 0 0 0 0 0 0 0 0 0 0 0 0 0 0 0 0 0 0 1 0 0 0 0 0 0 0 0 
0 0 0 0 0 0 0 0 0 0 0 0 0 0 0 0 0 0 0 35 0 0 0 2 0 0 0 0 0 0 0 0 0 0 0 0 0 0 0 0 0 0 0 0 0 0 0 0 0 0 98 0 0 0 0 0 350 562 3635 3809 281 16 61 8895 1189 719 0 0 0 0 374 107 153 0 0 0 0 0 0 0 0 0 0 
0 0 0 0 0 0 0 0 0 0 0 0 0 0 0 0 0 16 0 4 10 24 61 3 0 0 0 0 0 0 0 0 0 2 0 0 0 0 0 0 0 0 0 0 0 0 0 0 0 0 300 0 0 0 0 0 1029 3228 2314 12478 34 135 171 6070 397 626 0 1 0 374 0 1651 432 0 0 0 0 0 0 0 0 0 0 
0 0 0 0 0 0 0 0 0 0 0 0 0 0 0 0 0 183 0 85 2 34 169 0 0 0 0 0 0 0 0 2 0 14 0 0 0 0 0 0 0 0 0 0 0 0 0 0 0 0 1443 0 0 0 0 217 844 6713 596 727 715 70 0 895 0 749 0 0 0 107 1651 0 346 0 112 0 0 70 0 0 0 0 0 
0 0 0 0 0 0 0 0 0 0 0 0 0 0 0 0 275 2281 10 353 71 491 1828 3 0 0 0 0 0 0 0 29 491 938 20 0 1243 389 0 412 16 0 2 0 0 0 0 0 0 0 1549 0 0 0 0 5033 393 5912 3691 513 6954 103 317 3022 536 1209 0 55 0 153 432 346 0 85 489 0 0 4020 0 0 765 22 224 
0 0 0 0 0 0 0 0 0 0 0 0 0 0 0 0 8 26 0 11 0 0 0 0 0 0 0 0 0 0 0 0 12 4 2 0 11 0 0 4 0 0 0 0 0 0 0 0 0 0 24 0 0 0 0 46 1 22 850 0 680 0 0 0 0 0 0 0 0 0 0 0 85 0 33 0 0 0 0 0 0 0 9 
0 0 0 0 0 0 0 83 0 2 0 0 0 0 0 0 0 4 0 0 0 0 19 0 0 0 0 0 0 0 0 0 0 3 3 0 29 7 0 11 0 958 603 0 3 3306 3517 4735 1353 23 2706 0 0 0 0 43 336 133 581 0 382 0 0 0 0 0 0 0 1 0 0 112 489 33 0 4 6 671 0 3 0 4 2 
0 0 0 0 0 0 18 116 0 1193 0 0 0 0 0 0 1036 406 0 0 0 0 40 0 0 0 0 0 0 0 0 0 4 231 1357 7 557 32 0 56 1 0 0 0 0 0 0 200 2451 0 16312 4245 0 0 206 100 685 0 8501 0 3552 0 0 0 0 0 0 0 0 0 0 0 0 0 4 0 423 112 105 0 25 0 1024 
0 0 0 0 0 0 5 8 0 2 0 0 0 0 0 0 0 3 0 0 0 0 0 0 0 0 0 0 0 0 0 0 0 3 43 0 14 7 0 0 0 2 0 0 25 0 0 11109 1081 0 778 285 0 0 15 0 0 0 22 0 2 0 0 0 0 0 0 0 0 0 0 0 0 0 6 423 0 237 70 4 0 0 8 
0 0 0 0 0 2 18 797 0 716 0 0 3 0 0 0 68 750 0 28 38 222 971 2 1 0 0 0 0 0 0 5 85 795 633 65 2251 231 0 140 1 123 1891 0 1 3215 1729 15887 8201 2 7307 116 0 0 0 1286 3327 4 14504 0 4081 0 0 38 0 0 0 0 0 0 0 70 4020 0 671 112 237 0 44 7 130 48 135 
0 0 0 0 0 0 0 0 0 1 0 0 0 0 0 0 0 0 0 0 0 0 0 0 0 0 0 0 0 0 0 0 0 0 47 0 1 0 0 0 0 0 0 0 0 0 0 320 5 0 77 58 0 0 0 3 106 0 2030 0 868 0 0 0 0 0 0 0 0 0 0 0 0 0 0 105 70 44 0 0 6 0 3 
0 0 0 0 0 0 0 0 0 0 0 0 0 0 0 0 0 0 0 0 0 0 0 0 0 0 0 0 0 0 0 0 0 0 0 0 0 0 0 0 0 19 0 0 8 0 0 111 0 0 0 0 0 0 0 0 0 0 0 0 0 0 0 0 0 0 0 0 0 0 0 0 0 0 3 0 4 7 0 0 0 0 0 
0 0 0 0 0 0 0 0 0 0 0 0 0 0 0 0 0 0 0 0 0 0 0 0 0 0 0 0 0 0 0 0 0 0 2 0 0 0 0 1 0 0 0 0 0 0 0 0 0 0 0 0 0 0 0 102 0 0 0 0 0 1 3 6 1248 179 21 0 0 0 0 0 765 0 0 25 0 130 6 0 0 0 0 
0 0 0 0 0 0 0 0 0 0 0 0 0 0 0 0 0 0 0 0 0 0 0 0 0 0 0 0 0 0 0 0 0 0 0 0 0 0 0 0 0 0 23 0 4 0 0 8 0 0 0 0 0 0 0 0 0 0 0 0 0 0 0 0 0 0 0 0 0 0 0 0 22 0 4 0 0 48 0 0 0 0 0 
0 0 0 0 0 0 443 304 0 2139 0 0 211 0 0 775 76 3115 0 0 0 0 23 0 0 0 0 0 0 0 0 0 0 87 329 30 3089 1567 0 0 0 0 0 0 0 0 0 151 497 0 0 0 0 1 20 19 0 0 0 0 83 0 0 0 0 0 0 0 0 0 0 0 224 9 2 1024 8 135 3 0 0 0 0 
