0 3150 1409 74 5098 0 5919 0 0 0 0 368 0 0 0 0 0 0 0 0 0 0 0 0 0 0 0 0 0 0 0 51 0 58 0 0 0 0 5 0 0 199 0 4 8 0 0 3 0 0 0 0 22 0 0 0 0 0 0 0 0 0 0 0 0 0 0 0 0 0 0 0 0 0 82 0 0 0 0 0 0 0 5 
3150 0 0 0 107 0 270 0 0 0 0 0 0 0 0 0 0 0 0 0 0 0 0 0 0 0 0 0 0 0 0 7 0 555 0 0 4 0 0 0 0 0 0 0 0 0 0 0 0 0 0 0 0 0 0 0 0 0 0 0 0 0 0 0 0 0 0 0 0 0 0 0 0 0 0 0 0 0 0 0 0 0 0 
1409 0 0 479 0 0 0 0 0 0 0 156 0 0 0 0 0 0 0 0 0 0 0 0 0 0 0 0 0 0 0 0 0 0 0 0 0 0 0 0 0 51 0 16 18 0 0 9 0 0 0 0 1 0 0 0 0 0 0 0 0 0 0 0 0 0 0 0 0 0 0 0 0 0 7 0 0 0 0 0 0 0 0 
74 0 479 0 0 0 354 955 0 0 0 191 0 0 0 0 0 0 0 0 0 0 0 0 0 0 0 0 0 0 0 0 0 47 10 0 2 0 1 0 0 143 0 0 1 0 0 0 0 0 0 0 24 0 0 0 0 0 0 0 0 0 0 0 0 0 0 0 0 0 0 0 0 0 14 0 0 0 0 0 0 0 3 
5098 107 0 0 0 114 177 286 202 0 0 0 0 0 0 0 0 0 0 0 0 0 0 0 113 0 0 0 0 3 0 216 0 4638 0 0 33 0 0 10 0 0 0 0 0 0 0 0 0 307 0 0 0 0 0 0 0 0 0 0 0 0 0 0 0 0 0 0 0 0 0 0 0 0 0 0 0 0 0 0 0 0 0 
0 0 0 0 114 0 1 3000 8308 22 0 0 0 0 0 0 0 0 0 0 0 0 0 0 0 0 0 0 0 0 0 0 0 1766 0 0 7 0 0 0 0 0 0 0 0 0 0 0 0 81 0 0 0 0 0 0 0 0 0 0 0 0 0 0 0 0 0 0 0 0 0 0 0 0 0 0 0 0 0 0 0 0 0 
5919 270 0 354 177 1 0 5091 1947 0 0 3718 4778 0 0 0 0 0 0 0 0 0 0 0 1177 3 0 0 0 15 0 4144 0 5780 1092 11683 7353 1031 49 233 4 865 0 1299 1262 0 116 12081 5704 1409 0 0 1102 7 0 0 0 0 0 0 0 0 0 0 0 0 0 0 0 0 0 0 1 0 226 0 1 42 1 0 0 0 1 
0 0 0 955 286 3000 5091 0 3390 8531 0 1245 11344 7216 1 1 5 31 0 1 0 0 0 0 1 0 0 0 0 0 0 0 0 3379 286 236 5215 114 0 0 0 0 0 0 0 0 106 26 8760 487 2119 100 0 81 258 0 1 0 5 0 0 0 0 0 0 0 0 0 0 0 0 0 0 0 920 7 0 933 0 0 0 0 0 
0 0 0 0 202 8308 1947 3390 0 1494 0 0 9 0 0 0 0 0 0 0 0 0 0 0 0 0 0 0 0 0 0 0 0 328 0 0 6 0 0 0 0 0 0 0 0 0 0 0 13 26 91 2 0 0 0 0 3 0 8 0 0 0 0 0 0 0 0 0 0 0 0 0 4 0 1 0 0 10 0 0 0 0 0 
0 0 0 0 0 22 0 8531 1494 0 7 0 1 2554 0 6924 1325 721 0 0 0 0 0 0 0 0 0 0 0 0 908 0 0 4864 10165 1275 10216 247 0 0 0 0 0 0 0 0 0 0 340 0 17021 1228 0 0 726 0 35 0 245 0 43 0 0 0 0 0 0 0 0 0 0 0 13 0 3 42 42 377 0 0 0 0 2412 
0 0 0 0 0 0 0 0 0 7 0 0 53 8974 0 0 0 335 0 656 0 0 0 0 0 0 0 0 0 0 0 0 0 0 773 2 456 0 0 0 0 0 0 0 0 0 0 0 0 0 824 38 0 0 500 0 0 0 114 0 14 0 0 0 0 0 0 0 0 0 0 0 0 0 0 2 18 0 0 0 0 0 0 
368 0 156 191 0 0 3718 1245 0 0 0 0 0 0 0 0 0 0 0 0 0 0 0 0 0 0 0 0 0 0 0 0 0 262 0 234 4 0 10 0 0 0 0 0 0 0 0 102 56 0 0 0 1 0 0 0 0 0 0 0 0 0 0 0 0 0 0 0 0 0 0 0 0 0 0 0 0 0 0 0 0 0 0 
0 0 0 0 0 0 4778 11344 9 1 53 0 0 11 0 0 0 5 0 5 0 0 0 0 0 0 0 0 0 0 0 0 0 0 0 0 0 0 0 0 0 0 0 0 0 0 0 2325 1372 27 0 0 0 9 0 0 0 0 0 0 0 0 0 0 0 0 0 0 0 0 0 0 0 0 0 0 1 0 0 0 0 0 0 
0 0 0 0 0 0 0 7216 0 2554 8974 0 11 0 105 70 1 5736 0 6343 0 0 0 0 0 0 0 0 0 0 0 0 0 2 958 147 57 0 0 0 0 0 0 0 0 0 0 0 70 0 0 0 0 0 3 0 0 0 0 0 0 0 0 0 0 0 0 0 0 0 0 0 0 0 0 0 1 0 0 0 0 0 28 
0 0 0 0 0 0 0 1 0 0 0 0 0 105 0 0 543 1269 12 1643 60 0 0 10 4 136 148 3 487 46 35 101 16 408 1266 2 900 0 0 123 1 0 0 0 0 0 0 0 0 0 0 0 0 0 0 62 0 0 57 280 157 89 49 1 11 0 0 0 0 29 0 0 6 1 1 22 0 16 0 0 3 0 204 
0 0 0 0 0 0 0 1 0 6924 0 0 0 70 0 0 6807 427 42 0 0 0 0 0 0 0 0 0 0 0 846 0 0 2924 256 2 7947 0 0 0 0 0 0 0 0 0 0 0 0 0 0 0 0 0 23 0 0 0 20 0 0 0 0 0 0 0 0 0 0 0 0 0 0 0 0 2 4 1 0 0 0 0 0 
0 0 0 0 0 0 0 5 0 1325 0 0 0 1 543 6807 0 4838 963 0 0 0 0 0 0 0 0 0 0 293 6962 46 0 3514 0 0 739 0 0 0 0 0 0 0 0 0 0 0 0 0 0 0 0 0 0 120 0 0 1 9 0 0 0 1 0 0 0 0 0 60 84 81 12 39 31 2 0 204 15 0 1 0 13 
0 0 0 0 0 0 0 31 0 721 335 0 5 5736 1269 427 4838 0 16950 269 11 0 103 0 250 0 0 0 3428 3194 2249 601 1 2174 5532 83 11432 5 0 0 0 0 0 0 0 0 0 0 0 0 0 0 0 0 227 0 0 0 54 4 16 73 11 32 0 0 0 0 0 0 0 0 77 0 18 18 63 531 0 0 0 0 478 
0 0 0 0 0 0 0 0 0 0 0 0 0 0 12 42 963 16950 0 940 14 17 825 17 3 0 0 0 6670 4936 1156 0 0 0 0 0 0 0 0 0 0 0 0 0 0 0 0 0 0 0 0 0 0 0 0 0 0 0 1741 123 176 24 8 565 0 0 0 0 0 38 0 0 731 49 50 2 0 961 6 0 11 0 14 
0 0 0 0 0 0 0 1 0 0 656 0 5 6343 1643 0 0 269 940 0 234 0 0 63 0 0 1 0 560 873 8 209 2 0 35 1 45 0 0 0 0 0 0 0 0 0 0 0 0 0 0 0 0 0 17 5 0 0 718 49 397 1050 536 92 2 0 0 0 0 2 0 0 45 0 2 3 6 38 0 0 0 0 0 
0 0 0 0 0 0 0 0 0 0 0 0 0 0 60 0 0 11 14 234 0 2302 8 561 0 0 0 0 0 19 1465 2880 390 42 0 0 46 0 0 0 0 0 0 0 0 0 0 0 0 0 0 0 0 0 0 0 0 0 1108 0 167 2006 1884 955 120 0 0 0 0 0 0 0 3 0 2 0 0 82 0 0 5 0 0 
0 0 0 0 0 0 0 0 0 0 0 0 0 0 0 0 0 0 17 0 2302 0 0 334 0 0 0 0 0 242 560 1130 391 49 0 0 90 0 0 0 0 0 0 0 0 0 0 0 0 0 0 0 0 0 0 0 0 0 268 0 31 823 1354 433 310 0 0 0 0 0 0 0 0 0 0 0 0 0 0 0 2 0 0 
0 0 0 0 0 0 0 0 0 0 0 0 0 0 0 0 0 103 825 0 8 0 0 62 4101 0 0 0 1894 873 977 442 20 0 0 0 0 0 0 0 0 0 0 0 0 0 0 0 0 0 0 0 0 0 0 0 0 0 0 0 0 0 0 0 0 0 0 0 0 0 0 0 0 0 0 0 0 5 0 0 0 0 0 
0 0 0 0 0 0 0 0 0 0 0 0 0 0 10 0 0 0 17 63 561 334 62 0 508 6 2 1 3657 7043 1306 7583 1346 173 0 0 240 0 0 27 0 0 0 0 0 0 0 0 0 0 0 0 0 0 0 0 0 0 278 0 11 577 2427 1150 2637 0 0 0 0 1 0 0 58 0 17 0 0 75 0 0 14 0 0 
0 0 0 0 113 0 1177 1 0 0 0 0 0 0 4 0 0 250 3 0 0 0 4101 508 0 600 1 44 1208 790 0 2568 0 826 0 0 40 0 0 62 163 0 0 0 0 0 1 0 0 11 0 0 0 0 0 0 0 0 0 0 0 0 0 0 0 0 0 0 0 0 0 0 0 0 0 0 0 0 0 0 0 0 0 
0 0 0 0 0 0 3 0 0 0 0 0 0 0 136 0 0 0 0 0 0 0 0 6 600 0 40 48 246 2 0 119 0 79 0 0 0 0 0 46 0 0 0 0 0 0 0 0 0 0 0 0 0 0 0 0 0 0 0 0 0 0 0 0 0 0 0 0 0 0 0 0 0 0 0 0 0 0 0 0 0 0 0 
0 0 0 0 0 0 0 0 0 0 0 0 0 0 148 0 0 0 0 1 0 0 0 2 1 40 0 8 0 0 0 4 0 2 0 0 0 0 0 99 1 0 0 0 0 0 0 0 0 0 0 0 0 0 0 0 0 0 0 0 0 0 0 0 0 0 0 0 0 0 0 0 0 0 0 0 0 0 0 0 0 0 0 
0 0 0 0 0 0 0 0 0 0 0 0 0 0 3 0 0 0 0 0 0 0 0 1 44 48 8 0 20 0 0 0 0 7 0 0 107 0 0 729 704 0 0 0 0 0 0 0 0 0 0 0 0 0 0 0 0 0 0 0 0 0 0 0 0 0 0 0 0 0 0 0 0 0 0 0 0 0 0 0 0 0 0 
0 0 0 0 0 0 0 0 0 0 0 0 0 0 487 0 0 3428 6670 560 0 0 1894 3657 1208 246 0 20 0 891 2 841 0 0 0 0 24 0 0 270 3 0 0 0 0 0 0 0 0 0 0 0 0 0 0 24 0 0 18 356 14 0 0 0 0 0 0 0 0 263 11 3 108 21 7 0 0 31 0 0 0 0 2 
0 0 0 0 3 0 15 0 0 0 0 0 0 0 46 0 293 3194 4936 873 19 242 873 7043 790 2 0 0 891 0 84 36 1 6 0 0 121 25 0 300 19 0 0 0 0 0 0 0 0 0 0 0 0 0 0 1 0 0 66 722 1 0 2 6 8 0 0 0 0 377 5 1 508 119 66 1 0 478 3 0 3 0 23 
0 0 0 0 0 0 0 0 0 908 0 0 0 0 35 846 6962 2249 1156 8 1465 560 977 1306 0 0 0 0 2 84 0 383 0 10 0 0 6 0 0 0 0 0 0 0 0 0 0 0 0 0 0 0 0 0 0 49 0 0 18 364 0 8 0 11 0 0 0 0 0 538 40 23 134 77 26 5 0 162 0 0 2 0 27 
51 7 0 0 216 0 4144 0 0 0 0 0 0 0 101 0 46 601 0 209 2880 1130 442 7583 2568 119 4 0 841 36 383 0 1 696 13 0 1676 285 1 705 248 0 0 0 0 0 0 0 0 0 0 0 0 0 0 94 0 0 876 45 133 361 700 2469 357 0 0 0 0 163 86 95 393 103 298 11 0 2140 4 0 4 0 46 
0 0 0 0 0 0 0 0 0 0 0 0 0 0 16 0 0 1 0 2 390 391 20 1346 0 0 0 0 0 1 0 1 0 12 0 0 0 0 0 0 0 0 0 0 0 0 0 0 0 0 0 0 0 0 0 64 0 0 13 79 5 18 160 654 295 0 0 0 0 112 261 212 561 141 500 46 0 4775 42 0 4 0 140 
58 555 0 47 4638 1766 5780 3379 328 4864 0 262 0 2 408 2924 3514 2174 0 0 42 49 0 173 826 79 2 7 0 6 10 696 12 0 18 3 236 0 37 43 13 0 0 0 0 0 270 0 29 649 2 0 0 0 0 78 0 0 2 5 0 0 10 90 35 0 0 0 0 4 49 96 223 8 127 67 1 1965 106 0 14 0 102 
0 0 0 10 0 0 1092 286 0 10165 773 0 0 958 1266 256 0 5532 0 35 0 0 0 0 0 0 0 0 0 0 0 13 0 18 0 808 95 10 0 283 21 0 0 0 0 0 6 0 0 60 979 0 0 0 557 101 12 0 125 0 1 0 0 0 0 0 0 0 0 0 23 41 15 4 55 10811 924 2458 103 0 32 0 1684 
0 0 0 0 0 0 11683 236 0 1275 2 234 0 147 2 2 0 83 0 1 0 0 0 0 0 0 0 0 0 0 0 0 0 3 808 0 22 2 18 0 0 0 0 0 0 0 0 11 0 44 20 0 0 0 124 0 0 0 13 0 1 0 0 0 0 0 0 0 0 0 0 0 0 0 3 1333 180 160 0 0 0 0 92 
0 4 0 2 33 7 7353 5215 6 10216 456 4 0 57 900 7947 739 11432 0 45 46 90 0 240 40 0 0 107 24 121 6 1676 0 236 95 22 0 10 11 155 52 0 0 0 1 0 78 0 132 705 3280 0 0 0 0 168 4 1 43 16 0 0 0 65 5 0 0 0 0 12 125 177 722 230 1236 1346 3 11911 347 0 126 0 4286 
0 0 0 0 0 0 1031 114 0 247 0 0 0 0 0 0 0 5 0 0 0 0 0 0 0 0 0 0 0 25 0 285 0 0 10 2 10 0 0 0 1 0 0 0 0 0 0 0 0 61 1 0 0 0 0 0 0 0 0 0 0 0 0 0 0 0 0 0 0 0 0 0 0 0 16 1 1 68 2 0 3 0 821 
5 0 0 1 0 0 49 0 0 0 0 10 0 0 0 0 0 0 0 0 0 0 0 0 0 0 0 0 0 0 0 1 0 37 0 18 11 0 0 0 0 0 0 0 0 0 0 0 0 0 0 0 0 0 0 0 0 0 0 0 0 0 0 0 0 0 0 0 0 0 0 0 0 0 0 0 0 0 0 0 0 0 0 
0 0 0 0 10 0 233 0 0 0 0 0 0 0 123 0 0 0 0 0 0 0 0 27 62 46 99 729 270 300 0 705 0 43 283 0 155 0 0 0 15 0 0 0 0 0 0 0 0 7 0 0 0 0 0 4 0 0 0 0 0 0 9 0 14 0 0 0 0 0 7 1 21 0 8 142 0 697 126 0 69 0 122 
0 0 0 0 0 0 4 0 0 0 0 0 0 0 1 0 0 0 0 0 0 0 0 0 163 0 1 704 3 19 0 248 0 13 21 0 52 1 0 15 0 0 0 0 0 0 0 0 0 0 0 0 0 0 0 0 0 0 0 0 0 0 0 0 0 0 0 0 0 0 0 0 0 0 0 0 0 0 0 0 0 0 0 
199 0 51 143 0 0 865 0 0 0 0 0 0 0 0 0 0 0 0 0 0 0 0 0 0 0 0 0 0 0 0 0 0 0 0 0 0 0 0 0 0 0 3578 151 31 2544 77 8891 9 0 0 0 869 0 0 0 0 0 0 0 0 0 0 0 3 13 0 0 3 0 1 0 19 0 85 0 3 0 0 34 0 0 0 
0 0 0 0 0 0 0 0 0 0 0 0 0 0 0 0 0 0 0 0 0 0 0 0 0 0 0 0 0 0 0 0 0 0 0 0 0 0 0 0 0 3578 0 0 0 140 0 1 0 0 0 0 0 0 0 0 0 0 0 0 0 0 0 0 0 3 0 0 0 0 0 0 35 0 1828 0 0 0 0 0 0 0 0 
4 0 16 0 0 0 1299 0 0 0 0 0 0 0 0 0 0 0 0 0 0 0 0 0 0 0 0 0 0 0 0 0 0 0 0 0 0 0 0 0 0 151 0 0 21 0 0 0 7 0 0 0 605 0 0 0 0 0 0 0 0 0 0 0 0 4 0 0 0 0 0 0 0 0 41 0 15 2 0 1 0 0 0 
8 0 18 1 0 0 1262 0 0 0 0 0 0 0 0 0 0 0 0 0 0 0 0 0 0 0 0 0 0 0 0 0 0 0 0 0 1 0 0 0 0 31 0 21 0 0 0 373 160 0 0 0 452 0 0 0 0 0 0 0 0 0 0 0 1 14 0 0 0 0 0 0 0 0 44 15 1 4 0 0 10 0 0 
0 0 0 0 0 0 0 0 0 0 0 0 0 0 0 0 0 0 0 0 0 0 0 0 0 0 0 0 0 0 0 0 0 0 0 0 0 0 0 0 0 2544 140 0 0 0 90 155 0 0 0 0 0 0 0 0 0 0 0 0 0 0 0 0 0 1 0 0 0 0 0 0 4 0 3398 0 0 1 0 0 0 0 0 
0 0 0 0 0 0 116 106 0 0 0 0 0 0 0 0 0 0 0 0 0 0 0 0 1 0 0 0 0 0 0 0 0 270 6 0 78 0 0 0 0 77 0 0 0 90 0 8 66 4055 484 0 0 0 0 0 0 1 0 0 0 0 0 0 0 0 0 0 0 0 0 0 0 0 5305 0 0 745 0 0 0 0 0 
3 0 9 0 0 0 12081 26 0 0 0 102 2325 0 0 0 0 0 0 0 0 0 0 0 0 0 0 0 0 0 0 0 0 0 0 11 0 0 0 0 0 8891 1 0 373 155 8 0 3718 540 3 0 116 1 0 0 0 0 0 0 0 0 0 6 49 1284 0 0 131 0 4 0 2850 0 8322 36 10552 3589 185 2 0 0 0 
0 0 0 0 0 0 5704 8760 13 340 0 56 1372 70 0 0 0 0 0 0 0 0 0 0 0 0 0 0 0 0 0 0 0 29 0 0 132 0 0 0 0 9 0 7 160 0 66 3718 0 11675 9220 169 2882 2893 2961 0 13 0 17 0 0 0 0 1 3 152 0 0 10 0 0 0 40 0 296 0 51 738 0 4 0 0 0 
0 0 0 0 307 81 1409 487 26 0 0 0 27 0 0 0 0 0 0 0 0 0 0 0 11 0 0 0 0 0 0 0 0 649 60 44 705 61 0 7 0 0 0 0 0 0 4055 540 11675 0 4207 0 0 0 0 0 0 0 0 0 0 0 0 0 0 0 0 0 0 0 0 0 0 0 1343 0 10 186 0 0 0 0 0 
0 0 0 0 0 0 0 2119 91 17021 824 0 0 0 0 0 0 0 0 0 0 0 0 0 0 0 0 0 0 0 0 0 0 2 979 20 3280 1 0 0 0 0 0 0 0 0 484 3 9220 4207 0 1984 0 1 2968 0 3090 2648 1104 0 0 0 0 0 0 0 0 0 0 0 336 1015 2179 0 7449 8326 1084 9236 8 0 2 0 3437 
0 0 0 0 0 0 0 100 2 1228 38 0 0 0 0 0 0 0 0 0 0 0 0 0 0 0 0 0 0 0 0 0 0 0 0 0 0 0 0 0 0 0 0 0 0 0 0 0 169 0 1984 0 0 0 7282 0 0 0 294 0 46 0 0 0 0 0 0 0 0 0 0 0 0 0 0 384 10 93 0 0 0 0 224 
22 0 1 24 0 0 1102 0 0 0 0 1 0 0 0 0 0 0 0 0 0 0 0 0 0 0 0 0 0 0 0 0 0 0 0 0 0 0 0 0 0 869 0 605 452 0 0 116 2882 0 0 0 0 0 0 0 0 0 0 0 0 0 0 0 0 0 0 0 0 0 0 0 0 0 199 0 33 7 0 2 0 0 0 
0 0 0 0 0 0 7 81 0 0 0 0 9 0 0 0 0 0 0 0 0 0 0 0 0 0 0 0 0 0 0 0 0 0 0 0 0 0 0 0 0 0 0 0 0 0 0 1 2893 0 1 0 0 0 0 0 0 0 0 0 0 0 0 0 0 0 0 0 0 0 0 0 0 0 0 0 0 0 0 0 0 0 0 
0 0 0 0 0 0 0 258 0 726 500 0 0 3 0 23 0 227 0 17 0 0 0 0 0 0 0 0 0 0 0 0 0 0 557 124 0 0 0 0 0 0 0 0 0 0 0 0 2961 0 2968 7282 0 0 0 0 0 0 6644 0 4764 0 0 0 0 0 0 0 0 0 0 0 0 0 0 899 420 662 0 0 0 0 362 
0 0 0 0 0 0 0 0 0 0 0 0 0 0 62 0 120 0 0 5 0 0 0 0 0 0 0 0 24 1 49 94 64 78 101 0 168 0 0 4 0 0 0 0 0 0 0 0 0 0 0 0 0 0 0 0 0 69 1210 825 3923 28 102 0 27 7 50 40 0 1043 1517 655 345 19 39 305 0 561 20 0 97 0 304 
0 0 0 0 0 0 0 1 3 35 0 0 0 0 0 0 0 0 0 0 0 0 0 0 0 0 0 0 0 0 0 0 0 0 12 0 4 0 0 0 0 0 0 0 0 0 0 0 13 0 3090 0 0 0 0 0 0 6637 29 0 0 0 0 0 0 0 0 0 0 0 2 31 363 0 1615 245 4 5586 0 0 0 0 308 
0 0 0 0 0 0 0 0 0 0 0 0 0 0 0 0 0 0 0 0 0 0 0 0 0 0 0 0 0 0 0 0 0 0 0 0 1 0 0 0 0 0 0 0 0 0 1 0 0 0 2648 0 0 0 0 69 6637 0 3319 0 0 0 0 0 0 0 0 0 0 0 1016 4716 2589 4 239 0 0 1393 0 0 0 0 0 
0 0 0 0 0 0 0 5 8 245 114 0 0 0 57 20 1 54 1741 718 1108 268 0 278 0 0 0 0 18 66 18 876 13 2 125 13 43 0 0 0 0 0 0 0 0 0 0 0 17 0 1104 294 0 0 6644 1210 29 3319 0 15608 755 19 609 511 117 0 0 0 0 8 2182 2751 3889 114 1 2986 468 12029 0 0 0 0 1428 
0 0 0 0 0 0 0 0 0 0 0 0 0 0 280 0 9 4 123 49 0 0 0 0 0 0 0 0 356 722 364 45 79 5 0 0 16 0 0 0 0 0 0 0 0 0 0 0 0 0 0 0 0 0 0 825 0 0 15608 0 8138 0 0 251 0 0 0 0 0 8131 11960 3234 1449 0 0 0 0 0 0 0 0 0 0 
0 0 0 0 0 0 0 0 0 43 14 0 0 0 157 0 0 16 176 397 167 31 0 11 0 0 0 0 14 1 0 133 5 0 1 1 0 0 0 0 0 0 0 0 0 0 0 0 0 0 0 46 0 0 4764 3923 0 0 755 8138 0 530 3 0 0 0 1 3 0 1179 0 0 20 0 0 229 11 3 0 0 10 0 13 
0 0 0 0 0 0 0 0 0 0 0 0 0 0 89 0 0 73 24 1050 2006 823 0 577 0 0 0 0 0 0 8 361 18 0 0 0 0 0 0 0 0 0 0 0 0 0 0 0 0 0 0 0 0 0 0 28 0 0 19 0 530 0 674 48 14 0 0 0 0 0 0 0 0 0 0 0 0 3 0 0 1 0 0 
0 0 0 0 0 0 0 0 0 0 0 0 0 0 49 0 0 11 8 536 1884 1354 0 2427 0 0 0 0 0 2 0 700 160 10 0 0 0 0 0 9 0 0 0 0 0 0 0 0 0 0 0 0 0 0 0 102 0 0 609 0 3 674 0 496 1539 1 0 0 0 0 0 0 0 0 0 0 0 5 0 0 0 0 0 
0 0 0 0 0 0 0 0 0 0 0 0 0 0 1 0 1 32 565 92 955 433 0 1150 0 0 0 0 0 6 11 2469 654 90 0 0 65 0 0 0 0 0 0 0 0 0 0 6 1 0 0 0 0 0 0 0 0 0 511 251 0 48 496 0 16 1249 0 0 1 1554 4225 1 9064 527 86 0 0 1432 0 0 0 0 0 
0 0 0 0 0 0 0 0 0 0 0 0 0 0 11 0 0 0 0 2 120 310 0 2637 0 0 0 0 0 8 0 357 295 35 0 0 5 0 0 14 0 3 0 0 1 0 0 49 3 0 0 0 0 0 0 27 0 0 117 0 0 14 1539 16 0 20 5 0 1 0 15 0 3118 323 291 0 0 445 0 0 88 0 0 
0 0 0 0 0 0 0 0 0 0 0 0 0 0 0 0 0 0 0 0 0 0 0 0 0 0 0 0 0 0 0 0 0 0 0 0 0 0 0 0 0 13 3 4 14 1 0 1284 152 0 0 0 0 0 0 7 0 0 0 0 0 0 1 1249 20 0 83 1 897 1162 2668 501 6303 131 1434 0 2 465 1 1 14 0 0 
0 0 0 0 0 0 0 0 0 0 0 0 0 0 0 0 0 0 0 0 0 0 0 0 0 0 0 0 0 0 0 0 0 0 0 0 0 0 0 0 0 0 0 0 0 0 0 0 0 0 0 0 0 0 0 50 0 0 0 0 1 0 0 0 5 83 0 31 392 0 10 0 2 0 8 0 0 1 0 0 29 7 0 
0 0 0 0 0 0 0 0 0 0 0 0 0 0 0 0 0 0 0 0 0 0 0 0 0 0 0 0 0 0 0 0 0 0 0 0 0 0 0 0 0 0 0 0 0 0 0 0 0 0 0 0 0 0 0 40 0 0 0 0 3 0 0 0 0 1 31 0 14 0 0 0 0 0 0 0 0 0 0 0 11 2 0 
0 0 0 0 0 0 0 0 0 0 0 0 0 0 0 0 0 0 0 0 0 0 0 0 0 0 0 0 0 0 0 0 0 0 0 0 0 0 0 0 0 3 0 0 0 0 0 131 10 0 0 0 0 0 0 0 0 0 0 0 0 0 0 1 1 897 392 14 0 444 1 0 1 0 543 1 0 595 16 0 41 65 0 
0 0 0 0 0 0 0 0 0 0 0 0 0 0 29 0 60 0 38 2 0 0 0 1 0 0 0 0 263 377 538 163 112 4 0 0 12 0 0 0 0 0 0 0 0 0 0 0 0 0 0 0 0 0 0 1043 0 0 8 8131 1179 0 0 1554 0 1162 0 0 444 0 1081 13 144 0 0 0 0 0 0 0 0 0 1 
0 0 0 0 0 0 0 0 0 0 0 0 0 0 0 0 84 0 0 0 0 0 0 0 0 0 0 0 11 5 40 86 261 49 23 0 125 0 0 7 0 1 0 0 0 0 0 4 0 0 336 0 0 0 0 1517 2 1016 2182 11960 0 0 0 4225 15 2668 10 0 1 1081 0 70 386 0 133 3 0 136 9 0 58 0 70 
0 0 0 0 0 0 0 0 0 0 0 0 0 0 0 0 81 0 0 0 0 0 0 0 0 0 0 0 3 1 23 95 212 96 41 0 177 0 0 1 0 0 0 0 0 0 0 0 0 0 1015 0 0 0 0 655 31 4716 2751 3234 0 0 0 1 0 501 0 0 0 13 70 0 933 0 0 0 0 490 0 0 0 0 45 
0 0 0 0 0 0 1 0 4 13 0 0 0 0 6 0 12 77 731 45 3 0 0 58 0 0 0 0 108 508 134 393 561 223 15 0 722 0 0 21 0 19 35 0 0 4 0 2850 40 0 2179 0 0 0 0 345 363 2589 3889 1449 20 0 0 9064 3118 6303 2 0 1 144 386 933 0 1 984 16 2 1743 4 0 76 0 164 
0 0 0 0 0 0 0 0 0 0 0 0 0 0 1 0 39 0 49 0 0 0 0 0 0 0 0 0 21 119 77 103 141 8 4 0 230 0 0 0 0 0 0 0 0 0 0 0 0 0 0 0 0 0 0 19 0 4 114 0 0 0 0 527 323 131 0 0 0 0 0 0 1 0 2 0 0 4 0 0 0 0 63 
82 0 7 14 0 0 226 920 1 3 0 0 0 0 1 0 31 18 50 2 2 0 0 17 0 0 0 0 7 66 26 298 500 127 55 3 1236 16 0 8 0 85 1828 41 44 3398 5305 8322 296 1343 7449 0 199 0 0 39 1615 239 1 0 0 0 0 86 291 1434 8 0 543 0 133 0 984 2 0 92 71 661 16 255 16 0 117 
0 0 0 0 0 0 0 7 0 42 2 0 0 0 22 2 2 18 2 3 0 0 0 0 0 0 0 0 0 1 5 11 46 67 10811 1333 1346 1 0 142 0 0 0 0 15 0 0 36 0 0 8326 384 0 0 899 305 245 0 2986 0 229 0 0 0 0 0 0 0 1 0 3 0 16 0 92 0 553 66 282 0 213 97 1753 
0 0 0 0 0 0 1 0 0 42 18 0 1 1 0 4 0 63 0 6 0 0 0 0 0 0 0 0 0 0 0 0 0 1 924 180 3 1 0 0 0 3 0 15 1 0 0 10552 51 10 1084 10 33 0 420 0 4 0 468 0 11 0 0 0 0 2 0 0 0 0 0 0 2 0 71 553 0 45 16 255 0 0 5 
0 0 0 0 0 0 42 933 10 377 0 0 0 0 16 1 204 531 961 38 82 0 5 75 0 0 0 0 31 478 162 2140 4775 1965 2458 160 11911 68 0 697 0 0 0 2 4 1 745 3589 738 186 9236 93 7 0 662 561 5586 1393 12029 0 3 3 5 1432 445 465 1 0 595 0 136 490 1743 4 661 66 45 0 10 23 115 0 2890 
0 0 0 0 0 0 1 0 0 0 0 0 0 0 0 0 15 0 6 0 0 0 0 0 0 0 0 0 0 3 0 4 42 106 103 0 347 2 0 126 0 0 0 0 0 0 0 185 0 0 8 0 0 0 0 20 0 0 0 0 0 0 0 0 0 1 0 0 16 0 9 0 4 0 16 282 16 10 0 0 22 0 135 
0 0 0 0 0 0 0 0 0 0 0 0 0 0 0 0 0 0 0 0 0 0 0 0 0 0 0 0 0 0 0 0 0 0 0 0 0 0 0 0 0 34 0 1 0 0 0 2 4 0 0 0 2 0 0 0 0 0 0 0 0 0 0 0 0 1 0 0 0 0 0 0 0 0 255 0 255 23 0 0 0 0 0 
0 0 0 0 0 0 0 0 0 0 0 0 0 0 3 0 1 0 11 0 5 2 0 14 0 0 0 0 0 3 2 4 4 14 32 0 126 3 0 69 0 0 0 0 10 0 0 0 0 0 2 0 0 0 0 97 0 0 0 0 10 1 0 0 88 14 29 11 41 0 58 0 76 0 16 213 0 115 22 0 0 2 83 
0 0 0 0 0 0 0 0 0 0 0 0 0 0 0 0 0 0 0 0 0 0 0 0 0 0 0 0 0 0 0 0 0 0 0 0 0 0 0 0 0 0 0 0 0 0 0 0 0 0 0 0 0 0 0 0 0 0 0 0 0 0 0 0 0 0 7 2 65 0 0 0 0 0 0 97 0 0 0 0 2 0 0 
5 0 0 3 0 0 1 0 0 2412 0 0 0 28 204 0 13 478 14 0 0 0 0 0 0 0 0 0 2 23 27 46 140 102 1684 92 4286 821 0 122 0 0 0 0 0 0 0 0 0 0 3437 224 0 0 362 304 308 0 1428 0 13 0 0 0 0 0 0 0 0 1 70 45 164 63 117 1753 5 2890 135 0 83 0 0 
