0 2737 69 1001 3361 0 5486 0 0 0 0 466 0 0 0 0 0 0 0 0 0 0 0 0 0 0 0 1 0 6 0 0 0 1007 0 2 0 0 305 0 0 0 0 0 0 0 0 0 0 0 0 0 0 0 0 0 0 0 0 0 0 0 0 0 0 0 0 0 0 0 0 0 0 0 0 0 0 0 0 0 0 0 0 
2737 0 0 0 2 0 0 0 0 0 0 0 0 0 0 0 0 0 0 0 0 0 0 0 0 0 0 0 0 0 0 0 0 2695 0 0 0 0 0 0 0 0 0 0 0 0 0 0 0 0 0 0 0 0 0 0 0 0 0 0 0 0 0 0 0 0 0 0 0 0 0 0 0 0 0 0 0 0 0 0 0 0 0 
69 0 0 1376 0 0 0 0 0 0 0 859 0 0 0 0 0 0 0 0 0 0 0 0 0 0 0 0 0 0 0 0 0 266 0 49 0 0 147 0 0 0 0 0 0 0 0 591 0 0 0 0 11 0 0 0 0 0 0 0 0 0 0 0 0 0 0 0 0 0 0 0 0 0 0 0 0 0 0 0 0 0 0 
1001 0 1376 0 0 0 203 1037 0 0 0 140 0 0 0 0 0 0 0 0 0 0 0 0 0 0 0 0 0 0 0 0 0 89 0 0 0 0 7 0 0 0 0 0 0 0 0 2 0 0 0 0 4 0 0 0 0 0 0 0 0 0 0 0 0 0 0 0 0 0 0 0 0 0 0 0 0 0 0 0 0 0 0 
3361 2 0 0 0 1270 487 14 328 0 0 0 0 0 0 0 0 0 0 0 0 0 0 0 0 0 0 0 0 0 0 0 0 3279 0 0 0 0 0 0 0 0 0 0 0 0 0 0 0 0 0 0 0 0 0 0 0 0 0 0 0 0 0 0 0 0 0 0 0 0 0 0 0 0 0 0 0 0 0 0 0 0 0 
0 0 0 0 1270 0 1108 5847 2076 0 0 0 0 0 0 0 0 0 0 0 0 0 0 0 0 0 0 0 0 0 0 0 0 1177 0 0 0 0 0 0 0 0 0 0 0 0 0 0 0 0 0 0 0 0 0 0 0 0 0 0 0 0 0 0 0 0 0 0 0 0 0 0 0 0 0 0 0 0 0 0 0 0 0 
5486 0 0 203 487 1108 0 1635 1408 420 0 3056 1965 0 25 72 34 246 0 0 44 13 65 7 0 0 0 22 97 34 0 93 7 17083 352 2960 8110 1547 176 0 0 0 0 0 0 0 0 2364 9 0 0 0 25 0 0 24 0 0 0 1 30 0 0 0 0 0 0 0 0 0 0 0 21 9 5 0 346 3 0 0 0 0 531 
0 0 0 1037 14 5847 1635 0 496 4376 150 1595 12108 4319 0 1256 0 1 0 0 0 0 0 0 0 0 0 0 0 4 8 1 0 6692 7376 1649 16201 84 0 0 0 0 0 0 0 0 0 25 15282 0 598 2 0 10 0 0 0 0 0 0 0 0 0 0 0 0 0 0 0 0 0 0 0 0 1 1205 1615 991 0 0 0 0 2280 
0 0 0 0 328 2076 1408 496 0 6905 0 0 0 0 0 0 0 0 0 0 0 0 0 0 0 0 0 0 0 0 0 0 0 517 0 0 0 0 0 0 0 0 0 0 0 0 0 0 0 0 0 0 0 0 0 0 0 0 0 0 0 0 0 0 0 0 0 0 0 0 0 0 0 0 0 0 0 0 0 0 0 0 0 
0 0 0 0 0 0 420 4376 6905 0 1517 0 0 1806 0 1881 2681 0 32 0 0 0 0 0 0 0 0 0 0 2281 3992 833 0 3938 15458 320 21536 0 0 0 0 0 0 0 0 0 0 0 16 0 3507 112 0 0 0 0 6 0 0 0 0 0 0 0 0 0 0 0 0 0 0 0 0 0 0 0 0 0 0 0 0 0 1041 
0 0 0 0 0 0 0 150 0 1517 0 0 6 3471 0 205 0 24 0 211 0 0 0 0 0 0 0 0 0 0 0 0 0 0 965 2 97 12 0 0 0 0 0 0 0 0 0 0 236 0 682 0 0 0 0 0 0 0 0 0 0 0 0 0 0 0 0 0 0 0 0 0 0 0 0 0 0 0 0 0 0 0 316 
466 0 859 140 0 0 3056 1595 0 0 0 0 0 0 0 0 0 0 0 0 0 0 0 0 0 0 0 0 0 0 0 0 0 5 0 7 0 0 0 0 0 0 0 0 0 0 0 515 7 0 0 0 0 0 0 0 0 0 0 0 0 0 0 0 0 0 0 0 0 0 0 0 0 0 0 0 2 0 0 0 0 0 0 
0 0 0 0 0 0 1965 12108 0 0 6 0 0 20 0 1 0 33 0 45 0 0 0 0 0 0 0 0 0 0 0 0 0 0 71 13 5 21 0 0 0 0 0 0 0 0 0 0 810 0 0 0 0 162 0 0 0 0 0 0 0 0 0 0 0 0 0 0 0 0 0 0 0 0 2 241 772 463 0 0 0 0 45 
0 0 0 0 0 0 0 4319 0 1806 3471 0 20 0 2006 969 0 9042 0 7184 0 0 0 0 0 0 0 0 0 0 0 0 0 0 249 19 13 0 0 161 0 0 0 0 0 0 0 0 516 0 1175 272 0 0 6 0 991 0 219 0 50 0 0 0 0 0 0 0 0 0 0 0 0 1 0 713 15 3 0 0 0 0 19 
0 0 0 0 0 0 25 0 0 0 0 0 0 2006 0 0 49 3401 0 5152 558 41 0 2 0 5 0 52 71 6 1 292 1 35 174 0 789 8 0 369 0 0 0 0 0 0 0 0 0 0 0 0 0 0 0 0 0 0 21 1 1103 704 0 0 0 0 0 0 0 0 0 0 255 0 114 5 0 11 0 0 0 0 851 
0 0 0 0 0 0 72 1256 0 1881 205 0 1 969 0 0 9619 0 3114 0 0 0 0 0 0 0 0 0 0 5339 2346 866 0 3033 2124 10 11307 0 0 0 0 0 0 0 0 0 0 0 0 0 8 0 0 0 0 0 69 0 0 0 0 0 0 0 0 0 0 0 0 0 0 0 0 0 0 0 0 0 0 0 0 0 137 
0 0 0 0 0 0 34 0 0 2681 0 0 0 0 49 9619 0 3322 1381 0 0 0 0 0 0 0 0 0 0 799 957 696 69 1872 0 0 19 0 0 0 0 0 0 0 0 0 0 0 0 0 0 0 0 0 0 1 0 0 0 0 0 0 0 0 0 0 0 0 0 0 0 0 0 0 0 0 0 0 0 0 0 0 0 
0 0 0 0 0 0 246 1 0 0 24 0 33 9042 3401 0 3322 0 17847 97 23 0 1095 20 4146 55 0 0 12384 12039 3687 5972 46 1690 6534 36 7377 0 0 1101 0 0 0 0 0 0 0 0 0 0 3 0 0 0 30 1541 175 0 14 21 744 0 0 0 0 13 0 0 0 2 0 0 250 16 4 674 13 56 0 0 0 0 2255 
0 0 0 0 0 0 0 0 0 32 0 0 0 0 0 3114 1381 17847 0 0 0 0 793 0 43 0 0 0 199 3473 39 0 0 0 0 0 0 0 0 0 0 0 0 0 0 0 0 0 0 0 0 0 0 0 0 0 0 0 0 0 0 0 0 0 0 0 0 0 0 0 0 0 0 0 0 0 0 0 0 0 0 0 0 
0 0 0 0 0 0 0 0 0 0 211 0 45 7184 5152 0 0 97 0 0 115 1 0 195 0 134 0 0 44 0 0 7 0 10 0 0 1 0 0 2783 0 0 0 0 0 0 0 0 0 0 0 0 0 0 0 675 0 0 0 9 293 0 0 0 0 8 0 0 0 0 0 0 146 1 0 0 0 0 0 0 0 0 0 
0 0 0 0 0 0 44 0 0 0 0 0 0 0 558 0 0 23 0 115 0 1647 31 884 0 10 0 0 223 143 0 477 0 541 0 0 0 0 0 6 0 0 0 0 0 0 0 0 0 0 0 0 0 0 0 504 0 0 1 51 825 0 0 0 0 62 0 0 0 2 0 0 197 4 8 0 0 6 0 0 0 0 0 
0 0 0 0 0 0 13 0 0 0 0 0 0 0 41 0 0 0 0 1 1647 0 124 562 4 2 0 0 54 114 0 2202 0 728 3 0 0 0 0 0 0 0 0 0 0 0 0 0 0 0 0 0 0 0 0 50 0 0 0 7 157 0 0 0 0 7 0 0 0 0 0 0 65 1 16 0 0 18 0 0 0 0 0 
0 0 0 0 0 0 65 0 0 0 0 0 0 0 0 0 0 1095 793 0 31 124 0 16 5356 0 0 11 10065 5802 0 6862 0 925 0 0 0 0 0 0 0 0 0 0 0 0 0 0 0 0 0 0 0 0 0 4 0 0 0 5 46 0 0 0 0 4 0 0 0 1 0 0 19 0 5 0 0 2 0 0 0 0 0 
0 0 0 0 0 0 7 0 0 0 0 0 0 0 2 0 0 20 0 195 884 562 16 0 821 16 13 81 1008 138 0 3953 0 367 32 0 0 0 0 67 0 0 0 0 0 0 0 0 0 0 0 0 0 0 0 0 0 0 2 1 41 0 0 0 0 2 0 0 0 0 0 0 19 6 11 0 0 15 0 0 0 0 0 
0 0 0 0 0 0 0 0 0 0 0 0 0 0 0 0 0 4146 43 0 0 4 5356 821 0 50 12 61 1886 68 0 331 0 0 0 0 0 0 0 59 0 0 0 0 0 0 0 0 0 0 0 0 0 0 0 0 0 0 1 0 0 0 0 0 0 0 0 0 0 0 0 0 0 0 0 0 0 0 0 0 0 0 0 
0 0 0 0 0 0 0 0 0 0 0 0 0 0 5 0 0 55 0 134 10 2 0 16 50 0 40 2 37 0 0 0 0 0 0 0 0 0 0 234 0 0 0 0 0 0 0 0 0 0 0 0 0 0 0 0 0 0 0 0 0 0 0 0 0 0 0 0 0 0 0 0 0 0 0 0 0 0 0 0 0 0 0 
0 0 0 0 0 0 0 0 0 0 0 0 0 0 0 0 0 0 0 0 0 0 0 13 12 40 0 0 0 0 0 0 0 0 0 0 2 0 0 208 13 0 0 0 0 0 0 0 0 0 0 0 0 0 0 0 0 0 0 0 0 0 0 0 0 0 0 0 0 0 0 0 0 0 0 0 0 0 0 0 0 0 0 
1 0 0 0 0 0 22 0 0 0 0 0 0 0 52 0 0 0 0 0 0 0 11 81 61 2 0 0 0 1 0 126 0 72 10 0 2746 4 0 136 74 0 0 0 0 0 0 0 0 0 0 0 0 0 0 0 0 0 0 1 26 3 0 0 0 5 0 0 0 1 0 0 71 0 2 0 0 12 0 0 0 0 0 
0 0 0 0 0 0 97 0 0 0 0 0 0 0 71 0 0 12384 199 44 223 54 10065 1008 1886 37 0 0 0 737 0 1070 0 102 11 0 954 0 0 413 0 0 0 0 0 0 0 0 0 0 0 0 0 0 0 4 0 0 0 1 14 2 0 0 0 9 0 0 0 2 0 0 37 0 3 0 0 11 0 0 0 0 0 
6 0 0 0 0 0 34 4 0 2281 0 0 0 0 6 5339 799 12039 3473 0 143 114 5802 138 68 0 0 1 737 0 221 374 0 93 0 0 104 0 0 0 0 0 0 0 0 0 0 0 0 0 0 0 0 0 0 9 0 0 0 0 0 0 0 0 0 0 0 0 0 0 0 0 0 0 0 0 0 0 0 0 0 0 0 
0 0 0 0 0 0 0 8 0 3992 0 0 0 0 1 2346 957 3687 39 0 0 0 0 0 0 0 0 0 0 221 0 818 0 1527 0 0 1 0 0 0 0 0 0 0 0 0 0 0 0 0 0 0 0 0 0 2 0 0 0 0 0 0 0 0 0 0 0 0 0 0 0 0 0 0 0 0 0 0 0 0 0 0 0 
0 0 0 0 0 0 93 1 0 833 0 0 0 0 292 866 696 5972 0 7 477 2202 6862 3953 331 0 0 126 1070 374 818 0 172 671 146 0 139 0 0 4 0 0 0 0 0 0 0 0 0 0 0 0 0 0 0 221 0 0 0 4 61 8 0 0 0 10 0 0 0 0 0 0 48 1 2 0 0 12 0 0 0 0 0 
0 0 0 0 0 0 7 0 0 0 0 0 0 0 1 0 69 46 0 0 0 0 0 0 0 0 0 0 0 0 0 172 0 44 0 0 0 0 0 0 0 0 0 0 0 0 0 0 0 0 0 0 0 0 0 1 0 0 0 0 0 0 0 0 0 0 0 0 0 0 0 0 0 0 0 0 0 0 0 0 0 0 0 
1007 2695 266 89 3279 1177 17083 6692 517 3938 0 5 0 0 35 3033 1872 1690 0 10 541 728 925 367 0 0 0 72 102 93 1527 671 44 0 39 703 723 0 494 0 0 0 0 0 0 0 0 0 0 0 0 0 0 0 0 15 0 0 2 1 349 0 0 0 0 4 0 0 0 0 0 0 131 22 43 0 1 76 0 0 0 0 0 
0 0 0 0 0 0 352 7376 0 15458 965 0 71 249 174 2124 0 6534 0 0 0 3 0 32 0 0 0 10 11 0 0 146 0 39 0 1534 536 14 0 5 0 0 0 0 0 0 0 0 692 0 1205 88 0 0 14 12 475 0 64 2 1378 0 0 0 0 3 0 0 0 1 1 0 335 425 772 5361 73 3816 4 0 1 0 1077 
2 0 49 0 0 0 2960 1649 0 320 2 7 13 19 0 10 0 36 0 0 0 0 0 0 0 0 0 0 0 0 0 0 0 703 1534 0 849 30 0 0 0 0 0 0 0 0 0 0 57 0 167 8 3 0 3 0 3 0 0 0 0 0 0 0 0 0 0 0 0 0 0 0 0 0 3 504 6 27 0 0 0 0 329 
0 0 0 0 0 0 8110 16201 0 21536 97 0 5 13 789 11307 19 7377 0 1 0 0 0 0 0 0 2 2746 954 104 1 139 0 723 536 849 0 0 0 0 0 0 0 0 0 0 0 0 103 0 0 0 0 0 1 563 0 0 9 12 289 0 0 0 0 7 0 0 0 0 0 0 661 262 327 19 1 419 0 0 0 0 4925 
0 0 0 0 0 0 1547 84 0 0 12 0 21 0 8 0 0 0 0 0 0 0 0 0 0 0 0 4 0 0 0 0 0 0 14 30 0 0 0 0 0 0 0 0 0 0 0 0 0 0 0 0 0 0 0 2 0 0 0 0 2 0 0 0 0 0 0 0 0 0 0 0 7 0 3 6 12 3 171 0 0 3 5010 
305 0 147 7 0 0 176 0 0 0 0 0 0 0 0 0 0 0 0 0 0 0 0 0 0 0 0 0 0 0 0 0 0 494 0 0 0 0 0 0 0 0 0 0 0 0 0 2 0 0 0 0 0 0 0 0 0 0 0 0 0 0 0 0 0 0 0 0 0 0 0 0 0 0 0 0 0 0 0 0 0 0 0 
0 0 0 0 0 0 0 0 0 0 0 0 0 161 369 0 0 1101 0 2783 6 0 0 67 59 234 208 136 413 0 0 4 0 0 5 0 0 0 0 0 16 0 0 0 0 0 0 0 0 0 0 0 0 0 0 14 0 0 2 0 175 13 0 0 0 0 0 0 0 0 0 0 49 33 33 0 0 47 0 0 0 0 1 
0 0 0 0 0 0 0 0 0 0 0 0 0 0 0 0 0 0 0 0 0 0 0 0 0 0 13 74 0 0 0 0 0 0 0 0 0 0 0 16 0 0 0 0 0 0 0 0 0 0 0 0 0 0 0 0 0 0 0 0 0 0 0 0 0 0 0 0 0 0 0 0 0 0 0 0 0 0 0 0 0 0 0 
0 0 0 0 0 0 0 0 0 0 0 0 0 0 0 0 0 0 0 0 0 0 0 0 0 0 0 0 0 0 0 0 0 0 0 0 0 0 0 0 0 0 941 0 766 342 0 73 0 0 0 0 2174 0 0 0 0 0 0 0 0 0 0 0 0 0 0 0 0 0 0 0 225 0 798 0 55 813 0 55 0 0 0 
0 0 0 0 0 0 0 0 0 0 0 0 0 0 0 0 0 0 0 0 0 0 0 0 0 0 0 0 0 0 0 0 0 0 0 0 0 0 0 0 0 941 0 0 0 118 0 0 0 0 0 0 0 0 0 0 0 0 0 0 0 0 0 0 0 0 0 0 0 0 0 0 265 0 235 89 1418 5934 0 0 0 0 0 
0 0 0 0 0 0 0 0 0 0 0 0 0 0 0 0 0 0 0 0 0 0 0 0 0 0 0 0 0 0 0 0 0 0 0 0 0 0 0 0 0 0 0 0 993 0 0 0 0 0 0 0 194 0 0 0 0 0 0 0 0 0 0 0 0 0 0 0 0 0 0 0 0 0 0 0 0 0 0 0 0 0 0 
0 0 0 0 0 0 0 0 0 0 0 0 0 0 0 0 0 0 0 0 0 0 0 0 0 0 0 0 0 0 0 0 0 0 0 0 0 0 0 0 0 766 0 993 0 0 0 50 313 0 0 0 5 0 0 0 0 0 0 0 0 0 0 0 0 0 0 0 0 0 0 0 0 0 3 0 1 1 0 0 0 0 0 
0 0 0 0 0 0 0 0 0 0 0 0 0 0 0 0 0 0 0 0 0 0 0 0 0 0 0 0 0 0 0 0 0 0 0 0 0 0 0 0 0 342 118 0 0 0 288 59 42 0 0 0 120 0 0 0 0 0 0 0 0 0 0 0 0 0 0 0 0 0 0 0 0 0 3443 698 3215 10577 49 0 0 0 15 
0 0 0 0 0 0 0 0 0 0 0 0 0 0 0 0 0 0 0 0 0 0 0 0 0 0 0 0 0 0 0 0 0 0 0 0 0 0 0 0 0 0 0 0 0 288 0 1964 4575 5977 2326 0 0 0 0 0 5 10 13 0 0 0 0 0 0 0 0 0 0 1 47 0 12 0 317 0 0 92 0 0 0 0 0 
0 0 591 2 0 0 2364 25 0 0 0 515 0 0 0 0 0 0 0 0 0 0 0 0 0 0 0 0 0 0 0 0 0 0 0 0 0 0 2 0 0 73 0 0 50 59 1964 0 8413 169 0 0 3874 208 0 0 0 0 0 0 0 0 0 0 0 0 0 0 0 0 0 0 407 0 1536 472 7758 6827 26 0 0 0 10 
0 0 0 0 0 0 9 15282 0 16 236 7 810 516 0 0 0 0 0 0 0 0 0 0 0 0 0 0 0 0 0 0 0 0 692 57 103 0 0 0 0 0 0 0 313 42 4575 8413 0 622 2631 337 3401 6285 590 0 0 0 0 0 0 0 0 0 0 0 0 0 0 0 0 0 0 0 2729 14418 10987 14847 0 0 0 0 684 
0 0 0 0 0 0 0 0 0 0 0 0 0 0 0 0 0 0 0 0 0 0 0 0 0 0 0 0 0 0 0 0 0 0 0 0 0 0 0 0 0 0 0 0 0 0 5977 169 622 0 10067 0 0 0 0 0 45 18 20 0 0 0 0 0 0 0 0 0 0 3 280 12 9 0 53 27 0 1466 0 0 0 0 128 
0 0 0 0 0 0 0 598 0 3507 682 0 0 1175 0 8 0 3 0 0 0 0 0 0 0 0 0 0 0 0 0 0 0 0 1205 167 0 0 0 0 0 0 0 0 0 0 2326 0 2631 10067 0 2122 0 0 2068 0 1698 2792 125 0 209 0 0 0 0 0 0 0 0 284 4579 274 697 0 2074 22886 1073 21197 0 0 0 0 871 
0 0 0 0 0 0 0 2 0 112 0 0 0 272 0 0 0 0 0 0 0 0 0 0 0 0 0 0 0 0 0 0 0 0 88 8 0 0 0 0 0 0 0 0 0 0 0 0 337 0 2122 0 0 0 1092 0 61 0 25 0 244 0 0 0 0 0 0 0 0 0 0 0 0 0 0 0 0 0 0 0 0 0 0 
0 0 11 4 0 0 25 0 0 0 0 0 0 0 0 0 0 0 0 0 0 0 0 0 0 0 0 0 0 0 0 0 0 0 0 3 0 0 0 0 0 2174 0 194 5 120 0 3874 3401 0 0 0 0 4 0 0 0 0 0 0 0 0 0 0 0 0 0 0 0 0 0 0 0 0 320 0 614 17 0 5 0 0 0 
0 0 0 0 0 0 0 10 0 0 0 0 162 0 0 0 0 0 0 0 0 0 0 0 0 0 0 0 0 0 0 0 0 0 0 0 0 0 0 0 0 0 0 0 0 0 0 208 6285 0 0 0 4 0 2 1 0 0 0 0 2 0 0 0 0 0 0 0 0 0 0 0 0 0 7 121 1306 173 0 0 0 0 0 
0 0 0 0 0 0 0 0 0 0 0 0 0 6 0 0 0 30 0 0 0 0 0 0 0 0 0 0 0 0 0 0 0 0 14 3 1 0 0 0 0 0 0 0 0 0 0 0 590 0 2068 1092 0 2 0 2596 538 0 267 0 6036 0 0 0 0 0 0 0 0 0 0 0 0 2 0 353 0 53 0 0 40 0 33 
0 0 0 0 0 0 24 0 0 0 0 0 0 0 0 0 1 1541 0 675 504 50 4 0 0 0 0 0 4 9 2 221 1 15 12 0 563 2 0 14 0 0 0 0 0 0 0 0 0 0 0 0 0 1 2596 0 0 0 0 0 7778 14 0 0 1 0 0 0 0 1 0 0 12 4 4 0 0 3 0 0 4 0 93 
0 0 0 0 0 0 0 0 0 6 0 0 0 991 0 69 0 175 0 0 0 0 0 0 0 0 0 0 0 0 0 0 0 0 475 3 0 0 0 0 0 0 0 0 0 0 5 0 0 45 1698 61 0 0 538 0 0 4604 206 0 473 0 0 0 0 0 0 0 0 3118 3963 403 234 0 2001 4998 520 13015 0 0 0 0 228 
0 0 0 0 0 0 0 0 0 0 0 0 0 0 0 0 0 0 0 0 0 0 0 0 0 0 0 0 0 0 0 0 0 0 0 0 0 0 0 0 0 0 0 0 0 0 10 0 0 18 2792 0 0 0 0 0 4604 0 2111 485 4 0 0 0 0 0 0 0 0 744 4431 9001 894 0 774 0 0 370 0 0 0 0 0 
0 0 0 0 0 0 0 0 0 0 0 0 0 219 21 0 0 14 0 0 1 0 0 2 1 0 0 0 0 0 0 0 0 2 64 0 9 0 0 2 0 0 0 0 0 0 13 0 0 20 125 25 0 0 267 0 206 2111 0 8338 1439 7 2 3808 5 4611 0 0 0 12821 3063 1309 3514 304 537 1505 5 2599 0 0 0 0 537 
0 0 0 0 0 0 1 0 0 0 0 0 0 0 1 0 0 21 0 9 51 7 5 1 0 0 0 1 1 0 0 4 0 1 2 0 12 0 0 0 0 0 0 0 0 0 0 0 0 0 0 0 0 0 0 0 0 485 8338 0 1205 0 0 1385 0 681 0 0 0 6229 1464 2147 70 0 0 0 0 1 0 0 0 0 0 
0 0 0 0 0 0 30 0 0 0 0 0 0 50 1103 0 0 744 0 293 825 157 46 41 0 0 0 26 14 0 0 61 0 349 1378 0 289 2 0 175 0 0 0 0 0 0 0 0 0 0 209 244 0 2 6036 7778 473 4 1439 1205 0 16 0 0 1 124 30 0 0 554 324 27 4923 603 370 551 0 849 0 0 44 0 707 
0 0 0 0 0 0 0 0 0 0 0 0 0 0 704 0 0 0 0 0 0 0 0 0 0 0 0 3 2 0 0 8 0 0 0 0 0 0 0 13 0 0 0 0 0 0 0 0 0 0 0 0 0 0 0 14 0 0 7 0 16 0 487 15 602 372 10 0 0 4578 3395 0 2856 0 1 35 0 0 0 0 0 0 0 
0 0 0 0 0 0 0 0 0 0 0 0 0 0 0 0 0 0 0 0 0 0 0 0 0 0 0 0 0 0 0 0 0 0 0 0 0 0 0 0 0 0 0 0 0 0 0 0 0 0 0 0 0 0 0 0 0 0 2 0 0 487 0 136 48 1339 1 0 0 7286 1686 0 1688 0 0 0 0 0 0 0 0 0 0 
0 0 0 0 0 0 0 0 0 0 0 0 0 0 0 0 0 0 0 0 0 0 0 0 0 0 0 0 0 0 0 0 0 0 0 0 0 0 0 0 0 0 0 0 0 0 0 0 0 0 0 0 0 0 0 0 0 0 3808 1385 0 15 136 0 723 3749 0 0 0 548 116 0 0 0 0 0 0 0 0 0 0 0 0 
0 0 0 0 0 0 0 0 0 0 0 0 0 0 0 0 0 0 0 0 0 0 0 0 0 0 0 0 0 0 0 0 0 0 0 0 0 0 0 0 0 0 0 0 0 0 0 0 0 0 0 0 0 0 0 1 0 0 5 0 1 602 48 723 0 1463 3 0 0 1712 2999 0 2151 0 0 0 0 0 0 0 0 0 0 
0 0 0 0 0 0 0 0 0 0 0 0 0 0 0 0 0 13 0 8 62 7 4 2 0 0 0 5 9 0 0 10 0 4 3 0 7 0 0 0 0 0 0 0 0 0 0 0 0 0 0 0 0 0 0 0 0 0 4611 681 124 372 1339 3749 1463 0 374 75 0 1940 2336 0 134 0 0 0 0 1 0 0 28 1 0 
0 0 0 0 0 0 0 0 0 0 0 0 0 0 0 0 0 0 0 0 0 0 0 0 0 0 0 0 0 0 0 0 0 0 0 0 0 0 0 0 0 0 0 0 0 0 0 0 0 0 0 0 0 0 0 0 0 0 0 0 30 10 1 0 3 374 0 22 14 305 0 0 0 0 0 85 0 0 0 0 222 0 0 
0 0 0 0 0 0 0 0 0 0 0 0 0 0 0 0 0 0 0 0 0 0 0 0 0 0 0 0 0 0 0 0 0 0 0 0 0 0 0 0 0 0 0 0 0 0 0 0 0 0 0 0 0 0 0 0 0 0 0 0 0 0 0 0 0 75 22 0 0 0 0 0 0 0 0 0 0 0 0 0 0 10 0 
0 0 0 0 0 0 0 0 0 0 0 0 0 0 0 0 0 0 0 0 0 0 0 0 0 0 0 0 0 0 0 0 0 0 0 0 0 0 0 0 0 0 0 0 0 0 0 0 0 0 0 0 0 0 0 0 0 0 0 0 0 0 0 0 0 0 14 0 0 0 0 0 0 0 58 38 0 575 0 0 285 1072 0 
0 0 0 0 0 0 0 0 0 0 0 0 0 0 0 0 0 2 0 0 2 0 1 0 0 0 0 1 2 0 0 0 0 0 1 0 0 0 0 0 0 0 0 0 0 0 1 0 0 3 284 0 0 0 0 1 3118 744 12821 6229 554 4578 7286 548 1712 1940 305 0 0 0 323 0 99 0 1 0 0 9 0 0 135 0 0 
0 0 0 0 0 0 0 0 0 0 0 0 0 0 0 0 0 0 0 0 0 0 0 0 0 0 0 0 0 0 0 0 0 0 1 0 0 0 0 0 0 0 0 0 0 0 47 0 0 280 4579 0 0 0 0 0 3963 4431 3063 1464 324 3395 1686 116 2999 2336 0 0 0 323 0 6 220 0 44 12 0 1547 0 0 9 6 0 
0 0 0 0 0 0 0 0 0 0 0 0 0 0 0 0 0 0 0 0 0 0 0 0 0 0 0 0 0 0 0 0 0 0 0 0 0 0 0 0 0 0 0 0 0 0 0 0 0 12 274 0 0 0 0 0 403 9001 1309 2147 27 0 0 0 0 0 0 0 0 0 6 0 901 0 0 0 0 2 0 0 0 0 0 
0 0 0 0 0 0 21 0 0 0 0 0 0 0 255 0 0 250 0 146 197 65 19 19 0 0 0 71 37 0 0 48 0 131 335 0 661 7 0 49 0 225 265 0 0 0 12 407 0 9 697 0 0 0 0 12 234 894 3514 70 4923 2856 1688 0 2151 134 0 0 0 99 220 901 0 413 362 0 0 493 0 0 17 8 340 
0 0 0 0 0 0 9 0 0 0 0 0 0 1 0 0 0 16 0 1 4 1 0 6 0 0 0 0 0 0 0 1 0 22 425 0 262 0 0 33 0 0 0 0 0 0 0 0 0 0 0 0 0 0 2 4 0 0 304 0 603 0 0 0 0 0 0 0 0 0 0 0 413 0 168 0 0 3 0 0 0 0 200 
0 0 0 0 0 0 5 1 0 0 0 0 2 0 114 0 0 4 0 0 8 16 5 11 0 0 0 2 3 0 0 2 0 43 772 3 327 3 0 33 0 798 235 0 3 3443 317 1536 2729 53 2074 0 320 7 0 4 2001 774 537 0 370 1 0 0 0 0 0 0 58 1 44 0 362 168 0 0 128 803 0 19 16 0 167 
0 0 0 0 0 0 0 1205 0 0 0 0 241 713 5 0 0 674 0 0 0 0 0 0 0 0 0 0 0 0 0 0 0 0 5361 504 19 6 0 0 0 0 89 0 0 698 0 472 14418 27 22886 0 0 121 353 0 4998 0 1505 0 551 35 0 0 0 0 85 0 38 0 12 0 0 0 0 0 197 101 33 0 23 123 2059 
0 0 0 0 0 0 346 1615 0 0 0 2 772 15 0 0 0 13 0 0 0 0 0 0 0 0 0 0 0 0 0 0 0 1 73 6 1 12 0 0 0 55 1418 0 1 3215 0 7758 10987 0 1073 0 614 1306 0 0 520 0 5 0 0 0 0 0 0 0 0 0 0 0 0 0 0 0 128 197 0 44 0 8 0 0 5 
0 0 0 0 0 0 3 991 0 0 0 0 463 3 11 0 0 56 0 0 6 18 2 15 0 0 0 12 11 0 0 12 0 76 3816 27 419 3 0 47 0 813 5934 0 1 10577 92 6827 14847 1466 21197 0 17 173 53 3 13015 370 2599 1 849 0 0 0 0 1 0 0 575 9 1547 2 493 3 803 101 44 0 0 12 80 0 7638 
0 0 0 0 0 0 0 0 0 0 0 0 0 0 0 0 0 0 0 0 0 0 0 0 0 0 0 0 0 0 0 0 0 0 4 0 0 171 0 0 0 0 0 0 0 49 0 26 0 0 0 0 0 0 0 0 0 0 0 0 0 0 0 0 0 0 0 0 0 0 0 0 0 0 0 33 0 0 0 0 0 0 1731 
0 0 0 0 0 0 0 0 0 0 0 0 0 0 0 0 0 0 0 0 0 0 0 0 0 0 0 0 0 0 0 0 0 0 0 0 0 0 0 0 0 55 0 0 0 0 0 0 0 0 0 0 5 0 0 0 0 0 0 0 0 0 0 0 0 0 0 0 0 0 0 0 0 0 19 0 8 12 0 0 0 0 0 
0 0 0 0 0 0 0 0 0 0 0 0 0 0 0 0 0 0 0 0 0 0 0 0 0 0 0 0 0 0 0 0 0 0 1 0 0 0 0 0 0 0 0 0 0 0 0 0 0 0 0 0 0 0 40 4 0 0 0 0 44 0 0 0 0 28 222 0 285 135 9 0 17 0 16 23 0 80 0 0 0 0 3 
0 0 0 0 0 0 0 0 0 0 0 0 0 0 0 0 0 0 0 0 0 0 0 0 0 0 0 0 0 0 0 0 0 0 0 0 0 3 0 0 0 0 0 0 0 0 0 0 0 0 0 0 0 0 0 0 0 0 0 0 0 0 0 0 0 1 0 10 1072 0 6 0 8 0 0 123 0 0 0 0 0 0 0 
0 0 0 0 0 0 531 2280 0 1041 316 0 45 19 851 137 0 2255 0 0 0 0 0 0 0 0 0 0 0 0 0 0 0 0 1077 329 4925 5010 0 1 0 0 0 0 0 15 0 10 684 128 871 0 0 0 33 93 228 0 537 0 707 0 0 0 0 0 0 0 0 0 0 0 340 200 167 2059 5 7638 1731 0 3 0 0 
