0 1591 481 702 3 0 5054 17 0 0 0 0 0 0 0 0 0 0 0 0 0 0 0 0 0 0 0 0 0 0 0 76 0 573 0 29 1 0 13 2 0 1 0 4 78 0 0 1 2 0 0 0 1 0 0 0 0 0 0 0 0 0 0 0 0 0 0 0 0 0 0 0 0 0 0 0 0 0 0 0 0 0 0 
1591 0 0 0 0 0 148 0 0 0 0 0 0 0 0 0 0 0 0 0 0 0 0 1 4 0 0 19 0 120 0 2340 0 1362 87 208 1518 19 0 67 0 0 0 0 0 0 0 0 0 0 0 0 0 0 0 0 0 0 0 0 0 0 0 0 0 0 0 0 0 0 0 0 0 0 0 0 0 0 0 0 0 0 1 
481 0 0 100 0 0 4 1 0 0 0 106 18 0 0 0 0 0 0 0 0 0 0 0 0 0 0 0 0 0 0 0 0 0 0 1 0 0 0 0 0 37 0 20 752 0 0 9 1559 0 0 0 19 10 0 0 0 0 0 0 0 0 0 0 0 0 0 0 0 0 0 0 0 0 0 0 0 0 0 0 0 0 0 
702 0 100 0 0 0 30 634 0 0 0 140 19 0 0 0 0 0 0 0 0 0 0 0 0 0 0 0 0 0 0 0 0 0 0 0 0 0 0 0 0 0 0 0 12 0 0 0 128 0 0 0 6 0 0 0 0 0 0 0 0 0 0 0 0 0 0 0 0 0 0 0 0 0 0 0 0 0 0 0 0 0 0 
3 0 0 0 0 81 196 0 0 0 0 0 0 0 0 0 0 0 0 0 0 0 0 0 7 3 0 0 0 54 0 479 0 3642 689 11 5809 64 0 437 0 0 0 0 0 0 0 0 0 0 0 0 0 0 0 0 0 0 0 0 0 0 0 0 0 0 0 0 0 0 0 0 0 0 0 1 0 77 0 0 0 0 311 
0 0 0 0 81 0 257 248 1681 4271 0 0 0 0 0 19 5 3 0 0 0 0 0 0 0 0 0 0 0 0 0 0 0 3542 0 0 1371 0 0 0 0 0 0 0 0 0 0 0 0 0 0 0 0 0 0 0 0 0 0 0 0 0 0 0 0 0 0 0 0 0 0 0 0 0 0 0 0 1 0 0 0 0 0 
5054 148 4 30 196 257 0 5932 1277 1705 0 3 0 0 0 0 0 0 0 0 0 0 0 0 0 0 0 77 0 60 0 2569 0 3554 5650 7560 4897 317 158 0 0 264 0 215 913 0 0 279 11078 0 0 0 17 15 0 0 0 0 0 0 0 0 0 0 0 0 0 0 0 0 0 0 0 0 19 0 87 4 0 6 0 0 1162 
17 0 1 634 0 248 5932 0 3325 103 569 588 3619 1987 0 14 0 0 0 0 0 0 0 0 0 0 0 0 0 0 0 0 0 114 5393 1736 3309 127 0 0 0 71 0 1 85 0 0 309 48643 334 1262 8 12 18 61 0 0 0 0 0 0 0 0 0 0 0 0 0 0 0 0 0 0 0 1 132 151 88 1 10 0 0 429 
0 0 0 0 0 1681 1277 3325 0 8068 0 0 0 0 0 46 27 1 0 0 0 0 0 0 0 0 0 0 0 0 0 0 0 2069 14 23 2359 2 0 0 0 0 0 0 0 0 0 1 9 0 0 0 0 0 0 0 0 0 0 0 0 0 0 0 0 0 0 0 0 0 0 0 0 0 0 0 0 0 0 0 0 0 2 
0 0 0 0 0 4271 1705 103 8068 0 19 0 0 4805 0 3377 1054 334 150 0 0 0 0 0 0 0 0 0 5 18 0 0 0 2996 11553 2083 7651 174 0 0 0 0 0 0 0 0 0 0 120 0 19857 720 0 0 302 0 0 0 0 0 0 0 0 0 0 0 0 0 0 0 0 0 0 0 0 0 0 0 0 0 0 0 2822 
0 0 0 0 0 0 0 569 0 19 0 0 0 6901 0 0 0 0 0 41 0 0 0 0 0 0 0 0 0 0 0 0 0 0 0 0 0 0 0 0 0 0 0 0 0 0 0 0 3 0 308 2 0 0 168 1 0 0 52 0 0 0 0 0 0 0 0 0 0 0 0 0 0 0 0 0 0 0 0 0 0 0 0 
0 0 106 140 0 0 3 588 0 0 0 0 66 0 0 0 0 0 0 0 0 0 0 0 0 0 0 0 0 0 0 0 0 3 0 0 0 0 0 0 0 0 0 0 13 0 0 0 103 0 0 0 4 0 0 0 0 0 0 0 0 0 0 0 0 0 0 0 0 0 0 0 0 0 0 0 0 0 0 0 0 0 0 
0 0 18 19 0 0 0 3619 0 0 0 66 0 592 15 0 0 0 0 48 0 0 0 0 0 0 0 0 0 0 0 0 0 0 0 0 0 0 0 0 0 0 0 0 0 0 0 0 23 0 0 0 9 0 12 0 0 0 0 0 0 0 0 0 0 0 0 0 0 0 0 0 0 0 0 0 0 0 0 0 0 0 0 
0 0 0 0 0 0 0 1987 0 4805 6901 0 592 0 361 161 0 845 0 7212 0 0 0 0 0 0 0 0 0 0 0 0 0 0 0 0 0 0 0 0 0 0 0 0 0 0 0 0 12 0 51 0 0 0 0 0 0 0 2 0 0 0 0 0 0 0 0 0 0 0 0 0 0 0 0 0 0 0 0 0 0 0 0 
0 0 0 0 0 0 0 0 0 0 0 0 15 361 0 0 0 832 0 5570 1 0 0 0 0 0 0 0 0 0 0 0 0 0 0 0 0 0 0 0 0 0 0 0 0 0 0 0 0 0 0 0 0 0 39 0 0 0 48 0 858 244 68 29 1 0 0 0 0 0 0 0 0 0 0 0 0 0 0 0 2 0 0 
0 0 0 0 0 19 0 14 46 3377 0 0 0 161 0 0 1080 180 310 0 0 0 0 0 0 0 0 0 41 155 20 0 0 3011 2661 603 4591 0 0 0 0 0 0 0 0 0 0 0 0 0 2346 1 0 0 92 0 0 0 0 0 0 0 0 0 0 0 0 0 0 0 0 0 0 0 0 0 0 0 0 0 0 0 897 
0 0 0 0 0 5 0 0 27 1054 0 0 0 0 0 1080 0 410 1844 0 0 0 0 0 0 0 0 0 86 482 2556 58 2 5220 0 0 1470 0 0 0 0 0 0 0 0 0 0 0 0 0 0 0 0 0 0 0 0 0 0 0 0 0 0 0 0 0 0 0 0 0 0 0 0 0 0 0 0 0 0 0 0 0 0 
0 0 0 0 0 3 0 0 1 334 0 0 0 845 832 180 410 0 7913 471 627 114 2205 0 516 0 0 0 871 1079 4941 730 18 1912 3394 851 7336 0 0 39 0 0 0 0 0 0 0 1 0 0 2431 87 0 0 296 138 230 0 8217 1449 414 2846 106 957 1 91 0 0 0 181 177 0 548 0 1523 88 429 4520 0 0 0 0 1463 
0 0 0 0 0 0 0 0 0 150 0 0 0 0 0 310 1844 7913 0 9 43 3 1270 0 922 0 0 0 2451 2479 2481 130 0 35 0 0 0 0 0 0 0 0 0 0 0 0 0 0 0 0 0 0 0 0 0 0 0 0 55 0 1 15 0 11 0 0 0 0 0 0 0 0 1 0 100 0 0 204 0 0 0 0 0 
0 0 0 0 0 0 0 0 0 0 41 0 48 7212 5570 0 0 471 9 0 18 12 225 6 731 0 0 0 3 4 943 953 38 61 199 0 621 0 0 167 0 0 0 0 0 0 0 3 0 0 0 0 0 0 118 595 0 0 3156 640 2527 1047 309 3849 4 248 0 0 0 66 23 0 92 0 530 1110 421 1338 0 0 202 0 8 
0 0 0 0 0 0 0 0 0 0 0 0 0 0 1 0 0 627 43 18 0 289 2204 16 1168 0 0 0 589 228 37 846 0 19 100 0 0 0 0 21 0 0 0 0 0 0 0 1 0 0 0 0 0 0 0 0 0 0 4 0 7 6 22 748 1 60 0 0 0 0 0 0 4 0 69 5 0 21 0 0 40 0 0 
0 0 0 0 0 0 0 0 0 0 0 0 0 0 0 0 0 114 3 12 289 0 1002 450 140 0 0 0 573 779 191 3424 0 999 0 0 0 0 0 2 0 0 0 0 0 0 0 0 0 0 0 0 0 0 0 0 0 0 0 0 0 0 0 174 0 30 0 0 0 0 0 0 0 0 8 1 0 6 0 0 1 0 0 
0 0 0 0 0 0 0 0 0 0 0 0 0 0 0 0 0 2205 1270 225 2204 1002 0 260 1105 0 0 0 1890 1299 175 2716 0 53 0 0 0 0 0 2 0 0 0 0 0 0 0 0 0 0 0 0 0 0 0 0 0 0 0 0 0 0 0 0 0 0 0 0 0 0 0 0 0 0 1 0 0 1 0 0 0 0 0 
0 1 0 0 0 0 0 0 0 0 0 0 0 0 0 0 0 0 0 6 16 450 260 0 37 3 0 0 376 242 0 4487 0 434 0 0 0 0 0 318 0 0 0 0 0 0 0 0 0 0 0 0 0 0 0 0 0 0 0 0 0 145 56 0 165 0 0 0 0 0 0 0 0 0 0 0 0 0 0 0 0 0 0 
0 4 0 0 7 0 0 0 0 0 0 0 0 0 0 0 0 516 922 731 1168 140 1105 37 0 51 0 0 2061 935 1276 2915 0 309 0 0 72 0 0 1060 89 0 0 0 0 0 0 0 0 0 0 0 0 0 0 0 0 0 79 0 0 0 0 50 0 4 0 0 0 0 0 0 8 0 74 0 0 21 0 0 0 0 0 
0 0 0 0 3 0 0 0 0 0 0 0 0 0 0 0 0 0 0 0 0 0 0 3 51 0 6 0 144 17 0 99 0 8 0 0 0 0 0 33 0 0 0 0 0 0 0 0 0 0 0 0 0 0 0 0 0 0 0 0 0 0 0 0 0 0 0 0 0 0 0 0 0 0 0 0 0 0 0 0 0 0 0 
0 0 0 0 0 0 0 0 0 0 0 0 0 0 0 0 0 0 0 0 0 0 0 0 0 6 0 1 0 0 0 5 0 240 0 0 3 0 0 3 0 0 0 0 0 0 0 0 0 0 0 0 0 0 0 0 0 0 0 0 0 0 0 0 0 0 0 0 0 0 0 0 0 0 0 0 0 0 0 0 0 0 0 
0 19 0 0 0 0 77 0 0 0 0 0 0 0 0 0 0 0 0 0 0 0 0 0 0 0 1 0 0 0 0 0 0 174 0 0 8 0 0 0 0 0 0 0 0 0 0 0 0 0 0 0 0 0 0 0 0 0 0 0 0 0 0 0 0 0 0 0 0 0 0 0 0 0 0 0 0 0 0 0 0 0 0 
0 0 0 0 0 0 0 0 0 5 0 0 0 0 0 41 86 871 2451 3 589 573 1890 376 2061 144 0 0 0 1542 1920 1167 0 345 3 0 1167 1 0 875 56 0 0 0 0 0 0 0 0 0 0 0 0 0 0 0 0 0 159 0 0 5 0 67 0 3 0 0 0 0 0 0 6 0 99 0 0 43 0 0 0 0 0 
0 120 0 0 54 0 60 0 0 18 0 0 0 0 0 155 482 1079 2479 4 228 779 1299 242 935 17 0 0 1542 0 19 42 0 71 30 0 166 0 0 167 0 0 0 0 0 0 0 0 0 0 0 0 0 0 0 0 0 0 0 0 0 0 0 0 0 0 0 0 0 0 0 0 0 0 14 0 0 86 0 0 0 0 0 
0 0 0 0 0 0 0 0 0 0 0 0 0 0 0 20 2556 4941 2481 943 37 191 175 0 1276 0 0 0 1920 19 0 1020 11 142 0 0 1732 0 0 1 0 0 0 0 0 0 0 0 0 0 0 0 0 0 0 0 0 0 0 0 0 0 0 0 0 0 0 0 0 0 0 0 0 0 17 9 0 701 0 0 0 0 0 
76 2340 0 0 479 0 2569 0 0 0 0 0 0 0 0 0 58 730 130 953 846 3424 2716 4487 2915 99 5 0 1167 42 1020 0 65 342 2 0 311 0 0 372 0 0 0 0 0 0 0 0 0 0 0 0 0 0 0 0 0 0 0 0 0 0 0 0 0 0 0 0 0 0 0 0 0 0 65 256 1 1320 1 0 0 0 0 
0 0 0 0 0 0 0 0 0 0 0 0 0 0 0 0 2 18 0 38 0 0 0 0 0 0 0 0 0 0 11 65 0 12 0 0 3 0 0 0 0 0 0 0 0 0 0 0 0 0 0 0 0 0 0 0 0 0 0 0 0 0 0 0 0 0 0 0 0 0 0 0 0 0 5 113 0 449 0 0 0 0 0 
573 1362 0 0 3642 3542 3554 114 2069 2996 0 3 0 0 0 3011 5220 1912 35 61 19 999 53 434 309 8 240 174 345 71 142 342 12 0 252 17 131 0 7 189 7 0 1 0 0 0 0 5 16 4 26 0 0 0 0 0 0 0 1 0 0 0 0 0 0 0 0 0 0 0 0 0 0 0 73 782 3 7876 0 0 0 0 42 
0 87 0 0 689 0 5650 5393 14 11553 0 0 0 0 0 2661 0 3394 0 199 100 0 0 0 0 0 0 0 3 30 0 2 0 252 0 37 274 70 0 284 53 0 0 0 0 0 0 5 61 98 2 0 0 0 0 0 0 0 7 0 3 3 1 0 0 0 0 0 0 0 0 0 0 0 0 7 0 0 0 0 66 0 210 
29 208 1 0 11 0 7560 1736 23 2083 0 0 0 0 0 603 0 851 0 0 0 0 0 0 0 0 0 0 0 0 0 0 0 17 37 0 64 4 17 0 5 53 0 92 81 0 0 119 914 2 225 0 0 0 0 0 3 0 7 0 0 0 0 0 0 0 0 0 0 0 0 0 0 0 0 0 2 0 0 0 0 0 1 
1 1518 0 0 5809 1371 4897 3309 2359 7651 0 0 0 0 0 4591 1470 7336 0 621 0 0 0 0 72 0 3 8 1167 166 1732 311 3 131 274 64 0 0 0 9 0 0 0 0 0 0 0 0 81 30 3 0 0 0 0 0 0 0 511 0 0 0 0 0 0 0 0 0 0 0 0 0 0 0 0 1208 306 465 0 0 0 0 2245 
0 19 0 0 64 0 317 127 2 174 0 0 0 0 0 0 0 0 0 0 0 0 0 0 0 0 0 0 1 0 0 0 0 0 70 4 0 0 0 0 0 0 0 0 0 0 0 0 2 2 0 0 0 0 0 0 0 0 0 0 0 0 0 0 0 0 0 0 0 0 0 0 0 0 0 0 0 0 0 0 0 0 1617 
13 0 0 0 0 0 158 0 0 0 0 0 0 0 0 0 0 0 0 0 0 0 0 0 0 0 0 0 0 0 0 0 0 7 0 17 0 0 0 0 1 1 0 0 0 0 0 1 0 0 0 0 0 0 0 0 0 0 0 0 0 0 0 0 0 0 0 0 0 0 0 0 0 0 0 0 0 0 0 0 0 0 0 
2 67 0 0 437 0 0 0 0 0 0 0 0 0 0 0 0 39 0 167 21 2 2 318 1060 33 3 0 875 167 1 372 0 189 284 0 9 0 0 0 0 0 0 0 0 0 0 0 0 0 0 0 0 0 0 0 0 0 0 0 0 0 0 0 0 0 0 0 0 0 0 0 0 0 0 0 0 0 0 0 0 0 1 
0 0 0 0 0 0 0 0 0 0 0 0 0 0 0 0 0 0 0 0 0 0 0 0 89 0 0 0 56 0 0 0 0 7 53 5 0 0 1 0 0 0 0 0 0 0 0 0 0 0 0 0 0 0 0 0 0 0 0 0 0 0 0 0 0 0 0 0 0 0 0 0 0 0 0 0 0 0 0 0 0 0 55 
1 0 37 0 0 0 264 71 0 0 0 0 0 0 0 0 0 0 0 0 0 0 0 0 0 0 0 0 0 0 0 0 0 0 0 53 0 0 1 0 0 0 330 689 200 0 0 1090 171 0 0 0 4 0 0 0 0 0 0 0 0 0 0 0 0 0 0 0 0 0 0 0 5 0 2092 0 7 1 0 1 0 0 0 
0 0 0 0 0 0 0 0 0 0 0 0 0 0 0 0 0 0 0 0 0 0 0 0 0 0 0 0 0 0 0 0 0 1 0 0 0 0 0 0 0 330 0 0 0 28 0 46 0 0 0 0 0 0 0 0 0 0 0 0 0 0 0 0 0 0 0 0 0 0 0 0 163 0 5026 0 0 742 0 0 0 0 1 
4 0 20 0 0 0 215 1 0 0 0 0 0 0 0 0 0 0 0 0 0 0 0 0 0 0 0 0 0 0 0 0 0 0 0 92 0 0 0 0 0 689 0 0 249 0 0 0 0 0 0 0 3 0 0 0 0 0 0 0 0 0 0 0 0 0 0 0 0 0 0 0 0 0 21 0 156 7 0 5 0 0 0 
78 0 752 12 0 0 913 85 0 0 0 13 0 0 0 0 0 0 0 0 0 0 0 0 0 0 0 0 0 0 0 0 0 0 0 81 0 0 0 0 0 200 0 249 0 0 0 70 320 0 0 0 42 8 0 0 0 0 0 0 0 0 0 0 0 0 0 0 0 0 0 0 0 0 5 0 1 0 0 39 0 0 0 
0 0 0 0 0 0 0 0 0 0 0 0 0 0 0 0 0 0 0 0 0 0 0 0 0 0 0 0 0 0 0 0 0 0 0 0 0 0 0 0 0 0 28 0 0 0 6 14 0 0 0 0 0 0 0 0 0 0 0 0 0 0 0 0 0 0 0 0 0 0 0 0 2 0 6383 0 0 1270 1 0 0 0 0 
0 0 0 0 0 0 0 0 0 0 0 0 0 0 0 0 0 0 0 0 0 0 0 0 0 0 0 0 0 0 0 0 0 0 0 0 0 0 0 0 0 0 0 0 0 6 0 48 300 193 449 0 0 0 0 0 0 0 0 0 0 0 0 0 0 0 0 0 0 0 0 0 0 0 1841 375 340 7158 43 0 0 0 374 
1 0 9 0 0 0 279 309 1 0 0 0 0 0 0 0 0 1 0 3 1 0 0 0 0 0 0 0 0 0 0 0 0 5 5 119 0 0 1 0 0 1090 46 0 70 14 48 0 7159 0 178 0 14 0 0 0 0 0 0 0 0 0 0 0 0 0 0 0 0 0 0 0 29 0 7103 2689 7251 7915 706 11 0 0 1899 
2 0 1559 128 0 0 11078 48643 9 120 3 103 23 12 0 0 0 0 0 0 0 0 0 0 0 0 0 0 0 0 0 0 0 16 61 914 81 2 0 0 0 171 0 0 320 0 300 7159 0 8522 3200 597 296 224 2645 0 0 0 0 0 0 0 0 0 0 0 0 0 0 0 0 0 0 0 26 4117 3676 4628 84 53 0 0 2120 
0 0 0 0 0 0 0 334 0 0 0 0 0 0 0 0 0 0 0 0 0 0 0 0 0 0 0 0 0 0 0 0 0 4 98 2 30 2 0 0 0 0 0 0 0 0 193 0 8522 0 5404 0 0 0 0 0 0 0 0 0 0 0 0 0 0 0 0 0 0 0 0 0 0 0 8 20 2 1812 0 0 0 0 31 
0 0 0 0 0 0 0 1262 0 19857 308 0 0 51 0 2346 0 2431 0 0 0 0 0 0 0 0 0 0 0 0 0 0 0 26 2 225 3 0 0 0 0 0 0 0 0 0 449 178 3200 5404 0 15 0 0 2923 0 1979 25 5208 886 0 0 0 0 0 206 0 0 0 715 149 658 0 0 2775 16822 2372 13575 4 0 399 0 6157 
0 0 0 0 0 0 0 8 0 720 2 0 0 0 0 1 0 87 0 0 0 0 0 0 0 0 0 0 0 0 0 0 0 0 0 0 0 0 0 0 0 0 0 0 0 0 0 0 597 0 15 0 0 0 7854 0 237 0 444 0 3 0 0 0 0 0 0 0 0 0 0 0 0 0 0 0 0 0 0 0 0 0 0 
1 0 19 6 0 0 17 12 0 0 0 4 9 0 0 0 0 0 0 0 0 0 0 0 0 0 0 0 0 0 0 0 0 0 0 0 0 0 0 0 0 4 0 3 42 0 0 14 296 0 0 0 0 6 0 0 0 0 0 0 0 0 0 0 0 0 0 0 0 0 0 0 0 0 0 0 0 0 0 0 0 0 0 
0 0 10 0 0 0 15 18 0 0 0 0 0 0 0 0 0 0 0 0 0 0 0 0 0 0 0 0 0 0 0 0 0 0 0 0 0 0 0 0 0 0 0 0 8 0 0 0 224 0 0 0 6 0 39 0 0 0 0 0 0 0 0 0 0 0 0 0 0 0 0 0 0 0 0 0 0 0 0 0 0 0 0 
0 0 0 0 0 0 0 61 0 302 168 0 12 0 39 92 0 296 0 118 0 0 0 0 0 0 0 0 0 0 0 0 0 0 0 0 0 0 0 0 0 0 0 0 0 0 0 0 2645 0 2923 7854 0 39 0 743 61 0 4498 0 2901 0 0 0 0 0 0 0 0 0 0 0 0 0 0 0 7 0 0 0 0 0 0 
0 0 0 0 0 0 0 0 0 0 1 0 0 0 0 0 0 138 0 595 0 0 0 0 0 0 0 0 0 0 0 0 0 0 0 0 0 0 0 0 0 0 0 0 0 0 0 0 0 0 0 0 0 0 743 0 0 7 4411 0 6694 452 79 80 0 0 0 0 0 0 0 0 0 0 142 433 10 776 2 0 2 0 27 
0 0 0 0 0 0 0 0 0 0 0 0 0 0 0 0 0 230 0 0 0 0 0 0 0 0 0 0 0 0 0 0 0 0 0 3 0 0 0 0 0 0 0 0 0 0 0 0 0 0 1979 237 0 0 61 0 0 1522 296 148 1 0 0 0 0 28 0 0 0 99 75 977 1 0 358 165 140 2367 0 0 413 0 65 
0 0 0 0 0 0 0 0 0 0 0 0 0 0 0 0 0 0 0 0 0 0 0 0 0 0 0 0 0 0 0 0 0 0 0 0 0 0 0 0 0 0 0 0 0 0 0 0 0 0 25 0 0 0 0 7 1522 0 942 868 0 0 0 0 0 64 0 0 0 179 198 4715 492 50 1405 0 0 2549 0 0 2 0 8 
0 0 0 0 0 0 0 0 0 0 52 0 0 2 48 0 0 8217 55 3156 4 0 0 0 79 0 0 0 159 0 0 0 0 1 7 7 511 0 0 0 0 0 0 0 0 0 0 0 0 0 5208 444 0 0 4498 4411 296 942 0 3980 99 1098 685 2136 150 2414 0 0 0 489 283 1434 3524 162 4685 9256 1627 4921 22 0 1123 0 1388 
0 0 0 0 0 0 0 0 0 0 0 0 0 0 0 0 0 1449 0 640 0 0 0 0 0 0 0 0 0 0 0 0 0 0 0 0 0 0 0 0 0 0 0 0 0 0 0 0 0 0 886 0 0 0 0 0 148 868 3980 0 25 0 0 1086 0 2512 0 0 1 1762 1434 1404 1945 127 389 0 0 54 0 0 0 0 4 
0 0 0 0 0 0 0 0 0 0 0 0 0 0 858 0 0 414 1 2527 7 0 0 0 0 0 0 0 0 0 0 0 0 0 3 0 0 0 0 0 0 0 0 0 0 0 0 0 0 0 0 3 0 0 2901 6694 1 0 99 25 0 455 2 0 10 10 0 0 0 50 5 0 64 31 1631 0 0 720 0 0 25 0 1 
0 0 0 0 0 0 0 0 0 0 0 0 0 0 244 0 0 2846 15 1047 6 0 0 145 0 0 0 0 5 0 0 0 0 0 3 0 0 0 0 0 0 0 0 0 0 0 0 0 0 0 0 0 0 0 0 452 0 0 1098 0 455 0 631 60 383 186 0 0 0 9 0 0 443 0 212 5 0 2 0 0 96 0 0 
0 0 0 0 0 0 0 0 0 0 0 0 0 0 68 0 0 106 0 309 22 0 0 56 0 0 0 0 0 0 0 0 0 0 1 0 0 0 0 0 0 0 0 0 0 0 0 0 0 0 0 0 0 0 0 79 0 0 685 0 2 631 0 121 655 0 4 0 0 0 0 0 0 0 1 0 0 0 0 0 197 0 0 
0 0 0 0 0 0 0 0 0 0 0 0 0 0 29 0 0 957 11 3849 748 174 0 0 50 0 0 0 67 0 0 0 0 0 0 0 0 0 0 0 0 0 0 0 0 0 0 0 0 0 0 0 0 0 0 80 0 0 2136 1086 0 60 121 0 337 558 0 0 0 55 24 0 1523 0 387 0 0 6 0 0 1 0 0 
0 0 0 0 0 0 0 0 0 0 0 0 0 0 1 0 0 1 0 4 1 0 0 165 0 0 0 0 0 0 0 0 0 0 0 0 0 0 0 0 0 0 0 0 0 0 0 0 0 0 0 0 0 0 0 0 0 0 150 0 10 383 655 337 0 23 18 0 0 176 10 0 3211 0 142 5 0 5 0 0 178 0 0 
0 0 0 0 0 0 0 0 0 0 0 0 0 0 0 0 0 91 0 248 60 30 0 0 4 0 0 0 3 0 0 0 0 0 0 0 0 0 0 0 0 0 0 0 0 0 0 0 0 0 206 0 0 0 0 0 28 64 2414 2512 10 186 0 558 23 0 21 5 3 1313 383 230 2607 133 932 0 0 173 0 0 443 6 3 
0 0 0 0 0 0 0 0 0 0 0 0 0 0 0 0 0 0 0 0 0 0 0 0 0 0 0 0 0 0 0 0 0 0 0 0 0 0 0 0 0 0 0 0 0 0 0 0 0 0 0 0 0 0 0 0 0 0 0 0 0 0 4 0 18 21 0 1 0 0 0 0 0 0 0 0 0 0 0 0 76 0 0 
0 0 0 0 0 0 0 0 0 0 0 0 0 0 0 0 0 0 0 0 0 0 0 0 0 0 0 0 0 0 0 0 0 0 0 0 0 0 0 0 0 0 0 0 0 0 0 0 0 0 0 0 0 0 0 0 0 0 0 0 0 0 0 0 0 5 1 0 0 0 0 0 0 0 0 0 0 0 0 0 18 0 0 
0 0 0 0 0 0 0 0 0 0 0 0 0 0 0 0 0 0 0 0 0 0 0 0 0 0 0 0 0 0 0 0 0 0 0 0 0 0 0 0 0 0 0 0 0 0 0 0 0 0 0 0 0 0 0 0 0 0 0 1 0 0 0 0 0 3 0 0 0 3 0 0 0 0 101 0 0 1 0 0 179 0 0 
0 0 0 0 0 0 0 0 0 0 0 0 0 0 0 0 0 181 0 66 0 0 0 0 0 0 0 0 0 0 0 0 0 0 0 0 0 0 0 0 0 0 0 0 0 0 0 0 0 0 715 0 0 0 0 0 99 179 489 1762 50 9 0 55 176 1313 0 0 3 0 1492 575 908 501 959 163 0 257 0 0 1388 0 3 
0 0 0 0 0 0 0 0 0 0 0 0 0 0 0 0 0 177 0 23 0 0 0 0 0 0 0 0 0 0 0 0 0 0 0 0 0 0 0 0 0 0 0 0 0 0 0 0 0 0 149 0 0 0 0 0 75 198 283 1434 5 0 0 24 10 383 0 0 0 1492 0 8 762 159 598 0 0 0 0 0 9 0 0 
0 0 0 0 0 0 0 0 0 0 0 0 0 0 0 0 0 0 0 0 0 0 0 0 0 0 0 0 0 0 0 0 0 0 0 0 0 0 0 0 0 0 0 0 0 0 0 0 0 0 658 0 0 0 0 0 977 4715 1434 1404 0 0 0 0 0 230 0 0 0 575 8 0 206 14 22 0 0 1 0 0 0 0 0 
0 0 0 0 0 0 0 0 0 0 0 0 0 0 0 0 0 548 1 92 4 0 0 0 8 0 0 0 6 0 0 0 0 0 0 0 0 0 0 0 0 5 163 0 0 2 0 29 0 0 0 0 0 0 0 0 1 492 3524 1945 64 443 0 1523 3211 2607 0 0 0 908 762 206 0 436 250 2 0 0 0 0 30 0 0 
0 0 0 0 0 0 0 0 0 0 0 0 0 0 0 0 0 0 0 0 0 0 0 0 0 0 0 0 0 0 0 0 0 0 0 0 0 0 0 0 0 0 0 0 0 0 0 0 0 0 0 0 0 0 0 0 0 50 162 127 31 0 0 0 0 133 0 0 0 501 159 14 436 0 0 0 0 0 0 0 0 0 0 
0 0 0 0 0 0 19 1 0 0 0 0 0 0 0 0 0 1523 100 530 69 8 1 0 74 0 0 0 99 14 17 65 5 73 0 0 0 0 0 0 0 2092 5026 21 5 6383 1841 7103 26 8 2775 0 0 0 0 142 358 1405 4685 389 1631 212 1 387 142 932 0 0 101 959 598 22 250 0 0 690 0 221 0 1 180 0 0 
0 0 0 0 1 0 0 132 0 0 0 0 0 0 0 0 0 88 0 1110 5 1 0 0 0 0 0 0 0 0 9 256 113 782 7 0 1208 0 0 0 0 0 0 0 0 0 375 2689 4117 20 16822 0 0 0 0 433 165 0 9256 0 0 5 0 0 5 0 0 0 0 163 0 0 2 0 690 0 306 505 26 0 25 22 886 
0 0 0 0 0 0 87 151 0 0 0 0 0 0 0 0 0 429 0 421 0 0 0 0 0 0 0 0 0 0 0 1 0 3 0 2 306 0 0 0 0 7 0 156 1 0 340 7251 3676 2 2372 0 0 0 7 10 140 0 1627 0 0 0 0 0 0 0 0 0 0 0 0 0 0 0 0 306 0 55 0 2 0 0 72 
0 0 0 0 77 1 4 88 0 0 0 0 0 0 0 0 0 4520 204 1338 21 6 1 0 21 0 0 0 43 86 701 1320 449 7876 0 0 465 0 0 0 0 1 742 7 0 1270 7158 7915 4628 1812 13575 0 0 0 0 776 2367 2549 4921 54 720 2 0 6 5 173 0 0 1 257 0 1 0 0 221 505 55 0 0 0 598 0 1463 
0 0 0 0 0 0 0 1 0 0 0 0 0 0 0 0 0 0 0 0 0 0 0 0 0 0 0 0 0 0 0 1 0 0 0 0 0 0 0 0 0 0 0 0 0 1 43 706 84 0 4 0 0 0 0 2 0 0 22 0 0 0 0 0 0 0 0 0 0 0 0 0 0 0 0 26 0 0 0 0 1 0 1477 
0 0 0 0 0 0 6 10 0 0 0 0 0 0 0 0 0 0 0 0 0 0 0 0 0 0 0 0 0 0 0 0 0 0 0 0 0 0 0 0 0 1 0 5 39 0 0 11 53 0 0 0 0 0 0 0 0 0 0 0 0 0 0 0 0 0 0 0 0 0 0 0 0 0 1 0 2 0 0 0 0 0 0 
0 0 0 0 0 0 0 0 0 0 0 0 0 0 2 0 0 0 0 202 40 1 0 0 0 0 0 0 0 0 0 0 0 0 66 0 0 0 0 0 0 0 0 0 0 0 0 0 0 0 399 0 0 0 0 2 413 2 1123 0 25 96 197 1 178 443 76 18 179 1388 9 0 30 0 180 25 0 598 1 0 0 0 0 
0 0 0 0 0 0 0 0 0 0 0 0 0 0 0 0 0 0 0 0 0 0 0 0 0 0 0 0 0 0 0 0 0 0 0 0 0 0 0 0 0 0 0 0 0 0 0 0 0 0 0 0 0 0 0 0 0 0 0 0 0 0 0 0 0 6 0 0 0 0 0 0 0 0 0 22 0 0 0 0 0 0 0 
0 1 0 0 311 0 1162 429 2 2822 0 0 0 0 0 897 0 1463 0 8 0 0 0 0 0 0 0 0 0 0 0 0 0 42 210 1 2245 1617 0 1 55 0 1 0 0 0 374 1899 2120 31 6157 0 0 0 0 27 65 8 1388 4 1 0 0 0 0 3 0 0 0 3 0 0 0 0 0 886 72 1463 1477 0 0 0 0 
