0 2207 0 53 126 0 888 0 0 0 0 1220 0 0 0 0 0 0 0 0 0 0 0 0 0 0 0 553 1251 1289 0 1324 0 2349 3 1148 87 5 113 0 0 5083 0 0 0 0 0 1982 0 0 0 0 478 55 0 0 0 0 0 0 0 0 0 0 0 0 0 0 0 0 0 0 0 0 208 0 0 0 0 0 0 0 0 
2207 0 0 0 5 0 0 0 0 0 0 0 0 0 0 0 0 111 0 0 8 6 85 0 0 0 0 0 156 727 0 297 3 3326 14 0 393 9 0 0 0 0 0 0 0 0 0 0 1 0 0 0 0 0 0 0 0 0 27 0 0 0 0 7 0 0 0 0 0 0 4 0 0 0 1 0 0 91 42 0 0 0 8 
0 0 0 71 0 0 0 0 0 0 0 89 0 0 0 0 0 0 0 0 0 0 0 0 0 0 0 0 0 0 0 0 0 0 0 0 0 0 0 0 0 0 0 0 0 0 0 1 0 0 0 0 0 0 0 0 0 0 0 0 0 0 0 0 0 0 0 0 0 0 0 0 0 0 0 0 0 0 0 0 0 0 0 
53 0 71 0 0 0 41 11 0 0 0 167 0 0 0 0 0 0 0 0 0 0 0 0 0 0 0 3 2 0 0 0 0 0 0 0 0 0 0 0 0 47 0 0 2 0 0 1 1 0 0 0 19 6 0 0 0 0 0 0 0 0 0 0 0 0 0 0 0 0 0 0 0 0 0 0 0 0 0 0 0 0 0 
126 5 0 0 0 0 176 1782 1122 12 0 0 0 0 0 54 245 2170 0 0 12 9 82 0 0 0 0 0 0 10 0 866 284 7176 209 408 4316 141 0 0 0 0 0 0 0 0 0 10 2 0 0 0 0 0 0 0 0 0 15 0 0 0 0 14 0 0 0 0 0 0 4 0 2 0 0 0 2 134 27 0 0 0 206 
0 0 0 0 0 0 0 2109 6252 292 0 0 0 0 0 0 0 0 0 0 0 0 0 0 0 0 0 0 0 0 0 0 0 900 0 0 6 0 0 0 0 0 0 0 0 0 0 0 0 0 0 0 0 0 0 0 0 0 0 0 0 0 0 0 0 0 0 0 0 0 0 0 0 0 0 0 0 0 0 0 0 0 0 
888 0 0 41 176 0 0 5228 1645 19 0 1835 1296 0 0 275 105 1213 14 3 45 0 550 0 0 0 0 96 2631 1526 0 865 22 173 3880 9641 7918 1238 4 0 0 1342 0 0 0 0 0 11811 5570 0 0 0 126 49 0 0 0 0 233 7 18 0 0 43 0 41 0 0 0 1 6 0 2 0 2 10 1 571 354 0 0 0 415 
0 0 0 11 1782 2109 5228 0 453 5203 677 1901 4086 5274 13 34 0 2 0 49 0 0 0 0 0 0 0 0 0 0 0 0 0 2440 16376 4687 12273 137 0 0 0 0 0 0 12 0 0 2769 79325 0 1030 1033 0 300 52 0 0 0 0 0 0 0 0 0 0 0 0 0 0 0 0 0 0 0 0 0 0 0 0 0 0 0 395 
0 0 0 0 1122 6252 1645 453 0 10908 0 0 0 0 0 43 0 0 0 0 0 0 0 0 0 0 0 0 0 0 0 0 0 399 0 0 32 0 0 0 0 0 0 0 0 0 0 0 0 0 0 0 0 0 0 0 0 0 0 0 0 0 0 0 0 0 0 0 0 0 0 0 0 0 0 0 0 0 0 0 0 0 0 
0 0 0 0 12 292 19 5203 10908 0 459 0 0 1240 0 8308 4435 328 10378 0 0 0 0 0 0 0 0 0 1 3080 8 187 0 5636 24381 2494 12862 146 0 0 0 0 0 0 0 0 0 0 3409 0 13535 5099 0 0 13 0 8180 0 593 0 2812 0 0 0 0 0 0 0 0 0 0 0 0 0 0 0 56 0 0 0 0 0 7254 
0 0 0 0 0 0 0 677 0 459 0 0 2 4470 214 37 0 0 0 1 0 0 0 0 0 0 0 0 0 0 0 0 0 0 0 0 0 0 0 0 0 0 0 0 0 0 0 0 74 0 844 696 0 0 73 77 93 0 6 0 903 0 0 0 0 0 0 0 0 0 0 0 0 0 0 0 0 0 0 0 0 0 0 
1220 0 89 167 0 0 1835 1901 0 0 0 0 2 0 0 0 0 0 0 0 0 0 0 0 0 0 0 0 0 0 0 0 0 0 0 0 0 0 0 0 0 0 0 0 0 0 0 1 32 0 0 0 0 0 0 0 0 0 0 0 0 0 0 0 0 0 0 0 0 0 0 0 0 0 0 0 0 0 0 0 0 0 0 
0 0 0 0 0 0 1296 4086 0 0 2 2 0 199 28 0 0 0 0 22 0 0 0 0 0 0 0 0 0 0 0 0 0 0 0 0 0 0 0 0 0 0 0 0 0 0 0 29 450 0 0 0 0 0 0 0 0 0 0 0 0 0 0 0 0 0 0 0 0 0 0 0 0 0 0 0 0 0 0 0 0 0 0 
0 0 0 0 0 0 0 5274 0 1240 4470 0 199 0 195 404 0 0 0 91 0 0 0 0 0 0 0 0 0 0 0 0 0 0 0 0 0 0 0 0 0 0 0 0 0 0 0 0 531 0 24 107 0 0 41 0 8 0 0 0 55 0 0 0 0 0 0 0 0 0 0 0 0 0 0 0 0 0 0 0 0 0 0 
0 0 0 0 0 0 0 13 0 0 214 0 28 195 0 0 0 754 0 15767 889 30 2 59 61 469 0 0 5 0 0 0 0 0 0 0 22 0 0 5 0 0 0 0 0 0 0 0 13 0 0 0 0 0 0 22 0 0 67 0 184 47 0 0 0 0 0 0 0 0 0 0 0 0 0 0 0 0 0 0 0 0 0 
0 0 0 0 54 0 275 34 43 8308 37 0 0 404 0 0 7727 900 1420 0 0 0 0 0 0 0 0 0 0 661 1 102 1 6393 2723 761 2791 0 0 0 0 0 0 0 0 0 0 0 0 0 14 9 0 0 0 0 513 0 2508 0 2312 0 0 0 0 0 0 0 0 0 0 0 0 0 0 6 20 0 0 0 0 0 280 
0 0 0 0 245 0 105 0 0 4435 0 0 0 0 0 7727 0 1418 230 0 0 0 0 0 0 0 0 0 0 32 0 758 20 2130 0 0 55 0 0 0 0 0 0 0 0 0 0 0 0 0 0 0 0 0 0 0 0 0 0 0 0 0 0 0 0 0 0 0 0 0 0 0 0 0 0 0 0 0 0 0 0 0 0 
0 111 0 0 2170 0 1213 2 0 328 0 0 0 0 754 900 1418 0 9386 306 67 91 964 0 52 44 0 0 942 19812 22 11521 343 1307 9739 428 7066 26 0 664 34 0 0 0 0 0 0 0 0 0 0 0 0 0 0 57 16 0 8939 0 14361 0 0 103 0 0 0 0 0 0 0 0 0 0 0 1439 232 22 28 0 4 0 2101 
0 0 0 0 0 0 14 0 0 10378 0 0 0 0 0 1420 230 9386 0 18 9 0 3602 0 122 0 0 0 10564 14164 481 1960 0 0 3 0 2206 8 0 1 3 0 0 0 0 0 0 0 0 0 0 0 0 0 0 0 0 0 0 0 0 0 0 0 0 0 0 0 0 0 0 0 0 0 0 0 0 1 10 0 0 0 0 
0 0 0 0 0 0 3 49 0 0 1 0 22 91 15767 0 0 306 18 0 4 10 0 1348 0 382 0 0 0 0 0 0 0 0 47 0 64 0 0 235 0 0 0 0 0 0 0 0 75 0 0 0 0 0 0 1503 2 0 830 0 8489 0 0 1 105 0 0 0 0 1 0 0 0 0 0 196 12 75 0 0 7 0 0 
0 8 0 0 12 0 45 0 0 0 0 0 0 0 889 0 0 67 9 4 0 2168 80 120 0 0 0 0 6 286 0 133 0 76 3 0 0 0 0 0 0 0 0 0 0 0 0 0 0 0 0 0 0 0 0 0 0 0 268 0 34 177 33 12 7 0 0 0 0 0 1 0 1 0 2 0 0 0 2 0 0 0 0 
0 6 0 0 9 0 0 0 0 0 0 0 0 0 30 0 0 91 0 10 2168 0 297 1431 240 717 0 0 1315 70 0 36 0 2 121 0 27 0 0 124 0 0 0 0 0 0 0 0 0 0 0 0 0 0 0 0 0 0 0 0 94 44 71 63 112 69 18 0 0 87 0 0 0 0 1 0 0 11 13 0 0 0 0 
0 85 0 0 82 0 550 0 0 0 0 0 0 0 2 0 0 964 3602 0 80 297 0 168 3513 11 0 0 17323 2901 0 4611 0 218 74 0 41 0 0 1 0 0 0 0 0 0 0 0 0 0 0 0 0 0 0 0 0 0 534 0 0 24 7 1085 0 0 0 0 0 0 1 0 10 0 41 0 0 46 27 0 0 0 0 
0 0 0 0 0 0 0 0 0 0 0 0 0 0 59 0 0 0 0 1348 120 1431 168 0 3928 297 0 0 4052 0 0 0 0 0 85 0 36 0 0 0 0 0 0 0 0 0 0 0 0 0 0 0 0 0 0 0 0 0 0 0 2 0 63 7 318 196 0 0 0 96 0 0 0 0 0 0 0 3 8 0 0 0 0 
0 0 0 0 0 0 0 0 0 0 0 0 0 0 61 0 0 52 122 0 0 240 3513 3928 0 2989 49 0 259 1 0 2 0 29 530 0 1488 274 0 1341 118 0 0 0 0 0 0 0 0 0 0 0 0 0 0 0 0 0 1 0 20 0 41 0 25 1 0 0 0 28 0 0 0 0 0 0 0 36 13 0 22 0 0 
0 0 0 0 0 0 0 0 0 0 0 0 0 0 469 0 0 44 0 382 0 717 11 297 2989 0 7 3 150 0 0 0 0 2 0 0 0 0 0 248 0 0 0 0 0 0 0 0 0 0 0 0 0 0 0 0 0 0 0 0 0 0 29 0 0 0 0 0 0 0 0 0 0 0 0 0 0 0 0 0 0 0 0 
0 0 0 0 0 0 0 0 0 0 0 0 0 0 0 0 0 0 0 0 0 0 0 0 49 7 0 7 0 0 0 0 0 13 0 0 14 5 0 310 19 0 0 0 0 0 0 0 0 0 0 0 0 0 0 0 0 0 0 0 0 0 0 0 0 0 0 0 0 0 0 0 0 0 0 0 0 0 0 0 0 0 0 
553 0 0 3 0 0 96 0 0 0 0 0 0 0 0 0 0 0 0 0 0 0 0 0 0 3 7 0 0 0 0 0 0 696 0 0 997 53 6 102 0 0 0 0 0 0 0 0 0 0 0 0 0 0 0 0 0 0 0 0 0 0 0 0 0 0 0 0 0 0 0 0 0 0 0 0 0 0 0 0 0 0 0 
1251 156 0 2 0 0 2631 0 0 1 0 0 0 0 5 0 0 942 10564 0 6 1315 17323 4052 259 150 0 0 0 1305 0 25 0 69 322 0 2363 414 5 182 0 0 0 0 0 0 0 0 0 0 0 0 0 0 0 0 0 0 0 0 19 0 18 23 6 1 0 0 0 52 0 0 0 0 0 1 0 47 33 0 71 0 0 
1289 727 0 0 10 0 1526 0 0 3080 0 0 0 0 0 661 32 19812 14164 0 286 70 2901 0 1 0 0 0 1305 0 1255 2849 0 331 0 0 1 0 0 0 0 0 0 0 0 0 0 3 0 0 0 0 0 0 0 0 0 0 66 0 1 3 2 167 0 0 0 0 0 0 15 0 7 0 31 0 0 261 298 0 0 0 0 
0 0 0 0 0 0 0 0 0 8 0 0 0 0 0 1 0 22 481 0 0 0 0 0 0 0 0 0 0 1255 0 2678 0 0 0 0 0 0 0 0 0 0 0 0 0 0 0 0 0 0 0 0 0 0 0 0 0 0 0 0 0 0 0 0 0 0 0 0 0 0 0 0 0 0 0 0 0 0 0 0 0 0 0 
1324 297 0 0 866 0 865 0 0 187 0 0 0 0 0 102 758 11521 1960 0 133 36 4611 0 2 0 0 0 25 2849 2678 0 67 1103 0 0 308 0 0 0 0 0 0 0 0 0 0 16 0 0 0 0 0 0 0 0 0 0 1261 1 3 171 0 582 0 1 0 0 0 0 51 0 4 0 41 7 4 1167 145 0 0 0 0 
0 3 0 0 284 0 22 0 0 0 0 0 0 0 0 1 20 343 0 0 0 0 0 0 0 0 0 0 0 0 0 67 0 1088 0 0 4 0 0 0 0 0 0 0 0 0 0 0 0 0 0 0 0 0 0 0 0 0 0 0 0 0 0 0 0 0 0 0 0 0 0 0 0 0 0 0 0 0 0 0 0 0 0 
2349 3326 0 0 7176 900 173 2440 399 5636 0 0 0 0 0 6393 2130 1307 0 0 76 2 218 0 29 2 13 696 69 331 0 1103 1088 0 1 6 61 0 0 59 0 37 0 0 0 0 0 4 0 0 0 0 1 0 0 0 0 0 391 0 0 2 0 131 0 0 0 0 0 0 11 0 3 0 20 0 0 225 11 0 0 0 0 
3 14 0 0 209 0 3880 16376 0 24381 0 0 0 0 0 2723 0 9739 3 47 3 121 74 85 530 0 0 0 322 0 0 0 0 1 0 901 620 79 0 266 251 0 0 0 0 0 0 0 0 0 0 0 0 0 0 4 0 0 0 0 66 0 0 0 0 0 0 0 0 6 0 0 0 0 0 15 1 9 3 0 20 0 16 
1148 0 0 0 408 0 9641 4687 0 2494 0 0 0 0 0 761 0 428 0 0 0 0 0 0 0 0 0 0 0 0 0 0 0 6 901 0 10 50 9 0 0 0 0 0 0 0 0 0 0 0 0 0 0 0 0 0 7 0 4 0 0 0 0 0 0 0 0 0 0 0 0 0 0 0 0 1 0 0 0 0 0 0 0 
87 393 0 0 4316 6 7918 12273 32 12862 0 0 0 0 22 2791 55 7066 2206 64 0 27 41 36 1488 0 14 997 2363 1 0 308 4 61 620 10 0 0 0 16 0 0 0 0 0 0 0 0 0 0 0 0 0 0 0 0 0 0 1 0 5 0 0 0 0 0 0 0 0 0 0 0 0 0 0 11 0 95 267 0 0 0 1263 
5 9 0 0 141 0 1238 137 0 146 0 0 0 0 0 0 0 26 8 0 0 0 0 0 274 0 5 53 414 0 0 0 0 0 79 50 0 0 0 0 0 0 0 0 0 0 0 0 0 0 0 0 0 0 0 0 0 0 0 0 0 0 0 0 0 0 0 0 0 0 0 0 0 0 0 0 0 0 0 0 0 0 4708 
113 0 0 0 0 0 4 0 0 0 0 0 0 0 0 0 0 0 0 0 0 0 0 0 0 0 0 6 5 0 0 0 0 0 0 9 0 0 0 0 0 1 0 0 0 0 0 0 0 0 0 0 1 0 0 0 0 0 0 0 0 0 0 0 0 0 0 0 0 0 0 0 0 0 0 0 0 0 0 0 0 0 0 
0 0 0 0 0 0 0 0 0 0 0 0 0 0 5 0 0 664 1 235 0 124 1 0 1341 248 310 102 182 0 0 0 0 59 266 0 16 0 0 0 65 0 0 0 0 0 0 0 0 0 0 0 0 0 0 0 0 0 1 1 7 0 2 0 0 3 0 0 0 83 0 0 0 0 0 0 1 41 10 0 171 0 3 
0 0 0 0 0 0 0 0 0 0 0 0 0 0 0 0 0 34 3 0 0 0 0 0 118 0 19 0 0 0 0 0 0 0 251 0 0 0 0 65 0 0 0 0 0 0 0 0 0 0 0 0 0 0 0 0 0 0 0 0 0 0 0 0 0 0 0 0 0 0 0 0 0 0 0 0 0 0 0 0 0 0 0 
5083 0 0 47 0 0 1342 0 0 0 0 0 0 0 0 0 0 0 0 0 0 0 0 0 0 0 0 0 0 0 0 0 0 37 0 0 0 0 1 0 0 0 627 0 195 1059 3 871 0 0 0 0 1001 512 0 0 0 0 0 0 0 0 0 1 0 26 0 0 394 1061 173 0 353 0 1205 0 836 30 0 122 0 0 0 
0 0 0 0 0 0 0 0 0 0 0 0 0 0 0 0 0 0 0 0 0 0 0 0 0 0 0 0 0 0 0 0 0 0 0 0 0 0 0 0 0 627 0 0 0 1 0 78 0 0 0 0 0 0 0 0 0 0 0 0 0 0 0 1 0 0 0 0 0 0 2 0 391 0 661 0 3 473 0 0 0 0 0 
0 0 0 0 0 0 0 0 0 0 0 0 0 0 0 0 0 0 0 0 0 0 0 0 0 0 0 0 0 0 0 0 0 0 0 0 0 0 0 0 0 0 0 0 381 0 0 0 0 0 0 0 21 0 0 0 0 0 0 0 0 0 0 0 0 0 0 0 0 0 0 0 0 0 0 0 0 0 0 0 0 0 0 
0 0 0 2 0 0 0 12 0 0 0 0 0 0 0 0 0 0 0 0 0 0 0 0 0 0 0 0 0 0 0 0 0 0 0 0 0 0 0 0 0 195 0 381 0 0 0 1 395 0 0 0 7 0 0 0 0 0 0 0 0 0 0 0 0 0 0 0 0 0 0 0 0 0 0 0 0 0 0 0 0 0 0 
0 0 0 0 0 0 0 0 0 0 0 0 0 0 0 0 0 0 0 0 0 0 0 0 0 0 0 0 0 0 0 0 0 0 0 0 0 0 0 0 0 1059 1 0 0 0 8 7 1285 1917 0 0 0 0 0 0 0 0 0 0 0 0 0 0 0 0 0 0 0 0 0 0 203 0 5643 0 41 3900 2 0 0 0 0 
0 0 0 0 0 0 0 0 0 0 0 0 0 0 0 0 0 0 0 0 0 0 0 0 0 0 0 0 0 0 0 0 0 0 0 0 0 0 0 0 0 3 0 0 0 8 0 0 5422 6644 2060 0 0 0 0 0 150 0 18 26 0 0 0 0 0 0 0 0 0 0 0 0 0 0 696 0 0 1102 0 0 0 0 0 
1982 0 1 1 10 0 11811 2769 0 0 0 1 29 0 0 0 0 0 0 0 0 0 0 0 0 0 0 0 0 3 0 16 0 4 0 0 0 0 0 0 0 871 78 0 1 7 0 0 1780 10506 156 0 66 295 0 0 0 0 0 0 0 0 0 37 0 7 0 0 3 644 380 0 795 0 2330 153 11635 7002 939 16 0 0 51 
0 1 0 1 2 0 5570 79325 0 3409 74 32 450 531 13 0 0 0 0 75 0 0 0 0 0 0 0 0 0 0 0 0 0 0 0 0 0 0 0 0 0 0 0 0 395 1285 5422 1780 0 1067 937 250 150 5644 1493 0 0 0 0 0 0 0 0 0 0 0 0 0 0 0 0 0 0 0 1217 21373 2843 15913 736 15 0 0 2332 
0 0 0 0 0 0 0 0 0 0 0 0 0 0 0 0 0 0 0 0 0 0 0 0 0 0 0 0 0 0 0 0 0 0 0 0 0 0 0 0 0 0 0 0 0 1917 6644 10506 1067 0 4799 0 0 0 0 0 21 0 5 11 0 0 0 0 0 0 0 0 0 0 0 0 0 0 4 5 0 158 0 0 0 0 0 
0 0 0 0 0 0 0 1030 0 13535 844 0 0 24 0 14 0 0 0 0 0 0 0 0 0 0 0 0 0 0 0 0 0 0 0 0 0 0 0 0 0 0 0 0 0 0 2060 156 937 4799 0 34 0 0 1 0 8923 1431 665 8457 0 0 0 0 0 0 0 0 0 0 6061 1688 21 96 1712 14468 1070 11297 0 0 0 0 7708 
0 0 0 0 0 0 0 1033 0 5099 696 0 0 107 0 9 0 0 0 0 0 0 0 0 0 0 0 0 0 0 0 0 0 0 0 0 0 0 0 0 0 0 0 0 0 0 0 0 250 0 34 0 0 0 451 0 372 0 0 0 0 0 0 0 0 0 0 0 0 0 0 0 0 0 0 0 0 0 0 0 0 0 0 
478 0 0 19 0 0 126 0 0 0 0 0 0 0 0 0 0 0 0 0 0 0 0 0 0 0 0 0 0 0 0 0 0 1 0 0 0 0 1 0 0 1001 0 21 7 0 0 66 150 0 0 0 0 46 0 0 0 0 0 0 0 0 0 0 0 0 0 0 0 0 0 0 0 0 0 0 0 0 0 0 0 0 0 
55 0 0 6 0 0 49 300 0 0 0 0 0 0 0 0 0 0 0 0 0 0 0 0 0 0 0 0 0 0 0 0 0 0 0 0 0 0 0 0 0 512 0 0 0 0 0 295 5644 0 0 0 46 0 33 0 0 0 0 0 0 0 0 0 0 0 0 0 0 0 0 0 0 0 0 0 0 0 0 0 0 0 0 
0 0 0 0 0 0 0 52 0 13 73 0 0 41 0 0 0 0 0 0 0 0 0 0 0 0 0 0 0 0 0 0 0 0 0 0 0 0 0 0 0 0 0 0 0 0 0 0 1493 0 1 451 0 33 0 1094 0 0 0 0 1977 0 0 0 0 0 0 0 0 0 0 0 0 0 0 0 0 0 0 0 0 0 0 
0 0 0 0 0 0 0 0 0 0 77 0 0 0 22 0 0 57 0 1503 0 0 0 0 0 0 0 0 0 0 0 0 0 0 4 0 0 0 0 0 0 0 0 0 0 0 0 0 0 0 0 0 0 0 1094 0 0 0 555 0 8648 1043 107 0 30 6 637 0 0 2 0 0 0 0 0 6 0 2 0 0 5 0 0 
0 0 0 0 0 0 0 0 0 8180 93 0 0 8 0 513 0 16 0 2 0 0 0 0 0 0 0 0 0 0 0 0 0 0 0 7 0 0 0 0 0 0 0 0 0 0 150 0 0 21 8923 372 0 0 0 0 0 3057 4113 1677 0 0 0 0 0 0 0 0 0 0 1788 547 0 7 650 5038 1385 9263 0 0 0 0 1281 
0 0 0 0 0 0 0 0 0 0 0 0 0 0 0 0 0 0 0 0 0 0 0 0 0 0 0 0 0 0 0 0 0 0 0 0 0 0 0 0 0 0 0 0 0 0 0 0 0 0 1431 0 0 0 0 0 3057 0 106 1360 0 0 0 0 0 0 0 0 0 0 4211 5795 1175 108 160 0 0 324 0 0 0 0 0 
0 27 0 0 15 0 233 0 0 593 6 0 0 0 67 2508 0 8939 0 830 268 0 534 0 1 0 0 0 0 66 0 1261 0 391 0 4 1 0 0 1 0 0 0 0 0 0 18 0 0 5 665 0 0 0 0 555 4113 106 0 8663 306 49 0 5188 5 36 41 0 0 259 12925 455 3937 918 113 11200 1448 6662 70 0 48 0 1259 
0 0 0 0 0 0 7 0 0 0 0 0 0 0 0 0 0 0 0 0 0 0 0 0 0 0 0 0 0 0 0 1 0 0 0 0 0 0 0 1 0 0 0 0 0 0 26 0 0 11 8457 0 0 0 0 0 1677 1360 8663 0 95 1 0 9474 0 3002 0 0 0 359 4778 465 1747 237 531 0 0 5021 0 0 0 0 10 
0 0 0 0 0 0 18 0 0 2812 903 0 0 55 184 2312 0 14361 0 8489 34 94 0 2 20 0 0 0 19 1 0 3 0 0 66 0 5 0 0 7 0 0 0 0 0 0 0 0 0 0 0 0 0 0 1977 8648 0 0 306 95 0 158 34 77 1661 23 80 0 0 52 419 0 388 24 41 1789 35 3636 149 0 391 0 0 
0 0 0 0 0 0 0 0 0 0 0 0 0 0 47 0 0 0 0 0 177 44 24 0 0 0 0 0 0 3 0 171 0 2 0 0 0 0 0 0 0 0 0 0 0 0 0 0 0 0 0 0 0 0 0 1043 0 0 49 1 158 0 37 677 56 0 511 0 0 0 0 0 0 0 0 0 0 0 0 0 1 0 0 
0 0 0 0 0 0 0 0 0 0 0 0 0 0 0 0 0 0 0 0 33 71 7 63 41 29 0 0 18 2 0 0 0 0 0 0 0 0 0 2 0 0 0 0 0 0 0 0 0 0 0 0 0 0 0 107 0 0 0 0 34 37 0 110 1145 48 459 0 0 86 0 0 0 0 0 0 0 0 0 0 46 0 0 
0 7 0 0 14 0 43 0 0 0 0 0 0 0 0 0 0 103 0 1 12 63 1085 7 0 0 0 0 23 167 0 582 0 131 0 0 0 0 0 0 0 1 1 0 0 0 0 37 0 0 0 0 0 0 0 0 0 0 5188 9474 77 677 110 0 456 1613 3 0 0 4052 3156 0 913 0 628 2 1 1816 36 0 0 0 0 
0 0 0 0 0 0 0 0 0 0 0 0 0 0 0 0 0 0 0 105 7 112 0 318 25 0 0 0 6 0 0 0 0 0 0 0 0 0 0 0 0 0 0 0 0 0 0 0 0 0 0 0 0 0 0 30 0 0 5 0 1661 56 1145 456 0 2407 51 0 0 609 1 0 0 0 0 0 0 0 0 0 52 0 0 
0 0 0 0 0 0 41 0 0 0 0 0 0 0 0 0 0 0 0 0 0 69 0 196 1 0 0 0 1 0 0 1 0 0 0 0 0 0 0 3 0 26 0 0 0 0 0 7 0 0 0 0 0 0 0 6 0 0 36 3002 23 0 48 1613 2407 0 101 108 0 828 2840 0 1623 63 556 178 4 2114 91 1 493 142 0 
0 0 0 0 0 0 0 0 0 0 0 0 0 0 0 0 0 0 0 0 0 18 0 0 0 0 0 0 0 0 0 0 0 0 0 0 0 0 0 0 0 0 0 0 0 0 0 0 0 0 0 0 0 0 0 637 0 0 41 0 80 511 459 3 51 101 0 5 0 3 0 0 0 0 1 0 0 4 0 0 205 0 0 
0 0 0 0 0 0 0 0 0 0 0 0 0 0 0 0 0 0 0 0 0 0 0 0 0 0 0 0 0 0 0 0 0 0 0 0 0 0 0 0 0 0 0 0 0 0 0 0 0 0 0 0 0 0 0 0 0 0 0 0 0 0 0 0 0 108 5 0 6 10 0 0 0 0 0 0 0 0 0 0 19 0 0 
0 0 0 0 0 0 0 0 0 0 0 0 0 0 0 0 0 0 0 0 0 0 0 0 0 0 0 0 0 0 0 0 0 0 0 0 0 0 0 0 0 394 0 0 0 0 0 3 0 0 0 0 0 0 0 0 0 0 0 0 0 0 0 0 0 0 0 6 0 0 0 0 0 0 816 0 1 357 0 3 0 159 0 
0 0 0 0 0 0 1 0 0 0 0 0 0 0 0 0 0 0 0 1 0 87 0 96 28 0 0 0 52 0 0 0 0 0 6 0 0 0 0 83 0 1061 0 0 0 0 0 644 0 0 0 0 0 0 0 2 0 0 259 359 52 0 86 4052 609 828 3 10 0 0 1035 0 127 0 339 126 137 1702 294 38 350 541 0 
0 4 0 0 4 0 6 0 0 0 0 0 0 0 0 0 0 0 0 0 1 0 1 0 0 0 0 0 0 15 0 51 0 11 0 0 0 0 0 0 0 173 2 0 0 0 0 380 0 0 6061 0 0 0 0 0 1788 4211 12925 4778 419 0 0 3156 1 2840 0 0 0 1035 0 3838 205 0 112 0 29 269 0 0 0 0 0 
0 0 0 0 0 0 0 0 0 0 0 0 0 0 0 0 0 0 0 0 0 0 0 0 0 0 0 0 0 0 0 0 0 0 0 0 0 0 0 0 0 0 0 0 0 0 0 0 0 0 1688 0 0 0 0 0 547 5795 455 465 0 0 0 0 0 0 0 0 0 0 3838 0 924 0 0 0 0 0 0 0 0 0 0 
0 0 0 0 2 0 2 0 0 0 0 0 0 0 0 0 0 0 0 0 1 0 10 0 0 0 0 0 0 7 0 4 0 3 0 0 0 0 0 0 0 353 391 0 0 203 0 795 0 0 21 0 0 0 0 0 0 1175 3937 1747 388 0 0 913 0 1623 0 0 0 127 205 924 0 503 1287 0 4 250 0 0 0 0 0 
0 0 0 0 0 0 0 0 0 0 0 0 0 0 0 0 0 0 0 0 0 0 0 0 0 0 0 0 0 0 0 0 0 0 0 0 0 0 0 0 0 0 0 0 0 0 0 0 0 0 96 0 0 0 0 0 7 108 918 237 24 0 0 0 0 63 0 0 0 0 0 0 503 0 32 0 0 4 0 0 0 0 0 
208 1 0 0 0 0 2 0 0 0 0 0 0 0 0 0 0 0 0 0 2 1 41 0 0 0 0 0 0 31 0 41 0 20 0 0 0 0 0 0 0 1205 661 0 0 5643 696 2330 1217 4 1712 0 0 0 0 0 650 160 113 531 41 0 0 628 0 556 1 0 816 339 112 0 1287 32 0 0 0 201 0 0 0 0 0 
0 0 0 0 0 0 10 0 0 0 0 0 0 0 0 6 0 1439 0 196 0 0 0 0 0 0 0 0 1 0 0 7 0 0 15 1 11 0 0 0 0 0 0 0 0 0 0 153 21373 5 14468 0 0 0 0 6 5038 0 11200 0 1789 0 0 2 0 178 0 0 0 126 0 0 0 0 0 0 1328 360 24 0 262 152 685 
0 0 0 0 2 0 1 0 0 56 0 0 0 0 0 20 0 232 0 12 0 0 0 0 0 0 0 0 0 0 0 4 0 0 1 0 0 0 0 1 0 836 3 0 0 41 0 11635 2843 0 1070 0 0 0 0 0 1385 0 1448 0 35 0 0 1 0 4 0 0 1 137 29 0 4 0 0 1328 0 25 0 0 0 0 912 
0 91 0 0 134 0 571 0 0 0 0 0 0 0 0 0 0 22 1 75 0 11 46 3 36 0 0 0 47 261 0 1167 0 225 9 0 95 0 0 41 0 30 473 0 0 3900 1102 7002 15913 158 11297 0 0 0 0 2 9263 324 6662 5021 3636 0 0 1816 0 2114 4 0 357 1702 269 0 250 4 201 360 25 0 3 0 38 0 4802 
0 42 0 0 27 0 354 0 0 0 0 0 0 0 0 0 0 28 10 0 2 13 27 8 13 0 0 0 33 298 0 145 0 11 3 0 267 0 0 10 0 0 0 0 0 2 0 939 736 0 0 0 0 0 0 0 0 0 70 0 149 0 0 36 0 91 0 0 0 294 0 0 0 0 0 24 0 3 0 0 5 0 2662 
0 0 0 0 0 0 0 0 0 0 0 0 0 0 0 0 0 0 0 0 0 0 0 0 0 0 0 0 0 0 0 0 0 0 0 0 0 0 0 0 0 122 0 0 0 0 0 16 15 0 0 0 0 0 0 0 0 0 0 0 0 0 0 0 0 1 0 0 3 38 0 0 0 0 0 0 0 0 0 0 0 0 0 
0 0 0 0 0 0 0 0 0 0 0 0 0 0 0 0 0 4 0 7 0 0 0 0 22 0 0 0 71 0 0 0 0 0 20 0 0 0 0 171 0 0 0 0 0 0 0 0 0 0 0 0 0 0 0 5 0 0 48 0 391 1 46 0 52 493 205 19 0 350 0 0 0 0 0 262 0 38 5 0 0 16 3 
0 0 0 0 0 0 0 0 0 0 0 0 0 0 0 0 0 0 0 0 0 0 0 0 0 0 0 0 0 0 0 0 0 0 0 0 0 0 0 0 0 0 0 0 0 0 0 0 0 0 0 0 0 0 0 0 0 0 0 0 0 0 0 0 0 142 0 0 159 541 0 0 0 0 0 152 0 0 0 0 16 0 23 
0 8 0 0 206 0 415 395 0 7254 0 0 0 0 0 280 0 2101 0 0 0 0 0 0 0 0 0 0 0 0 0 0 0 0 16 0 1263 4708 0 3 0 0 0 0 0 0 0 51 2332 0 7708 0 0 0 0 0 1281 0 1259 10 0 0 0 0 0 0 0 0 0 0 0 0 0 0 0 685 912 4802 2662 0 3 23 0 
