0 1024 2680 525 630 0 3386 0 0 0 0 152 0 0 0 0 0 0 0 0 0 0 0 0 0 0 0 0 0 0 0 5 0 1082 0 28 25 0 87 0 0 0 0 1 0 0 0 92 0 0 0 0 1 0 0 0 0 0 0 0 0 0 0 0 0 0 0 0 0 0 0 0 0 0 0 0 0 0 0 0 0 0 0 
1024 0 0 0 0 0 70 0 0 0 0 0 0 0 0 0 0 0 0 0 0 0 0 0 0 0 0 0 0 0 0 279 0 3501 0 0 8 0 0 0 0 0 0 0 0 0 0 0 0 0 0 0 0 0 0 0 0 0 0 0 0 0 0 0 0 0 0 0 0 0 0 0 0 0 0 0 0 0 0 0 0 0 0 
2680 0 0 23 0 0 0 0 0 0 0 448 0 0 0 0 0 0 0 0 0 0 0 0 0 0 0 0 0 0 0 0 0 4 0 76 0 0 51 0 0 0 0 58 0 0 0 873 16 0 0 0 4 0 0 0 0 0 0 0 0 0 0 0 0 0 0 0 0 0 0 0 0 0 0 0 0 0 0 0 0 0 0 
525 0 23 0 0 0 3 387 0 0 0 465 0 0 0 0 0 0 0 0 0 0 0 0 0 0 0 0 0 0 0 0 0 0 0 19 0 0 14 0 0 0 0 20 0 0 0 453 2 0 0 0 38 0 0 0 0 0 0 0 0 0 0 0 0 0 0 0 0 0 0 0 0 0 0 0 0 0 0 0 0 0 0 
630 0 0 0 0 720 943 1936 113 88 0 0 0 0 0 0 0 0 0 0 0 0 0 1 0 0 0 1 0 0 0 128 0 5538 0 1 74 0 0 0 0 0 0 0 0 0 0 0 0 0 0 0 0 0 0 0 0 0 0 0 0 0 0 0 0 0 0 0 0 0 0 0 0 0 0 0 0 0 0 0 0 0 0 
0 0 0 0 720 0 288 6579 587 5108 0 0 3 0 0 1200 981 0 0 0 0 0 0 0 0 0 0 0 0 1 9 10 0 129 0 0 185 0 0 0 0 0 0 0 0 3 11 20 70 0 0 0 0 29 0 0 0 0 0 0 0 0 0 0 0 0 0 0 0 0 0 0 0 0 0 0 0 0 0 0 0 0 0 
3386 70 0 3 943 288 0 3234 1031 0 0 1126 887 0 0 0 0 0 0 0 0 0 0 1 1 0 0 1122 0 0 0 4531 0 8789 21 6801 5241 197 370 0 0 0 0 650 0 0 0 8614 3757 0 0 0 17 5 0 0 0 0 0 0 0 0 0 0 0 0 0 0 0 0 0 0 0 2 3 0 4 8 3 0 0 0 4 
0 0 0 387 1936 6579 3234 0 3434 1468 655 2513 20014 6121 0 15 46 0 0 0 0 0 17 18 88 1 0 0 0 0 4 165 0 8637 3530 9 10337 133 4 0 0 0 0 0 0 10 38 923 7854 0 3911 31 0 793 1095 2 0 0 0 0 0 0 0 0 0 0 0 0 0 0 0 0 19 54 181 8 0 22 0 0 2 0 238 
0 0 0 0 113 587 1031 3434 0 2288 0 0 0 0 0 0 16 0 0 0 0 0 0 0 0 0 0 0 0 0 3 1 0 0 0 0 0 0 0 0 0 0 0 0 0 0 0 0 0 0 0 0 0 0 0 0 0 0 0 0 0 0 0 0 0 0 0 0 0 0 0 0 0 0 0 0 0 0 0 0 0 0 0 
0 0 0 0 88 5108 0 1468 2288 0 2247 0 0 7409 0 4051 2363 0 0 3 0 0 0 0 0 0 0 0 0 2390 913 16 0 1212 26062 468 17356 11 0 0 0 0 0 0 0 0 0 0 109 0 5936 2441 0 0 388 0 80 0 794 0 120 0 0 0 0 0 0 0 0 0 0 0 0 0 0 646 23 0 0 0 0 0 3684 
0 0 0 0 0 0 0 655 0 2247 0 0 0 4150 1 558 0 116 0 853 0 0 0 0 0 0 0 0 0 0 0 0 0 0 0 0 0 0 0 0 0 0 0 0 0 0 0 0 0 0 62 3 0 0 48 0 0 0 0 0 0 0 0 0 0 0 0 0 0 0 0 0 0 0 0 0 0 0 0 0 0 0 0 
152 0 448 465 0 0 1126 2513 0 0 0 0 129 0 0 0 0 0 0 0 0 0 0 0 0 0 0 0 0 0 0 0 0 0 5 0 0 0 0 0 0 0 0 0 0 0 0 89 134 0 0 0 3 0 0 0 0 0 0 0 0 0 0 0 0 0 0 0 0 0 0 0 0 0 0 0 0 0 0 0 0 0 0 
0 0 0 0 0 3 887 20014 0 0 0 129 0 0 0 0 0 0 0 0 0 0 0 1 0 0 0 0 0 0 0 0 0 115 3 1 32 5 0 0 0 0 0 0 0 0 0 13 347 0 0 0 0 1 0 0 0 0 0 0 0 0 0 0 0 0 0 0 0 0 0 0 1 1 33 0 0 2 0 0 0 0 2 
0 0 0 0 0 0 0 6121 0 7409 4150 0 0 0 3433 2542 0 2528 0 11286 0 0 0 0 0 0 0 0 0 0 0 0 0 0 1148 190 18 0 0 0 0 0 0 0 0 0 0 0 42 0 87 124 0 0 0 0 0 0 127 0 164 0 0 0 0 0 0 0 0 0 0 0 0 0 0 9 0 12 0 0 0 0 80 
0 0 0 0 0 0 0 0 0 0 1 0 0 3433 0 0 1 319 7 9673 29 1 0 0 0 23 0 0 0 64 18 187 76 44 233 0 150 0 0 27 0 0 0 0 0 0 0 0 0 0 0 0 0 0 0 5 0 0 2 0 79 0 0 0 0 0 0 0 0 0 0 0 0 0 0 0 0 0 0 0 4 0 66 
0 0 0 0 0 1200 0 15 0 4051 558 0 0 2542 0 0 1666 1030 29 589 0 0 0 0 0 0 0 0 0 4976 535 144 0 4738 6816 985 8267 0 0 0 0 0 0 0 0 0 0 0 0 0 0 0 0 0 25 0 0 0 678 0 222 0 0 0 0 0 0 0 0 0 0 0 0 0 0 1728 15 3 0 0 0 0 1365 
0 0 0 0 0 981 0 46 16 2363 0 0 0 0 1 1666 0 2757 483 0 0 0 0 0 0 0 0 0 0 3994 4978 337 13 3245 0 0 180 0 0 0 0 0 0 0 0 0 0 0 0 0 0 0 0 0 0 0 0 0 0 0 1 0 0 0 0 0 0 0 0 0 0 0 0 0 0 0 0 0 0 0 0 0 0 
0 0 0 0 0 0 0 0 0 0 116 0 0 2528 319 1030 2757 0 18194 306 21 0 177 0 0 0 0 0 1030 11606 3761 4756 910 2382 8795 659 8215 0 0 1 0 0 0 0 0 0 0 0 0 0 0 0 0 0 2 569 0 0 2641 0 3773 338 0 0 0 0 0 0 0 2 12 7 223 15 0 1130 1 160 0 0 0 0 5027 
0 0 0 0 0 0 0 0 0 0 0 0 0 0 7 29 483 18194 0 0 0 0 75 0 0 0 0 0 5090 2801 823 1565 78 242 112 0 447 0 0 0 0 0 0 0 0 0 0 0 0 0 0 0 0 0 0 14 0 0 2 0 40 0 0 0 0 0 0 0 0 0 0 0 0 0 0 0 0 0 0 0 0 0 28 
0 0 0 0 0 0 0 0 0 3 853 0 0 11286 9673 589 0 306 0 0 550 75 0 20 0 202 2 0 0 97 31 21 0 4 62 0 29 0 0 1941 0 0 0 0 0 0 0 0 0 0 0 0 0 0 0 1058 0 0 1717 0 1948 164 0 10 0 0 0 0 0 0 1 0 79 0 0 0 0 0 0 0 0 0 11 
0 0 0 0 0 0 0 0 0 0 0 0 0 0 29 0 0 21 0 550 0 1839 13 526 0 0 0 0 0 46 51 89 23 337 1 0 45 0 0 3 0 0 0 0 0 0 0 0 0 0 0 0 0 0 0 138 0 0 2977 0 856 2170 190 3397 712 0 0 0 0 5 0 0 115 32 0 0 0 0 0 0 0 0 0 
0 0 0 0 0 0 0 0 0 0 0 0 0 0 1 0 0 0 0 75 1839 0 10 256 0 3 0 0 22 212 161 285 0 12 0 0 0 0 0 0 0 0 0 0 0 0 0 0 0 0 0 0 0 0 0 0 0 0 151 0 13 25 96 529 135 0 0 0 0 0 7 1 540 177 9 0 0 6 0 0 0 0 3 
0 0 0 0 0 0 0 17 0 0 0 0 0 0 0 0 0 177 75 0 13 10 0 58 911 0 0 3 7724 6881 2181 13563 4 1571 60 1 178 7 1 30 0 0 0 0 0 0 0 0 1 0 0 0 0 0 0 0 0 0 888 0 101 98 4 52 14 0 0 0 0 5 15 20 1160 376 81 0 0 43 0 0 1 0 78 
0 0 0 0 1 0 1 18 0 0 0 0 1 0 0 0 0 0 0 20 526 256 58 0 227 4 0 0 81 952 329 7949 0 606 0 0 16 0 0 0 0 0 0 0 0 0 0 0 0 0 0 0 0 0 0 0 0 0 0 0 0 5 16 150 90 0 0 0 0 0 0 0 501 215 17 0 0 4 0 0 0 0 0 
0 0 0 0 0 0 1 88 0 0 0 0 0 0 0 0 0 0 0 0 0 0 911 227 0 143 185 158 2602 6 0 3382 0 180 3 6 92 0 0 483 0 0 0 0 0 0 0 0 1 0 0 0 0 0 0 0 0 0 0 0 0 0 0 0 0 0 0 0 0 0 0 0 0 0 0 0 0 19 0 0 0 0 2 
0 0 0 0 0 0 0 1 0 0 0 0 0 0 23 0 0 0 0 202 0 3 0 4 143 0 9 0 0 0 0 9 0 8 0 0 0 0 0 368 1 0 0 0 0 0 0 0 0 0 0 0 0 0 0 0 0 0 1 0 0 1 0 0 0 0 0 0 0 0 0 0 0 0 0 0 0 0 0 0 0 0 0 
0 0 0 0 0 0 0 0 0 0 0 0 0 0 0 0 0 0 0 2 0 0 0 0 185 9 0 0 26 0 0 0 0 0 0 0 8 0 0 21 29 0 0 0 0 0 0 0 0 0 0 0 0 0 0 0 0 0 0 0 0 0 0 0 0 0 0 0 0 0 0 0 0 0 0 0 0 0 0 0 0 0 0 
0 0 0 0 1 0 1122 0 0 0 0 0 0 0 0 0 0 0 0 0 0 0 3 0 158 0 0 0 1205 0 0 0 0 0 0 2 2993 7 0 322 98 0 0 0 0 0 0 0 0 0 0 0 0 0 0 0 0 0 0 0 0 0 0 0 0 0 0 0 0 0 0 0 0 0 0 0 0 0 0 0 0 0 0 
0 0 0 0 0 0 0 0 0 0 0 0 0 0 0 0 0 1030 5090 0 0 22 7724 81 2602 0 26 1205 0 703 22 5450 1 1 0 0 193 0 0 595 0 0 0 0 0 0 0 0 0 0 0 0 0 0 0 3 0 0 0 0 6 0 0 0 1 0 0 0 0 0 0 0 0 0 0 0 0 11 0 0 10 0 0 
0 0 0 0 0 1 0 0 0 2390 0 0 0 0 64 4976 3994 11606 2801 97 46 212 6881 952 6 0 0 0 703 0 102 807 0 0 0 0 1 0 0 0 0 0 0 0 0 0 0 0 0 0 0 0 0 0 0 138 0 0 0 0 276 0 0 0 3 0 0 0 0 0 12 19 2 0 0 0 0 0 0 0 0 0 0 
0 0 0 0 0 9 0 4 3 913 0 0 0 0 18 535 4978 3761 823 31 51 161 2181 329 0 0 0 0 22 102 0 2229 0 304 0 0 98 0 0 0 0 0 0 0 0 0 0 0 0 0 0 0 0 0 0 104 0 0 3 0 350 0 0 0 0 0 0 0 0 0 38 58 12 0 0 0 0 0 0 0 0 0 0 
5 279 0 0 128 10 4531 165 1 16 0 0 0 0 187 144 337 4756 1565 21 89 285 13563 7949 3382 9 0 0 5450 807 2229 0 15 191 13 125 623 1 0 64 0 0 0 0 0 0 0 0 27 0 0 0 0 0 0 331 0 2 3 0 1037 0 2 3 7 0 0 0 0 0 97 184 284 226 127 1 0 87 0 0 16 0 0 
0 0 0 0 0 0 0 0 0 0 0 0 0 0 76 0 13 910 78 0 23 0 4 0 0 0 0 0 1 0 0 15 0 16 0 0 0 0 0 0 0 0 0 0 0 0 0 0 0 0 0 0 0 0 0 159 0 0 9 0 587 0 0 0 0 0 0 0 0 0 52 86 76 20 0 0 0 0 0 0 0 0 0 
1082 3501 4 0 5538 129 8789 8637 0 1212 0 0 115 0 44 4738 3245 2382 242 4 337 12 1571 606 180 8 0 0 1 0 304 191 16 0 88 150 680 3 141 0 0 0 0 0 0 225 585 149 2146 0 153 1 0 197 0 118 0 1 81 0 806 0 3 6 2 0 0 0 0 1 109 183 1086 612 982 0 12 234 0 0 0 0 0 
0 0 0 0 0 0 21 3530 0 26062 0 5 3 1148 233 6816 0 8795 112 62 1 0 60 0 3 0 0 0 0 0 0 13 0 88 0 899 261 11 34 0 0 0 0 0 0 46 446 2 2837 0 1434 100 0 78 9 596 13 0 402 0 5915 0 0 0 0 0 0 0 0 2 513 965 1972 914 1374 569 17 3840 127 0 60 0 1286 
28 0 76 19 1 0 6801 9 0 468 0 0 1 190 0 985 0 659 0 0 0 0 1 0 6 0 0 2 0 0 0 125 0 150 899 0 206 2 15 0 0 0 0 0 0 0 15 0 93 0 11 4 0 1 0 8 1 0 85 0 340 0 0 0 0 0 0 0 0 0 0 0 1 0 69 4107 197 1306 96 0 0 0 1484 
25 8 0 0 74 185 5241 10337 0 17356 0 0 32 18 150 8267 180 8215 447 29 45 0 178 16 92 0 8 2993 193 1 98 623 0 680 261 206 0 5 0 98 0 0 0 0 0 72 307 10 1577 0 1686 14 0 84 2 401 0 4 310 0 1775 13 2 0 12 0 0 0 0 5 492 627 3625 1062 1254 19 4 391 0 0 207 0 5380 
0 0 0 0 0 0 197 133 0 11 0 0 5 0 0 0 0 0 0 0 0 0 7 0 0 0 0 7 0 0 0 1 0 3 11 2 5 0 0 12 0 0 0 0 0 16 63 2 176 0 0 0 0 8 0 0 0 0 0 0 0 0 0 0 0 0 0 0 0 0 2 0 158 48 295 0 0 84 0 0 1 0 3200 
87 0 51 14 0 0 370 4 0 0 0 0 0 0 0 0 0 0 0 0 0 0 1 0 0 0 0 0 0 0 0 0 0 141 34 15 0 0 0 0 0 0 0 0 0 0 0 0 0 0 0 0 0 0 0 0 0 0 0 0 0 0 0 0 0 0 0 0 0 0 0 0 0 0 0 0 0 0 0 0 0 0 0 
0 0 0 0 0 0 0 0 0 0 0 0 0 0 27 0 0 1 0 1941 3 0 30 0 483 368 21 322 595 0 0 64 0 0 0 0 98 12 0 0 1 0 0 0 0 0 0 0 0 0 0 0 0 0 0 27 0 0 20 0 111 271 12 19 26 0 0 0 0 0 0 0 0 0 0 8 0 0 0 0 73 0 0 
0 0 0 0 0 0 0 0 0 0 0 0 0 0 0 0 0 0 0 0 0 0 0 0 0 1 29 98 0 0 0 0 0 0 0 0 0 0 0 1 0 0 0 0 0 0 0 0 0 0 0 0 0 0 0 0 0 0 0 0 0 0 0 0 0 0 0 0 0 0 0 0 0 0 0 0 0 0 0 0 0 0 0 
0 0 0 0 0 0 0 0 0 0 0 0 0 0 0 0 0 0 0 0 0 0 0 0 0 0 0 0 0 0 0 0 0 0 0 0 0 0 0 0 0 0 1653 7 576 1930 0 10778 1681 0 0 0 965 0 0 0 0 0 0 0 0 0 0 0 0 0 0 0 0 0 0 0 15 0 550 0 3 3 0 19 0 0 0 
0 0 0 0 0 0 0 0 0 0 0 0 0 0 0 0 0 0 0 0 0 0 0 0 0 0 0 0 0 0 0 0 0 0 0 0 0 0 0 0 0 1653 0 0 0 0 0 0 46 0 0 0 0 0 0 0 0 0 0 0 0 0 0 0 0 0 0 0 0 0 0 0 97 0 4806 0 0 99 0 0 0 0 0 
1 0 58 20 0 0 650 0 0 0 0 0 0 0 0 0 0 0 0 0 0 0 0 0 0 0 0 0 0 0 0 0 0 0 0 0 0 0 0 0 0 7 0 0 780 0 0 0 0 0 0 0 2848 0 0 0 0 0 0 0 0 0 0 0 0 0 0 0 0 0 0 0 0 0 7 0 31 0 0 22 0 0 0 
0 0 0 0 0 0 0 0 0 0 0 0 0 0 0 0 0 0 0 0 0 0 0 0 0 0 0 0 0 0 0 0 0 0 0 0 0 0 0 0 0 576 0 780 0 0 0 40 723 0 0 0 91 0 0 0 0 0 0 0 0 0 0 0 0 0 0 0 0 0 0 0 0 0 160 36 0 19 0 10 0 0 0 
0 0 0 0 0 3 0 10 0 0 0 0 0 0 0 0 0 0 0 0 0 0 0 0 0 0 0 0 0 0 0 0 0 225 46 0 72 16 0 0 0 1930 0 0 0 0 1036 111 1916 0 0 0 0 8 0 0 0 0 0 0 0 0 0 0 0 0 0 0 0 0 0 0 0 0 920 0 0 0 0 0 0 0 15 
0 0 0 0 0 11 0 38 0 0 0 0 0 0 0 0 0 0 0 0 0 0 0 0 0 0 0 0 0 0 0 0 0 585 446 15 307 63 0 0 0 0 0 0 0 1036 0 0 17940 1748 5348 0 0 94 0 0 134 0 0 0 0 0 0 0 0 0 0 0 0 0 0 0 0 0 8 0 0 0 0 0 0 0 47 
92 0 873 453 0 20 8614 923 0 0 0 89 13 0 0 0 0 0 0 0 0 0 0 0 0 0 0 0 0 0 0 0 0 149 2 0 10 2 0 0 0 10778 0 0 40 111 0 0 22439 1650 0 0 1668 4 0 0 0 0 0 0 0 0 0 0 0 2 0 0 0 0 0 0 1675 0 4852 0 8857 2713 75 1434 0 0 1 
0 0 16 2 0 70 3757 7854 0 109 0 134 347 42 0 0 0 0 0 0 0 0 1 0 1 0 0 0 0 0 0 27 0 2146 2837 93 1577 176 0 0 0 1681 46 0 723 1916 17940 22439 0 3096 2670 403 2333 13044 8687 0 0 0 0 0 0 0 0 0 0 1 0 0 0 0 0 0 33 0 10192 3714 1757 6023 223 48 0 0 947 
0 0 0 0 0 0 0 0 0 0 0 0 0 0 0 0 0 0 0 0 0 0 0 0 0 0 0 0 0 0 0 0 0 0 0 0 0 0 0 0 0 0 0 0 0 0 1748 1650 3096 0 3120 0 0 0 0 0 0 0 0 0 0 0 0 0 0 0 0 0 0 0 0 0 0 0 0 0 0 0 0 0 0 0 0 
0 0 0 0 0 0 0 3911 0 5936 62 0 0 87 0 0 0 0 0 0 0 0 0 0 0 0 0 0 0 0 0 0 0 153 1434 11 1686 0 0 0 0 0 0 0 0 0 5348 0 2670 3120 0 305 0 0 1799 0 9485 578 1480 0 0 0 0 0 0 0 0 0 0 0 85 420 137 0 9598 19265 824 16841 498 0 0 0 6324 
0 0 0 0 0 0 0 31 0 2441 3 0 0 124 0 0 0 0 0 0 0 0 0 0 0 0 0 0 0 0 0 0 0 1 100 4 14 0 0 0 0 0 0 0 0 0 0 0 403 0 305 0 0 0 4443 0 6 0 0 0 10 0 0 0 0 0 0 0 0 0 0 0 0 0 0 705 8 0 0 0 0 0 0 
1 0 4 38 0 0 17 0 0 0 0 3 0 0 0 0 0 0 0 0 0 0 0 0 0 0 0 0 0 0 0 0 0 0 0 0 0 0 0 0 0 965 0 2848 91 0 0 1668 2333 0 0 0 0 0 0 0 0 0 0 0 0 0 0 0 0 0 0 0 0 0 0 0 0 0 141 0 72 1 0 110 0 0 0 
0 0 0 0 0 29 5 793 0 0 0 0 1 0 0 0 0 0 0 0 0 0 0 0 0 0 0 0 0 0 0 0 0 197 78 1 84 8 0 0 0 0 0 0 0 8 94 4 13044 0 0 0 0 0 18 0 0 0 0 0 0 0 0 0 0 0 0 0 0 0 0 0 1 0 179 0 0 3 0 0 0 0 14 
0 0 0 0 0 0 0 1095 0 388 48 0 0 0 0 25 0 2 0 0 0 0 0 0 0 0 0 0 0 0 0 0 0 0 9 0 2 0 0 0 0 0 0 0 0 0 0 0 8687 0 1799 4443 0 18 0 787 67 0 1145 0 7527 0 0 0 0 0 0 0 0 0 0 0 0 0 0 12 1 6 0 0 0 0 10 
0 0 0 0 0 0 0 2 0 0 0 0 0 0 5 0 0 569 14 1058 138 0 0 0 0 0 0 0 3 138 104 331 159 118 596 8 401 0 0 27 0 0 0 0 0 0 0 0 0 0 0 0 0 0 787 0 0 0 1 0 2949 0 0 0 0 0 0 0 0 0 0 0 0 0 0 3 0 0 0 0 183 0 264 
0 0 0 0 0 0 0 0 0 80 0 0 0 0 0 0 0 0 0 0 0 0 0 0 0 0 0 0 0 0 0 0 0 0 13 1 0 0 0 0 0 0 0 0 0 0 134 0 0 0 9485 6 0 0 67 0 0 7180 1293 0 0 0 0 0 0 0 0 0 0 0 356 2452 204 0 9492 2064 1 7175 182 0 0 0 459 
0 0 0 0 0 0 0 0 0 0 0 0 0 0 0 0 0 0 0 0 0 0 0 0 0 0 0 0 0 0 0 2 0 1 0 0 4 0 0 0 0 0 0 0 0 0 0 0 0 0 578 0 0 0 0 0 7180 0 3085 215 228 0 0 0 0 0 0 0 0 0 4036 9292 4571 0 1904 0 0 0 0 0 0 0 0 
0 0 0 0 0 0 0 0 0 794 0 0 0 127 2 678 0 2641 2 1717 2977 151 888 0 0 1 0 0 0 0 3 3 9 81 402 85 310 0 0 20 0 0 0 0 0 0 0 0 0 0 1480 0 0 0 1145 1 1293 3085 0 22994 294 2 0 1319 0 0 0 0 0 372 6070 4043 1984 137 5533 5415 0 8586 41 0 0 0 1341 
0 0 0 0 0 0 0 0 0 0 0 0 0 0 0 0 0 0 0 0 0 0 0 0 0 0 0 0 0 0 0 0 0 0 0 0 0 0 0 0 0 0 0 0 0 0 0 0 0 0 0 0 0 0 0 0 0 215 22994 0 1895 12 0 46 0 0 0 0 0 4134 3643 1151 9 0 0 0 0 0 0 0 0 0 0 
0 0 0 0 0 0 0 0 0 120 0 0 0 164 79 222 1 3773 40 1948 856 13 101 0 0 0 0 0 6 276 350 1037 587 806 5915 340 1775 0 0 111 0 0 0 0 0 0 0 0 0 0 0 10 0 0 7527 2949 0 228 294 1895 0 145 17 4 3 0 26 3 0 232 1281 1613 2672 952 764 822 0 1194 74 0 390 0 933 
0 0 0 0 0 0 0 0 0 0 0 0 0 0 0 0 0 338 0 164 2170 25 98 5 0 1 0 0 0 0 0 0 0 0 0 0 13 0 0 271 0 0 0 0 0 0 0 0 0 0 0 0 0 0 0 0 0 0 2 12 145 0 1800 24 72 0 0 0 0 0 830 243 764 15 0 0 0 0 0 0 1 0 0 
0 0 0 0 0 0 0 0 0 0 0 0 0 0 0 0 0 0 0 0 190 96 4 16 0 0 0 0 0 0 0 2 0 3 0 0 2 0 0 12 0 0 0 0 0 0 0 0 0 0 0 0 0 0 0 0 0 0 0 0 17 1800 0 15 115 0 0 0 0 7 466 0 77 9 0 0 0 0 0 0 0 0 0 
0 0 0 0 0 0 0 0 0 0 0 0 0 0 0 0 0 0 0 10 3397 529 52 150 0 0 0 0 0 0 0 3 0 6 0 0 0 0 0 19 0 0 0 0 0 0 0 0 0 0 0 0 0 0 0 0 0 0 1319 46 4 24 15 0 405 286 0 0 0 6475 7416 50 2758 508 2 0 0 0 0 0 0 0 0 
0 0 0 0 0 0 0 0 0 0 0 0 0 0 0 0 0 0 0 0 712 135 14 90 0 0 0 0 1 3 0 7 0 2 0 0 12 0 0 26 0 0 0 0 0 0 0 0 0 0 0 0 0 0 0 0 0 0 0 0 3 72 115 405 0 68 0 0 0 5841 5505 0 1305 3 0 0 0 0 0 0 0 0 0 
0 0 0 0 0 0 0 0 0 0 0 0 0 0 0 0 0 0 0 0 0 0 0 0 0 0 0 0 0 0 0 0 0 0 0 0 0 0 0 0 0 0 0 0 0 0 0 2 1 0 0 0 0 0 0 0 0 0 0 0 0 0 0 286 68 0 94 77 118 5533 3360 0 4642 0 0 63 0 276 0 0 1079 60 0 
0 0 0 0 0 0 0 0 0 0 0 0 0 0 0 0 0 0 0 0 0 0 0 0 0 0 0 0 0 0 0 0 0 0 0 0 0 0 0 0 0 0 0 0 0 0 0 0 0 0 0 0 0 0 0 0 0 0 0 0 26 0 0 0 0 94 0 10 9 10 0 0 1 0 0 0 0 0 0 0 526 0 0 
0 0 0 0 0 0 0 0 0 0 0 0 0 0 0 0 0 0 0 0 0 0 0 0 0 0 0 0 0 0 0 0 0 0 0 0 0 0 0 0 0 0 0 0 0 0 0 0 0 0 0 0 0 0 0 0 0 0 0 0 3 0 0 0 0 77 10 0 112 0 0 0 0 0 0 0 0 0 0 0 1 0 0 
0 0 0 0 0 0 0 0 0 0 0 0 0 0 0 0 0 0 0 0 0 0 0 0 0 0 0 0 0 0 0 0 0 0 0 0 0 0 0 0 0 0 0 0 0 0 0 0 0 0 0 0 0 0 0 0 0 0 0 0 0 0 0 0 0 118 9 112 0 143 0 0 17 0 149 25 0 330 0 0 778 642 0 
0 0 0 0 0 0 0 0 0 0 0 0 0 0 0 0 0 2 0 0 5 0 5 0 0 0 0 0 0 0 0 0 0 1 2 0 5 0 0 0 0 0 0 0 0 0 0 0 0 0 0 0 0 0 0 0 0 0 372 4134 232 0 7 6475 5841 5533 10 0 143 0 2780 91 73 0 0 0 0 0 0 0 121 3 2 
0 0 0 0 0 0 0 0 0 0 0 0 0 0 0 0 0 12 0 1 0 7 15 0 0 0 0 0 0 12 38 97 52 109 513 0 492 2 0 0 0 0 0 0 0 0 0 0 0 0 85 0 0 0 0 0 356 4036 6070 3643 1281 830 466 7416 5505 3360 0 0 0 2780 0 341 155 8 3 1 0 46 0 0 334 10 44 
0 0 0 0 0 0 0 0 0 0 0 0 0 0 0 0 0 7 0 0 0 1 20 0 0 0 0 0 0 19 58 184 86 183 965 0 627 0 0 0 0 0 0 0 0 0 0 0 0 0 420 0 0 0 0 0 2452 9292 4043 1151 1613 243 0 50 0 0 0 0 0 91 341 0 2149 52 14 0 0 94 0 0 0 0 127 
0 0 0 0 0 0 0 19 0 0 0 0 1 0 0 0 0 223 0 79 115 540 1160 501 0 0 0 0 0 2 12 284 76 1086 1972 1 3625 158 0 0 0 15 97 0 0 0 0 1675 33 0 137 0 0 1 0 0 204 4571 1984 9 2672 764 77 2758 1305 4642 1 0 17 73 155 2149 0 53 483 88 5 2646 43 10 499 1 697 
0 0 0 0 0 0 2 54 0 0 0 0 1 0 0 0 0 15 0 0 32 177 376 215 0 0 0 0 0 0 0 226 20 612 914 0 1062 48 0 0 0 0 0 0 0 0 0 0 0 0 0 0 0 0 0 0 0 0 137 0 952 15 9 508 3 0 0 0 0 0 8 52 53 0 14 2 0 16 4 0 0 0 150 
0 0 0 0 0 0 3 181 0 0 0 0 33 0 0 0 0 0 0 0 0 9 81 17 0 0 0 0 0 0 0 127 0 982 1374 69 1254 295 0 0 0 550 4806 7 160 920 8 4852 10192 0 9598 0 141 179 0 0 9492 1904 5533 0 764 0 0 2 0 0 0 0 149 0 3 14 483 14 0 235 54 45 2 42 0 0 157 
0 0 0 0 0 0 0 8 0 646 0 0 0 9 0 1728 0 1130 0 0 0 0 0 0 0 0 0 0 0 0 0 1 0 0 569 4107 19 0 0 8 0 0 0 0 36 0 0 0 3714 0 19265 705 0 0 12 3 2064 0 5415 0 822 0 0 0 0 63 0 0 25 0 1 0 88 2 235 0 1806 849 689 0 42 0 1993 
0 0 0 0 0 0 4 0 0 23 0 0 0 0 0 15 0 1 0 0 0 0 0 0 0 0 0 0 0 0 0 0 0 12 17 197 4 0 0 0 0 3 0 31 0 0 0 8857 1757 0 824 8 72 0 1 0 1 0 0 0 0 0 0 0 0 0 0 0 0 0 0 0 5 0 54 1806 0 168 1 56 0 0 996 
0 0 0 0 0 0 8 22 0 0 0 0 2 12 0 3 0 160 0 0 0 6 43 4 19 0 0 0 11 0 0 87 0 234 3840 1306 391 84 0 0 0 3 99 0 19 0 0 2713 6023 0 16841 0 1 3 6 0 7175 0 8586 0 1194 0 0 0 0 276 0 0 330 0 46 94 2646 16 45 849 168 0 8 136 23 0 3421 
0 0 0 0 0 0 3 0 0 0 0 0 0 0 0 0 0 0 0 0 0 0 0 0 0 0 0 0 0 0 0 0 0 0 127 96 0 0 0 0 0 0 0 0 0 0 0 75 223 0 498 0 0 0 0 0 182 0 41 0 74 0 0 0 0 0 0 0 0 0 0 0 43 4 2 689 1 8 0 0 112 0 2814 
0 0 0 0 0 0 0 0 0 0 0 0 0 0 0 0 0 0 0 0 0 0 0 0 0 0 0 0 0 0 0 0 0 0 0 0 0 0 0 0 0 19 0 22 10 0 0 1434 48 0 0 0 110 0 0 0 0 0 0 0 0 0 0 0 0 0 0 0 0 0 0 0 10 0 42 0 56 136 0 0 0 0 0 
0 0 0 0 0 0 0 2 0 0 0 0 0 0 4 0 0 0 0 0 0 0 1 0 0 0 0 0 10 0 0 16 0 0 60 0 207 1 0 73 0 0 0 0 0 0 0 0 0 0 0 0 0 0 0 183 0 0 0 0 390 1 0 0 0 1079 526 1 778 121 334 0 499 0 0 42 0 23 112 0 0 12 11 
0 0 0 0 0 0 0 0 0 0 0 0 0 0 0 0 0 0 0 0 0 0 0 0 0 0 0 0 0 0 0 0 0 0 0 0 0 0 0 0 0 0 0 0 0 0 0 0 0 0 0 0 0 0 0 0 0 0 0 0 0 0 0 0 0 60 0 0 642 3 10 0 1 0 0 0 0 0 0 0 12 0 0 
0 0 0 0 0 0 4 238 0 3684 0 0 2 80 66 1365 0 5027 28 11 0 3 78 0 2 0 0 0 0 0 0 0 0 0 1286 1484 5380 3200 0 0 0 0 0 0 0 15 47 1 947 0 6324 0 0 14 10 264 459 0 1341 0 933 0 0 0 0 0 0 0 0 2 44 127 697 150 157 1993 996 3421 2814 0 11 0 0 
