0 3993 17 817 51 0 5060 0 0 0 0 386 0 0 0 0 0 0 0 0 0 0 0 0 0 0 0 38 0 0 0 132 0 743 0 172 2 0 581 0 0 5082 0 442 437 0 0 1648 516 0 0 0 35 0 0 0 0 0 0 0 0 0 0 0 0 0 0 0 0 0 0 0 0 0 40 0 268 20 0 46 0 0 0 
3993 0 0 0 15 0 0 0 0 0 0 0 0 0 0 0 0 0 0 0 0 4 0 0 0 0 0 0 0 0 0 1373 0 2411 0 0 0 0 0 0 0 0 0 0 0 0 0 0 0 0 0 0 0 0 0 0 0 0 0 0 0 0 0 0 0 0 0 0 0 0 0 0 0 0 0 0 0 1 0 0 0 0 0 
17 0 0 1220 0 0 0 0 0 0 0 481 0 0 0 0 0 0 0 0 0 0 0 0 0 0 0 0 0 0 0 24 0 5 0 84 0 0 29 0 0 1009 0 205 289 0 0 1192 835 0 0 0 0 0 0 0 0 0 0 0 0 0 0 0 0 0 0 0 0 0 0 0 0 0 0 0 0 0 0 0 0 0 0 
817 0 1220 0 0 0 256 50 0 0 0 430 0 0 0 0 0 0 0 0 0 0 0 0 0 0 0 0 0 0 0 0 0 0 0 0 0 0 3 0 0 134 0 78 138 0 0 201 66 0 0 0 6 0 0 0 0 0 0 0 0 0 0 0 0 0 0 0 0 0 0 0 0 0 0 0 1 0 0 0 0 0 0 
51 15 0 0 0 35 20 25 0 0 0 0 0 0 0 0 0 24 0 1 0 15 21 4 0 0 0 0 0 0 0 199 0 9018 17 28 863 19 0 0 0 0 0 0 0 0 0 0 14 0 0 0 0 0 0 0 0 0 45 0 0 0 0 234 0 0 0 0 0 0 0 0 1159 0 990 2 0 2926 1 0 1 0 22 
0 0 0 0 35 0 0 8808 2405 726 0 0 0 0 0 46 0 9 0 0 0 0 33 0 0 0 0 0 0 3 25 0 0 5209 0 0 1145 0 0 0 0 0 0 0 0 0 2 0 748 0 0 0 0 1 0 0 0 0 0 0 0 0 0 9 0 0 0 0 0 0 0 0 19 0 36 0 3 41 0 0 0 0 0 
5060 0 0 256 20 0 0 9016 4551 1 0 3954 3296 0 0 0 0 35 0 1 4 89 76 33 1 0 0 759 0 0 0 10200 0 4953 2383 9624 8016 4169 104 0 0 557 0 530 412 56 261 18132 9053 0 0 0 16 269 0 0 0 0 50 0 0 0 0 311 0 0 0 0 0 0 6 0 1497 0 1454 43 1077 7623 147 0 1 0 1046 
0 0 0 50 25 8808 9016 0 3008 2004 148 1155 20361 6235 0 289 0 149 0 241 0 0 7 0 0 0 0 0 0 0 0 0 0 716 7302 5 8242 62 0 0 0 0 0 0 0 5 74 44 21049 0 665 383 0 1061 841 0 18 0 0 0 0 0 0 0 0 0 0 0 0 0 0 0 0 0 28 38 2 98 2 0 0 0 3845 
0 0 0 0 0 2405 4551 3008 0 7379 0 0 0 0 0 618 157 184 0 0 0 0 0 0 0 0 0 0 0 770 704 214 0 14 1 0 43 0 0 0 0 0 0 0 0 0 0 0 4 0 0 0 0 0 0 0 0 0 0 0 0 0 0 0 0 0 0 0 0 0 0 0 0 0 0 0 0 0 0 0 0 0 5 
0 0 0 0 0 726 1 2004 7379 0 602 0 0 8922 0 3655 5870 475 0 0 0 0 0 0 0 0 0 0 0 4044 1132 1358 0 2058 22003 1124 14456 2248 0 168 0 0 0 0 0 0 0 0 137 0 284 611 0 0 2976 0 228 0 4 0 54 0 0 0 0 0 0 0 0 0 0 0 0 0 0 338 0 0 0 0 0 0 13033 
0 0 0 0 0 0 0 148 0 602 0 0 23 2573 0 516 0 106 0 692 0 0 0 0 0 0 0 0 0 0 0 0 0 0 0 0 0 0 0 0 0 0 0 0 0 0 0 0 1 0 0 12 0 0 50 0 0 0 0 0 0 0 0 0 0 0 0 0 0 0 0 0 0 0 0 0 0 0 0 0 0 0 0 
386 0 481 430 0 0 3954 1155 0 0 0 0 0 0 0 0 0 0 0 0 0 0 0 0 0 0 0 0 0 0 0 0 0 0 0 0 0 0 0 0 0 5 0 46 47 0 0 230 144 0 0 0 1 0 0 0 0 0 0 0 0 0 0 0 0 0 0 0 0 0 0 0 0 0 0 0 5 0 0 1 0 0 0 
0 0 0 0 0 0 3296 20361 0 0 23 0 0 197 0 0 0 0 0 173 0 0 0 0 0 0 0 0 0 0 0 0 0 0 34 0 35 2 0 0 0 0 0 0 0 0 0 179 1186 0 0 0 0 24 0 0 0 0 0 0 0 0 0 0 0 0 0 0 0 0 0 0 0 0 0 0 0 0 0 0 0 0 79 
0 0 0 0 0 0 0 6235 0 8922 2573 0 197 0 56 2438 0 3587 0 10653 0 0 0 0 0 0 0 0 0 0 0 0 0 0 231 49 0 0 0 0 0 0 0 0 0 0 0 0 30 0 0 2 0 0 1 0 0 0 0 0 0 0 0 0 0 0 0 0 0 0 0 0 0 0 0 0 0 0 0 0 0 0 0 
0 0 0 0 0 0 0 0 0 0 0 0 0 56 0 0 0 449 0 9287 225 4 0 47 0 223 0 0 0 0 0 0 0 0 310 25 3 0 0 991 0 0 0 0 0 0 0 0 0 0 0 0 0 0 0 3 0 0 87 0 190 191 90 32 1 0 0 0 0 0 0 0 0 0 0 0 0 1 0 0 11 0 35 
0 0 0 0 0 46 0 289 618 3655 516 0 0 2438 0 0 8665 698 74 0 0 0 0 0 0 0 0 0 0 5187 3683 401 0 3484 3364 28 9330 1261 0 198 0 0 0 0 0 0 0 0 0 0 0 0 0 0 5 0 0 0 14 0 0 0 0 0 0 0 0 0 0 0 0 0 0 0 0 87 7 0 0 0 0 0 2432 
0 0 0 0 0 0 0 0 157 5870 0 0 0 0 0 8665 0 4826 317 0 0 0 0 0 0 0 0 0 0 1997 3395 540 49 443 0 0 0 0 0 0 0 0 0 0 0 0 0 0 0 0 0 0 0 0 0 0 0 0 0 0 0 0 0 0 0 0 0 0 0 0 0 0 0 0 0 0 0 0 0 0 0 0 0 
0 0 0 0 24 9 35 149 184 475 106 0 0 3587 449 698 4826 0 11772 678 494 11 55 0 1136 1 0 0 4236 22724 1163 6851 3687 2537 12309 969 15401 235 0 175 0 0 0 0 0 0 0 0 21 0 0 0 0 0 1 837 0 0 3414 69 556 349 277 7559 0 0 0 0 0 0 16 0 1575 23 157 322 11 1070 0 0 0 0 6076 
0 0 0 0 0 0 0 0 0 0 0 0 0 0 0 74 317 11772 0 0 0 0 1402 0 4199 0 0 0 14710 9150 60 1337 68 84 0 0 25 0 0 0 0 0 0 0 0 0 0 0 0 0 0 0 0 0 0 0 0 0 0 0 0 0 0 0 0 0 0 0 0 0 0 0 0 0 0 0 0 0 0 0 0 0 0 
0 0 0 0 1 0 1 241 0 0 692 0 173 10653 9287 0 0 678 0 0 643 0 1 20 0 75 0 0 0 0 0 0 0 4 917 217 160 17 0 453 1 0 0 0 0 0 0 0 0 0 0 0 0 0 0 838 0 0 6874 291 6670 1146 1523 1539 0 0 0 0 0 0 0 0 646 3 9 69 0 1813 0 0 0 0 33 
0 0 0 0 0 0 4 0 0 0 0 0 0 0 225 0 0 494 0 643 0 1518 617 256 0 0 0 0 1 43 0 223 21 142 1 0 234 0 0 0 0 0 0 0 0 0 0 0 0 0 0 0 0 0 0 111 0 0 402 0 40 55 63 1455 0 0 0 0 0 0 2 0 11 0 0 0 0 0 0 0 0 0 0 
0 4 0 0 15 0 89 0 0 0 0 0 0 0 4 0 0 11 0 0 1518 0 6 3160 149 0 0 0 0 149 0 3288 0 2852 0 0 0 0 0 0 0 0 0 0 0 0 0 0 0 0 0 0 0 0 0 0 0 0 9 0 0 0 10 3611 0 0 0 0 0 0 3 0 617 0 0 0 0 0 0 0 0 0 0 
0 0 0 0 21 33 76 7 0 0 0 0 0 0 0 0 0 55 1402 1 617 6 0 69 4004 6 0 0 4650 4569 0 8485 161 4879 0 0 3209 0 0 0 0 0 0 0 0 0 0 0 63 0 0 0 0 0 0 0 0 0 1436 0 8 177 7 11703 0 0 0 0 0 0 41 0 748 0 21 0 0 0 0 0 0 0 0 
0 0 0 0 4 0 33 0 0 0 0 0 0 0 47 0 0 0 0 20 256 3160 69 0 195 0 0 0 0 0 0 1101 0 898 0 0 0 0 0 1 0 0 0 0 0 0 0 0 0 0 0 0 0 0 0 24 0 0 0 0 0 0 1 9 44 33 0 0 0 0 25 0 280 0 0 0 0 0 0 0 43 0 0 
0 0 0 0 0 0 1 0 0 0 0 0 0 0 0 0 0 1136 4199 0 0 149 4004 195 0 14 0 0 1025 230 0 942 0 30 4 0 590 0 0 430 0 0 0 0 0 0 0 0 0 0 0 0 0 0 0 0 0 0 0 0 0 0 0 0 0 0 0 0 0 0 0 0 0 0 0 0 0 0 0 0 0 0 0 
0 0 0 0 0 0 0 0 0 0 0 0 0 0 223 0 0 1 0 75 0 0 6 0 14 0 0 0 14 0 0 364 0 0 16 0 1 0 0 181 0 0 0 0 0 0 0 0 0 0 0 0 0 0 0 0 0 0 0 0 0 0 0 0 0 0 0 0 0 0 0 0 0 0 0 0 0 0 0 0 0 0 0 
0 0 0 0 0 0 0 0 0 0 0 0 0 0 0 0 0 0 0 0 0 0 0 0 0 0 0 0 0 0 0 0 0 0 0 0 63 0 0 0 12 0 0 0 0 0 0 0 0 0 0 0 0 0 0 0 0 0 0 0 0 0 0 0 0 0 0 0 0 0 0 0 0 0 0 0 0 0 0 0 0 0 0 
38 0 0 0 0 0 759 0 0 0 0 0 0 0 0 0 0 0 0 0 0 0 0 0 0 0 0 0 0 0 0 0 0 1 0 72 980 302 2 0 2 0 0 0 0 0 0 0 0 0 0 0 0 0 0 0 0 0 0 0 0 0 0 0 0 0 0 0 0 0 0 0 0 0 0 0 0 0 0 0 0 0 0 
0 0 0 0 0 0 0 0 0 0 0 0 0 0 0 0 0 4236 14710 0 1 0 4650 0 1025 14 0 0 0 1530 0 2764 0 0 0 0 80 1 0 8 0 0 0 0 0 0 0 0 0 0 0 0 0 0 0 0 0 0 0 0 0 0 0 27 0 0 0 0 0 0 0 0 0 0 0 0 0 0 0 0 0 0 0 
0 0 0 0 0 3 0 0 770 4044 0 0 0 0 0 5187 1997 22724 9150 0 43 149 4569 0 230 0 0 0 1530 0 629 109 0 1 0 0 0 0 0 0 0 0 0 0 0 0 0 0 0 0 0 0 0 0 0 0 0 0 0 0 0 0 0 94 0 0 0 0 0 0 0 0 2 0 0 0 0 0 0 0 0 0 0 
0 0 0 0 0 25 0 0 704 1132 0 0 0 0 0 3683 3395 1163 60 0 0 0 0 0 0 0 0 0 0 629 0 1116 0 0 0 0 0 0 0 0 0 0 0 0 0 0 0 0 0 0 0 0 0 0 0 0 0 0 0 0 0 0 0 0 0 0 0 0 0 0 0 0 0 0 0 0 0 1 0 0 0 0 0 
132 1373 24 0 199 0 10200 0 214 1358 0 0 0 0 0 401 540 6851 1337 0 223 3288 8485 1101 942 364 0 0 2764 109 1116 0 338 95 229 852 2320 42 20 51 0 0 0 0 0 0 0 0 0 0 0 0 0 0 0 0 0 0 0 3 1 0 0 475 0 0 0 0 0 0 0 0 183 0 6 0 0 8 0 0 0 0 0 
0 0 0 0 0 0 0 0 0 0 0 0 0 0 0 0 49 3687 68 0 21 0 161 0 0 0 0 0 0 0 0 338 0 38 0 0 1 0 0 0 0 0 0 0 0 0 0 0 0 0 0 0 0 0 0 0 0 0 0 0 3 0 0 0 0 0 0 0 0 0 0 0 18 0 0 0 0 21 0 0 0 0 0 
743 2411 5 0 9018 5209 4953 716 14 2058 0 0 0 0 0 3484 443 2537 84 4 142 2852 4879 898 30 0 0 1 0 1 0 95 38 0 6 809 619 104 188 0 2 0 0 0 0 0 0 0 252 0 0 0 0 0 0 0 0 0 66 1 4 0 0 2827 0 0 0 0 0 0 40 0 6926 0 1965 0 0 1783 0 0 0 0 0 
0 0 0 0 17 0 2383 7302 1 22003 0 0 34 231 310 3364 0 12309 0 917 1 0 0 0 4 16 0 0 0 0 0 229 0 6 0 2109 1678 133 35 4 16 0 0 0 0 0 1 0 1622 0 0 0 0 64 0 297 0 0 85 0 2563 0 0 0 0 0 0 0 0 0 0 0 2 2 7 952 21 1315 3 0 7 0 1462 
172 0 84 0 28 0 9624 5 0 1124 0 0 0 49 25 28 0 969 0 217 0 0 0 0 0 0 0 72 0 0 0 852 0 809 2109 0 126 1 4 0 0 9 0 2 0 0 0 0 18 0 1 0 6 19 5 12 4 0 575 0 189 0 0 0 0 0 0 0 0 0 0 0 0 0 0 645 118 28 0 5 0 0 68 
2 0 0 0 863 1145 8016 8242 43 14456 0 0 35 0 3 9330 0 15401 25 160 234 0 3209 0 590 1 63 980 80 0 0 2320 1 619 1678 126 0 28 0 76 54 0 0 0 0 0 0 0 4330 0 0 0 0 19 0 21 0 0 533 10 143 2 0 519 0 0 0 0 0 0 1 0 2565 0 1780 14 3 13062 3 0 3 0 1597 
0 0 0 0 19 0 4169 62 0 2248 0 0 2 0 0 1261 0 235 0 17 0 0 0 0 0 0 0 302 1 0 0 42 0 104 133 1 28 0 0 2 9 0 0 0 0 0 0 0 36 0 0 0 0 0 0 0 0 0 0 0 54 0 0 0 0 0 0 0 0 0 0 0 34 0 10 0 0 369 0 0 0 0 3328 
581 0 29 3 0 0 104 0 0 0 0 0 0 0 0 0 0 0 0 0 0 0 0 0 0 0 0 2 0 0 0 20 0 188 35 4 0 0 0 0 0 2 0 1 10 0 0 0 0 0 0 0 2 0 0 0 0 0 0 0 0 0 0 0 0 0 0 0 0 0 0 0 0 0 0 0 50 0 0 4 0 0 0 
0 0 0 0 0 0 0 0 0 168 0 0 0 0 991 198 0 175 0 453 0 0 0 1 430 181 0 0 8 0 0 51 0 0 4 0 76 2 0 0 4 0 0 0 0 0 0 0 0 0 0 0 0 0 0 0 0 0 1 0 0 0 16 42 0 0 0 0 0 0 0 0 1 0 0 1 0 3 0 0 24 0 24 
0 0 0 0 0 0 0 0 0 0 0 0 0 0 0 0 0 0 0 1 0 0 0 0 0 0 12 2 0 0 0 0 0 2 16 0 54 9 0 4 0 0 0 0 0 0 0 0 0 0 0 0 0 0 0 0 0 0 0 0 0 0 0 0 0 0 0 0 0 0 0 0 0 0 0 0 0 6 0 0 0 0 117 
5082 0 1009 134 0 0 557 0 0 0 0 5 0 0 0 0 0 0 0 0 0 0 0 0 0 0 0 0 0 0 0 0 0 0 0 9 0 0 2 0 0 0 4564 115 42 638 0 6055 0 0 0 0 599 0 0 0 0 0 0 0 0 0 0 0 0 0 0 0 4 0 0 0 2 0 498 0 12 0 0 7 0 22 0 
0 0 0 0 0 0 0 0 0 0 0 0 0 0 0 0 0 0 0 0 0 0 0 0 0 0 0 0 0 0 0 0 0 0 0 0 0 0 0 0 0 4564 0 0 0 67 0 1 0 0 0 0 0 0 0 0 0 0 0 0 0 0 0 0 0 0 0 1 163 0 0 0 103 0 637 0 0 0 0 0 0 0 0 
442 0 205 78 0 0 530 0 0 0 0 46 0 0 0 0 0 0 0 0 0 0 0 0 0 0 0 0 0 0 0 0 0 0 0 2 0 0 1 0 0 115 0 0 4 0 0 0 2 0 0 0 78 0 0 0 0 0 0 0 0 0 0 0 0 0 0 0 0 0 0 0 0 0 1 0 2 0 0 5 0 0 0 
437 0 289 138 0 0 412 0 0 0 0 47 0 0 0 0 0 0 0 0 0 0 0 0 0 0 0 0 0 0 0 0 0 0 0 0 0 0 10 0 0 42 0 4 0 0 0 3 2 0 0 0 61 0 0 0 0 0 0 0 0 0 0 0 0 0 0 0 3 0 0 0 1 0 73 0 0 0 0 0 0 29 0 
0 0 0 0 0 0 56 5 0 0 0 0 0 0 0 0 0 0 0 0 0 0 0 0 0 0 0 0 0 0 0 0 0 0 0 0 0 0 0 0 0 638 67 0 0 0 4 284 684 0 0 0 0 80 0 0 0 0 0 0 0 0 0 0 0 0 0 0 4 0 0 0 66 0 6125 0 0 505 0 0 0 0 0 
0 0 0 0 0 2 261 74 0 0 0 0 0 0 0 0 0 0 0 0 0 0 0 0 0 0 0 0 0 0 0 0 0 0 1 0 0 0 0 0 0 0 0 0 0 4 0 378 18180 2554 2187 0 0 1515 0 0 1903 0 2 0 0 0 0 0 0 0 0 0 0 0 2 4 1 0 4549 0 0 483 0 0 0 0 1 
1648 0 1192 201 0 0 18132 44 0 0 0 230 179 0 0 0 0 0 0 0 0 0 0 0 0 0 0 0 0 0 0 0 0 0 0 0 0 0 0 0 0 6055 1 0 3 284 378 0 4265 1434 0 0 1340 1190 0 0 0 0 0 0 0 0 0 0 0 0 0 4 878 0 0 0 5015 0 8097 54 7723 7648 822 79 0 0 80 
516 0 835 66 14 748 9053 21049 4 137 1 144 1186 30 0 0 0 21 0 0 0 0 63 0 0 0 0 0 0 0 0 0 0 252 1622 18 4330 36 0 0 0 0 0 2 2 684 18180 4265 0 1552 3863 363 4690 16143 3994 0 57 0 0 0 44 0 0 2 0 0 0 0 0 0 0 0 44 0 3761 10836 2511 12285 121 0 0 0 3446 
0 0 0 0 0 0 0 0 0 0 0 0 0 0 0 0 0 0 0 0 0 0 0 0 0 0 0 0 0 0 0 0 0 0 0 0 0 0 0 0 0 0 0 0 0 0 2554 1434 1552 0 4690 0 0 0 0 0 786 1 1 0 0 0 0 0 0 0 0 0 0 0 5 79 0 0 0 0 0 0 0 0 0 0 0 
0 0 0 0 0 0 0 665 0 284 0 0 0 0 0 0 0 0 0 0 0 0 0 0 0 0 0 0 0 0 0 0 0 0 0 1 0 0 0 0 0 0 0 0 0 0 2187 0 3863 4690 0 629 0 0 239 0 11104 6263 2676 0 0 0 0 0 0 0 0 0 0 0 1886 2572 1720 0 4505 14285 481 17640 10 0 159 0 11250 
0 0 0 0 0 0 0 383 0 611 12 0 0 2 0 0 0 0 0 0 0 0 0 0 0 0 0 0 0 0 0 0 0 0 0 0 0 0 0 0 0 0 0 0 0 0 0 0 363 0 629 0 0 0 2886 0 2156 0 0 0 74 0 0 0 0 0 0 0 0 0 0 0 0 0 0 1 0 0 0 0 0 0 0 
35 0 0 6 0 0 16 0 0 0 0 1 0 0 0 0 0 0 0 0 0 0 0 0 0 0 0 0 0 0 0 0 0 0 0 6 0 0 2 0 0 599 0 78 61 0 0 1340 4690 0 0 0 0 1 0 0 0 0 0 0 0 0 0 0 0 0 0 0 2 0 0 0 0 0 18 0 8 3 0 0 0 1 0 
0 0 0 0 0 1 269 1061 0 0 0 0 24 0 0 0 0 0 0 0 0 0 0 0 0 0 0 0 0 0 0 0 0 0 64 19 19 0 0 0 0 0 0 0 0 80 1515 1190 16143 0 0 0 1 0 0 0 0 0 0 0 0 0 0 0 0 0 0 0 0 0 0 0 0 0 131 0 213 1305 21 0 0 0 41 
0 0 0 0 0 0 0 841 0 2976 50 0 0 1 0 5 0 1 0 0 0 0 0 0 0 0 0 0 0 0 0 0 0 0 0 5 0 0 0 0 0 0 0 0 0 0 0 0 3994 0 239 2886 0 0 0 64 643 0 648 0 8176 0 7 0 2 0 0 0 0 0 0 0 0 0 0 391 67 0 0 0 0 0 1 
0 0 0 0 0 0 0 0 0 0 0 0 0 0 3 0 0 837 0 838 111 0 0 24 0 0 0 0 0 0 0 0 0 0 297 12 21 0 0 0 0 0 0 0 0 0 0 0 0 0 0 0 0 0 64 0 0 0 1029 0 10684 358 1533 44 906 0 8 0 0 0 0 0 3 37 2 474 3 493 0 0 125 0 251 
0 0 0 0 0 0 0 18 0 228 0 0 0 0 0 0 0 0 0 0 0 0 0 0 0 0 0 0 0 0 0 0 0 0 0 4 0 0 0 0 0 0 0 0 0 0 1903 0 57 786 11104 2156 0 0 643 0 0 6135 739 1 0 0 0 0 0 0 0 0 0 0 2045 2202 94 0 6449 5258 9 11881 0 0 0 0 535 
0 0 0 0 0 0 0 0 0 0 0 0 0 0 0 0 0 0 0 0 0 0 0 0 0 0 0 0 0 0 0 0 0 0 0 0 0 0 0 0 0 0 0 0 0 0 0 0 0 1 6263 0 0 0 0 0 6135 0 2293 5361 0 0 0 0 0 0 0 0 0 0 617 4132 1670 0 57 0 0 0 0 0 0 0 0 
0 0 0 0 45 0 50 0 0 4 0 0 0 0 87 14 0 3414 0 6874 402 9 1436 0 0 0 0 0 0 0 0 0 0 66 85 575 533 0 0 1 0 0 0 0 0 0 2 0 0 1 2676 0 0 0 648 1029 739 2293 0 8743 277 0 1840 230 232 1 0 0 0 208 3786 1429 8672 4614 7106 7598 60 13092 0 0 1 0 1105 
0 0 0 0 0 0 0 0 0 0 0 0 0 0 0 0 0 69 0 291 0 0 0 0 0 0 0 0 0 0 0 3 0 1 0 0 10 0 0 0 0 0 0 0 0 0 0 0 0 0 0 0 0 0 0 0 1 5361 8743 0 835 0 0 1676 0 41 0 0 0 1443 5538 8062 1755 1182 20 0 0 511 0 0 0 0 0 
0 0 0 0 0 0 0 0 0 54 0 0 0 0 190 0 0 556 0 6670 40 0 8 0 0 0 0 0 0 0 0 1 3 4 2563 189 143 54 0 0 0 0 0 0 0 0 0 0 44 0 0 74 0 0 8176 10684 0 0 277 835 0 185 77 0 23 0 8 0 0 0 0 0 218 1150 479 1720 5 5490 0 0 116 0 810 
0 0 0 0 0 0 0 0 0 0 0 0 0 0 191 0 0 349 0 1146 55 0 177 0 0 0 0 0 0 0 0 0 0 0 0 0 2 0 0 0 0 0 0 0 0 0 0 0 0 0 0 0 0 0 0 358 0 0 0 0 185 0 320 0 107 0 0 0 0 0 0 0 0 0 0 0 0 0 0 0 0 0 0 
0 0 0 0 0 0 0 0 0 0 0 0 0 0 90 0 0 277 0 1523 63 10 7 1 0 0 0 0 0 0 0 0 0 0 0 0 0 0 0 16 0 0 0 0 0 0 0 0 0 0 0 0 0 0 7 1533 0 0 1840 0 77 320 0 273 924 55 0 0 0 0 30 0 322 0 0 0 0 0 0 0 363 0 0 
0 0 0 0 234 9 311 0 0 0 0 0 0 0 32 0 0 7559 0 1539 1455 3611 11703 9 0 0 0 0 27 94 0 475 0 2827 0 0 519 0 0 42 0 0 0 0 0 0 0 0 2 0 0 0 0 0 0 44 0 0 230 1676 0 0 273 0 341 420 0 0 0 2137 17537 0 16036 1141 4 0 0 78 0 0 0 0 0 
0 0 0 0 0 0 0 0 0 0 0 0 0 0 1 0 0 0 0 0 0 0 0 44 0 0 0 0 0 0 0 0 0 0 0 0 0 0 0 0 0 0 0 0 0 0 0 0 0 0 0 0 0 0 2 906 0 0 232 0 23 107 924 341 0 1219 0 0 0 11 1149 0 1541 0 0 0 0 116 0 0 347 0 0 
0 0 0 0 0 0 0 0 0 0 0 0 0 0 0 0 0 0 0 0 0 0 0 33 0 0 0 0 0 0 0 0 0 0 0 0 0 0 0 0 0 0 0 0 0 0 0 0 0 0 0 0 0 0 0 0 0 0 1 41 0 0 55 420 1219 0 2 408 0 2986 4680 0 2189 0 0 18 0 69 0 0 113 16 0 
0 0 0 0 0 0 0 0 0 0 0 0 0 0 0 0 0 0 0 0 0 0 0 0 0 0 0 0 0 0 0 0 0 0 0 0 0 0 0 0 0 0 0 0 0 0 0 0 0 0 0 0 0 0 0 8 0 0 0 0 8 0 0 0 0 2 0 0 0 5 6 0 71 0 0 0 0 0 0 0 348 0 0 
0 0 0 0 0 0 0 0 0 0 0 0 0 0 0 0 0 0 0 0 0 0 0 0 0 0 0 0 0 0 0 0 0 0 0 0 0 0 0 0 0 0 1 0 0 0 0 4 0 0 0 0 0 0 0 0 0 0 0 0 0 0 0 0 0 408 0 0 519 118 0 0 253 0 1 0 0 8 0 0 2 40 0 
0 0 0 0 0 0 0 0 0 0 0 0 0 0 0 0 0 0 0 0 0 0 0 0 0 0 0 0 0 0 0 0 0 0 0 0 0 0 0 0 0 4 163 0 3 4 0 878 0 0 0 0 2 0 0 0 0 0 0 0 0 0 0 0 0 0 0 519 0 0 0 0 0 0 6 1 0 204 0 0 16 116 0 
0 0 0 0 0 0 0 0 0 0 0 0 0 0 0 0 0 0 0 0 0 0 0 0 0 0 0 0 0 0 0 0 0 0 0 0 0 0 0 0 0 0 0 0 0 0 0 0 0 0 0 0 0 0 0 0 0 0 208 1443 0 0 0 2137 11 2986 5 118 0 0 6018 14 935 213 1 158 0 163 0 0 259 13 0 
0 0 0 0 0 0 6 0 0 0 0 0 0 0 0 0 0 16 0 0 2 3 41 25 0 0 0 0 0 0 0 0 0 40 0 0 1 0 0 0 0 0 0 0 0 0 2 0 0 5 1886 0 0 0 0 0 2045 617 3786 5538 0 0 30 17537 1149 4680 6 0 0 6018 0 291 535 50 0 148 0 18 0 0 96 0 0 
0 0 0 0 0 0 0 0 0 0 0 0 0 0 0 0 0 0 0 0 0 0 0 0 0 0 0 0 0 0 0 0 0 0 0 0 0 0 0 0 0 0 0 0 0 0 4 0 0 79 2572 0 0 0 0 0 2202 4132 1429 8062 0 0 0 0 0 0 0 0 0 14 291 0 2163 0 0 0 0 0 0 0 0 0 0 
0 0 0 0 1159 19 1497 0 0 0 0 0 0 0 0 0 0 1575 0 646 11 617 748 280 0 0 0 0 0 2 0 183 18 6926 2 0 2565 34 0 1 0 2 103 0 1 66 1 5015 44 0 1720 0 0 0 0 3 94 1670 8672 1755 218 0 322 16036 1541 2189 71 253 0 935 535 2163 0 56 46 264 2 2723 79 0 1602 266 110 
0 0 0 0 0 0 0 0 0 0 0 0 0 0 0 0 0 23 0 3 0 0 0 0 0 0 0 0 0 0 0 0 0 0 2 0 0 0 0 0 0 0 0 0 0 0 0 0 0 0 0 0 0 0 0 37 0 0 4614 1182 1150 0 0 1141 0 0 0 0 0 213 50 0 56 0 129 0 0 0 0 0 0 0 2 
40 0 0 0 990 36 1454 28 0 0 0 0 0 0 0 0 0 157 0 9 0 0 21 0 0 0 0 0 0 0 0 6 0 1965 7 0 1780 10 0 0 0 498 637 1 73 6125 4549 8097 3761 0 4505 0 18 131 0 2 6449 57 7106 20 479 0 0 4 0 0 0 1 6 1 0 0 46 129 0 0 5 168 0 1 0 1 18 
0 0 0 0 2 0 43 38 0 338 0 0 0 0 0 87 0 322 0 69 0 0 0 0 0 0 0 0 0 0 0 0 0 0 952 645 14 0 0 1 0 0 0 0 0 0 0 54 10836 0 14285 1 0 0 391 474 5258 0 7598 0 1720 0 0 0 0 18 0 0 1 158 148 0 264 0 0 0 968 404 112 0 140 6 1191 
268 0 0 1 0 3 1077 2 0 0 0 5 0 0 0 7 0 11 0 0 0 0 0 0 0 0 0 0 0 0 0 0 0 0 21 118 3 0 50 0 0 12 0 2 0 0 0 7723 2511 0 481 0 8 213 67 3 9 0 60 0 5 0 0 0 0 0 0 0 0 0 0 0 2 0 5 968 0 45 0 11 0 0 316 
20 1 0 0 2926 41 7623 98 0 0 0 0 0 0 1 0 0 1070 0 1813 0 0 0 0 0 0 0 0 0 0 1 8 21 1783 1315 28 13062 369 0 3 6 0 0 0 0 505 483 7648 12285 0 17640 0 3 1305 0 493 11881 0 13092 511 5490 0 0 78 116 69 0 8 204 163 18 0 2723 0 168 404 45 0 3 0 394 0 3740 
0 0 0 0 1 0 147 2 0 0 0 0 0 0 0 0 0 0 0 0 0 0 0 0 0 0 0 0 0 0 0 0 0 0 3 0 3 0 0 0 0 0 0 0 0 0 0 822 121 0 10 0 0 21 0 0 0 0 0 0 0 0 0 0 0 0 0 0 0 0 0 0 79 0 0 112 0 3 0 0 0 0 1373 
46 0 0 0 0 0 0 0 0 0 0 1 0 0 0 0 0 0 0 0 0 0 0 0 0 0 0 0 0 0 0 0 0 0 0 5 0 0 4 0 0 7 0 5 0 0 0 79 0 0 0 0 0 0 0 0 0 0 0 0 0 0 0 0 0 0 0 0 0 0 0 0 0 0 1 0 11 0 0 0 0 0 0 
0 0 0 0 1 0 1 0 0 0 0 0 0 0 11 0 0 0 0 0 0 0 0 43 0 0 0 0 0 0 0 0 0 0 7 0 3 0 0 24 0 0 0 0 0 0 0 0 0 0 159 0 0 0 0 125 0 0 1 0 116 0 363 0 347 113 348 2 16 259 96 0 1602 0 0 140 0 394 0 0 0 0 0 
0 0 0 0 0 0 0 0 0 0 0 0 0 0 0 0 0 0 0 0 0 0 0 0 0 0 0 0 0 0 0 0 0 0 0 0 0 0 0 0 0 22 0 0 29 0 0 0 0 0 0 0 1 0 0 0 0 0 0 0 0 0 0 0 0 16 0 40 116 13 0 0 266 0 1 6 0 0 0 0 0 0 0 
0 0 0 0 22 0 1046 3845 5 13033 0 0 79 0 35 2432 0 6076 0 33 0 0 0 0 0 0 0 0 0 0 0 0 0 0 1462 68 1597 3328 0 24 117 0 0 0 0 0 1 80 3446 0 11250 0 0 41 1 251 535 0 1105 0 810 0 0 0 0 0 0 0 0 0 0 0 110 2 18 1191 316 3740 1373 0 0 0 0 
