0 86 0 339 40 6 516 0 0 71 0 1044 4 0 0 0 0 0 0 0 0 0 1 0 0 0 0 282 0 0 0 353 0 5669 1 123 211 0 29 0 0 3491 0 16 0 0 0 964 0 0 0 0 163 0 0 0 0 0 0 0 0 0 0 0 0 0 0 0 0 0 0 0 0 0 305 0 21 0 0 5 0 0 0 
86 0 0 0 480 30 1 6 0 58 0 0 0 0 0 0 0 0 0 0 0 92 207 42 0 0 0 0 0 3 0 1108 0 5965 0 0 4 0 0 0 0 0 0 0 0 0 0 0 0 0 0 0 0 0 0 0 0 0 3 12 1 0 0 6 0 0 0 0 0 0 0 0 0 0 0 0 0 0 0 0 0 0 0 
0 0 0 155 0 0 0 5 0 76 0 93 181 0 0 0 0 0 0 0 0 0 0 0 0 0 0 64 0 0 0 109 0 212 1 238 76 3 4 0 0 351 0 0 0 0 0 2054 0 0 0 0 0 0 0 0 0 0 0 0 0 0 0 0 0 0 0 0 0 0 0 0 0 0 0 0 0 0 0 0 0 0 0 
339 0 155 0 0 0 0 4 0 0 0 53 0 0 0 0 0 0 0 0 0 0 0 0 0 0 0 0 0 0 0 0 0 0 0 2 0 0 0 0 0 114 0 0 1 0 0 34 0 0 0 0 26 0 0 0 0 0 0 0 0 0 0 0 0 0 0 0 0 0 0 0 0 0 13 0 0 0 0 0 0 0 0 
40 480 0 0 0 156 236 1424 36 20 0 0 0 0 2 0 0 6 2 0 0 94 384 39 4 0 0 0 0 2 0 3 0 2163 0 0 1169 0 0 0 0 0 0 0 0 0 0 1 9 0 0 0 0 0 0 0 0 0 127 88 107 1 0 35 0 0 0 0 0 0 0 0 0 0 0 0 0 0 0 0 0 0 0 
6 30 0 0 156 0 13 1825 319 3594 0 0 0 0 0 207 31 98 709 0 0 0 0 0 0 0 0 0 7 916 1775 0 0 335 0 0 47 0 0 0 0 0 0 0 0 0 0 0 0 0 0 0 0 0 0 0 0 0 0 0 0 0 0 0 0 0 0 0 0 0 0 0 0 0 0 0 0 0 0 0 0 0 0 
516 1 0 0 236 13 0 6959 1017 1888 0 6 97 0 160 0 0 24 0 0 0 1637 2981 844 87 0 0 310 0 2 2 5581 0 4422 1309 5015 7604 777 10 0 0 467 0 0 0 0 0 7871 1076 0 0 0 0 0 0 19 0 0 1416 2242 2689 0 0 1652 0 0 0 0 0 0 156 0 468 2 23 0 3 22 0 0 0 0 139 
0 6 5 4 1424 1825 6959 0 772 2818 320 1714 15298 6959 0 19 1 99 4 128 0 0 0 0 0 0 0 3 0 18 7 9 0 411 13403 1698 9214 25 0 0 0 32 0 0 0 0 0 9329 12932 100 0 0 0 55 0 0 0 0 0 0 0 0 0 0 0 0 0 0 0 0 0 0 0 0 0 0 0 0 0 0 0 0 1775 
0 0 0 0 36 319 1017 772 0 2834 0 0 0 0 0 17 6 13 196 0 0 0 0 0 0 0 0 0 0 136 7 0 0 0 4 0 270 0 0 0 0 0 0 0 0 0 0 0 0 0 0 0 0 0 0 0 0 0 0 0 0 0 0 0 0 0 0 0 0 0 0 0 0 0 0 0 0 0 0 0 0 0 34 
71 58 76 0 20 3594 1888 2818 2834 0 2305 0 0 8134 0 458 764 118 1745 0 0 0 0 0 0 0 0 0 8 1171 2344 68 0 869 20263 1024 8678 2 0 0 0 0 0 0 0 0 0 801 27 1 4001 386 0 0 135 0 33 0 3 0 0 0 0 0 0 0 0 0 0 0 0 0 0 0 0 0 0 0 0 0 0 0 6567 
0 0 0 0 0 0 0 320 0 2305 0 0 0 1042 0 73 0 1486 0 93 0 0 0 0 0 0 0 0 0 0 0 0 0 0 0 0 0 0 0 0 0 0 0 0 0 0 0 0 0 0 0 0 0 0 0 0 0 0 0 0 0 0 0 0 0 0 0 0 0 0 0 0 0 0 0 0 0 0 0 0 0 0 0 
1044 0 93 53 0 0 6 1714 0 0 0 0 0 0 0 0 0 0 0 0 0 0 0 0 0 0 0 0 0 0 0 3 0 420 0 0 6 0 0 0 0 102 0 1 0 0 0 65 0 0 0 0 2 0 0 0 0 0 0 0 0 0 0 0 0 0 0 0 0 0 0 0 0 0 16 0 0 0 0 0 0 0 0 
4 0 181 0 0 0 97 15298 0 0 0 0 0 105 0 0 0 0 0 0 0 0 0 0 0 0 0 0 0 0 0 0 0 0 0 0 0 0 0 0 0 0 0 0 0 0 0 912 1531 0 0 0 0 0 0 0 0 0 0 0 0 0 0 0 0 0 0 0 0 0 0 0 0 0 0 0 0 0 0 0 0 0 0 
0 0 0 0 0 0 0 6959 0 8134 1042 0 105 0 31 988 0 7041 0 4657 0 0 0 0 0 0 0 0 0 0 0 0 0 0 0 0 0 0 0 0 0 0 0 0 0 0 0 2 530 0 114 48 0 0 4 0 23 0 5 0 0 0 0 0 0 0 0 0 0 0 0 0 0 0 0 0 0 0 0 0 0 0 0 
0 0 0 0 2 0 160 0 0 0 0 0 0 31 0 0 0 8412 0 9176 696 420 216 335 3 278 1 0 1 57 4 160 0 196 0 0 3221 48 0 25 24 0 0 0 0 0 0 0 0 0 0 0 0 0 0 0 0 0 35 0 222 37 0 0 0 0 0 0 0 0 0 0 0 0 0 0 0 0 0 0 0 0 0 
0 0 0 0 0 207 0 19 17 458 73 0 0 988 0 0 3227 39 1021 0 0 0 0 0 0 0 0 0 1 108 1188 12 52 251 6255 203 9944 264 0 6 9 0 0 0 0 0 0 0 0 0 86 12 0 0 45 0 53 0 101 0 0 0 0 0 0 0 0 0 0 0 0 0 0 0 0 0 0 0 0 0 0 0 3625 
0 0 0 0 0 31 0 1 6 764 0 0 0 0 0 3227 0 637 2783 0 0 0 0 0 0 0 0 0 9 1281 3158 332 7 850 0 0 344 0 0 0 0 0 0 0 0 0 0 0 0 0 0 0 0 0 0 0 0 0 0 0 0 0 0 0 0 0 0 0 0 0 0 0 0 0 0 0 0 0 0 0 0 0 0 
0 0 0 0 6 98 24 99 13 118 1486 0 0 7041 8412 39 637 0 3888 1918 51 343 26 561 452 0 0 0 151 1359 1284 3389 824 1639 7871 511 8907 769 0 83 509 0 0 0 0 0 0 0 0 0 31 11 0 0 607 451 180 0 3830 0 6385 558 0 0 0 0 0 0 0 0 0 0 0 0 0 6 0 142 1 0 0 0 2017 
0 0 0 0 2 709 0 4 196 1745 0 0 0 0 0 1021 2783 3888 0 0 0 0 203 0 516 0 0 0 4133 1733 151 1754 0 987 0 0 1623 0 0 0 0 0 0 0 0 0 0 0 0 0 0 0 0 0 0 0 0 0 0 0 0 0 0 0 0 0 0 0 0 0 0 0 0 0 0 0 0 0 0 0 0 0 0 
0 0 0 0 0 0 0 128 0 0 93 0 0 4657 9176 0 0 1918 0 0 189 114 5 2 0 9 0 0 0 0 0 0 0 0 0 0 800 63 0 17 163 0 0 0 0 0 0 0 0 0 0 0 0 0 0 35 0 0 11 0 756 22 0 0 0 0 0 0 0 0 0 0 0 0 0 0 0 9 0 0 0 0 14 
0 0 0 0 0 0 0 0 0 0 0 0 0 0 696 0 0 51 0 189 0 676 3 1001 403 0 0 0 12 0 0 0 0 0 0 0 2 0 0 0 0 0 0 0 0 0 0 0 0 0 0 0 0 0 0 0 0 0 770 0 149 518 0 8 26 3 2 0 0 0 0 0 0 0 0 0 0 0 0 0 18 0 0 
0 92 0 0 94 0 1637 0 0 0 0 0 0 0 420 0 0 343 0 114 676 0 0 2328 1747 0 0 0 258 40 0 343 0 5 0 0 307 0 0 0 0 0 0 0 0 0 0 2 0 0 0 0 0 0 0 0 0 0 1538 0 80 776 0 726 19 3 1 0 0 0 0 0 80 0 121 0 0 46 0 0 13 0 0 
1 207 0 0 384 0 2981 0 0 0 0 0 0 0 216 0 0 26 203 5 3 0 0 60 2657 0 0 0 7564 1354 0 3116 0 1588 0 0 1343 0 0 0 0 0 0 0 0 0 0 0 0 0 0 0 0 0 0 0 0 0 9326 51 9015 2322 0 2202 0 0 0 0 0 0 0 0 0 0 0 0 0 0 0 0 0 0 0 
0 42 0 0 39 0 844 0 0 0 0 0 0 0 335 0 0 561 0 2 1001 2328 60 0 1248 0 0 0 275 31 0 403 0 4 0 0 218 0 0 0 0 0 0 0 0 0 0 1 0 0 0 0 0 0 0 0 0 0 492 0 4 486 4 180 0 0 0 0 0 0 0 0 43 0 76 0 0 17 0 0 0 0 0 
0 0 0 0 4 0 87 0 0 0 0 0 0 0 3 0 0 452 516 0 403 1747 2657 1248 0 313 0 0 480 1 0 130 0 192 4 0 408 2 0 122 73 0 0 0 0 0 0 0 0 0 0 0 0 0 0 0 0 0 0 0 0 0 0 14 0 0 0 0 0 0 1 0 0 0 0 0 0 5 1 0 0 0 0 
0 0 0 0 0 0 0 0 0 0 0 0 0 0 278 0 0 0 0 9 0 0 0 0 313 0 3 0 0 0 0 0 0 0 0 0 0 0 0 268 0 0 0 0 0 0 0 0 0 0 0 0 0 0 0 0 0 0 0 0 0 0 0 0 0 0 0 0 0 0 0 0 0 0 0 0 0 0 0 0 0 0 0 
0 0 0 0 0 0 0 0 0 0 0 0 0 0 1 0 0 0 0 0 0 0 0 0 0 3 0 0 0 0 0 0 0 3 0 0 149 77 0 7 93 0 0 0 0 0 0 0 0 0 0 0 0 0 0 0 0 0 0 0 0 0 0 0 0 0 0 0 0 0 0 0 0 0 0 0 0 0 0 0 0 0 0 
282 0 64 0 0 0 310 3 0 0 0 0 0 0 0 0 0 0 0 0 0 0 0 0 0 0 0 0 96 3 0 0 0 5 1 0 1811 113 0 0 84 0 0 0 0 0 0 0 0 0 0 0 0 0 0 0 0 0 0 0 0 0 0 0 0 0 0 0 0 0 0 0 0 0 0 0 0 0 0 0 0 0 0 
0 0 0 0 0 7 0 0 0 8 0 0 0 0 1 1 9 151 4133 0 12 258 7564 275 480 0 0 96 0 1356 0 12 0 167 1 0 292 1 0 60 0 0 0 0 0 11 0 13 0 0 0 0 0 0 0 0 0 0 59 8 111 16 0 191 0 0 0 0 0 0 38 0 75 0 240 2 0 239 1 0 0 0 2 
0 3 0 0 2 916 2 18 136 1171 0 0 0 0 57 108 1281 1359 1733 0 0 40 1354 31 1 0 0 3 1356 0 205 223 0 1161 0 0 4549 0 0 0 0 0 0 0 0 0 0 0 0 0 0 0 0 0 0 0 0 0 13 0 15 2 0 6 0 0 0 0 0 0 0 0 0 0 0 0 0 0 0 0 0 0 0 
0 0 0 0 0 1775 2 7 7 2344 0 0 0 0 4 1188 3158 1284 151 0 0 0 0 0 0 0 0 0 0 205 0 206 0 2162 0 0 320 0 0 0 0 0 0 0 0 0 0 0 0 0 0 0 0 0 0 0 0 0 0 0 0 0 0 0 0 0 0 0 0 0 0 0 0 0 0 0 0 0 0 0 0 0 0 
353 1108 109 0 3 0 5581 9 0 68 0 3 0 0 160 12 332 3389 1754 0 0 343 3116 403 130 0 0 0 12 223 206 0 116 169 0 1 1067 13 0 0 0 0 0 0 0 0 0 0 0 0 0 0 0 0 0 0 0 0 103 51 15 1 0 72 0 0 0 0 0 0 1 0 0 0 5 6 0 3 0 0 0 0 1 
0 0 0 0 0 0 0 0 0 0 0 0 0 0 0 52 7 824 0 0 0 0 0 0 0 0 0 0 0 0 0 116 0 0 0 0 0 0 0 0 0 0 0 0 0 0 0 0 0 0 0 0 0 0 0 0 0 0 0 0 0 0 0 0 0 0 0 0 0 0 0 0 0 0 0 0 0 0 0 0 0 0 0 
5669 5965 212 0 2163 335 4422 411 0 869 0 420 0 0 196 251 850 1639 987 0 0 5 1588 4 192 0 3 5 167 1161 2162 169 0 0 0 384 64 15 61 0 0 0 0 0 0 0 0 2 0 0 0 0 0 0 0 0 0 0 527 40 61 3 0 10 0 0 0 0 0 0 0 0 0 0 0 0 0 0 0 0 0 0 0 
1 0 1 0 0 0 1309 13403 4 20263 0 0 0 0 0 6255 0 7871 0 0 0 0 0 0 4 0 0 1 1 0 0 0 0 0 0 847 377 2 0 64 328 0 0 0 0 0 0 7 91 0 0 0 0 0 0 0 0 0 0 0 4 0 0 0 0 0 0 0 0 0 0 0 0 0 0 0 0 0 0 0 0 0 123 
123 0 238 2 0 0 5015 1698 0 1024 0 0 0 0 0 203 0 511 0 0 0 0 0 0 0 0 0 0 0 0 0 1 0 384 847 0 179 0 0 0 4 0 0 0 0 0 0 1 4 0 0 0 0 0 0 0 0 0 0 0 0 0 0 0 0 0 0 0 0 0 0 0 0 0 0 0 0 0 0 0 0 0 379 
211 4 76 0 1169 47 7604 9214 270 8678 0 6 0 0 3221 9944 344 8907 1623 800 2 307 1343 218 408 0 149 1811 292 4549 320 1067 0 64 377 179 0 0 1 2 0 0 0 0 0 1 0 11 91 0 0 0 0 0 0 269 0 0 1220 490 2542 0 0 821 0 0 0 0 0 0 285 0 2392 69 417 113 0 2536 12 0 0 0 2771 
0 0 3 0 0 0 777 25 0 2 0 0 0 0 48 264 0 769 0 63 0 0 0 0 2 0 77 113 1 0 0 13 0 15 2 0 0 0 0 0 0 0 0 0 0 0 0 0 0 0 0 0 0 0 0 0 0 0 3 0 16 0 0 0 0 0 0 0 0 0 0 0 0 0 0 0 0 17 0 0 1 0 3408 
29 0 4 0 0 0 10 0 0 0 0 0 0 0 0 0 0 0 0 0 0 0 0 0 0 0 0 0 0 0 0 0 0 61 0 0 1 0 0 0 0 0 0 0 0 0 0 0 0 0 0 0 0 0 0 0 0 0 0 0 0 0 0 0 0 0 0 0 0 0 0 0 0 0 0 0 0 0 0 0 0 0 0 
0 0 0 0 0 0 0 0 0 0 0 0 0 0 25 6 0 83 0 17 0 0 0 0 122 268 7 0 60 0 0 0 0 0 64 0 2 0 0 0 1 0 0 0 0 12 0 16 0 0 0 0 0 0 0 0 0 0 201 0 125 0 0 0 0 0 0 0 0 0 2 0 60 0 99 93 0 524 61 0 3 0 38 
0 0 0 0 0 0 0 0 0 0 0 0 0 0 24 9 0 509 0 163 0 0 0 0 73 0 93 84 0 0 0 0 0 0 328 4 0 0 0 1 0 0 0 0 0 0 0 0 0 0 0 0 0 0 0 3 0 0 70 0 256 0 0 0 0 0 0 0 0 0 0 0 0 0 0 0 0 272 12 0 0 0 0 
3491 0 351 114 0 0 467 32 0 0 0 102 0 0 0 0 0 0 0 0 0 0 0 0 0 0 0 0 0 0 0 0 0 0 0 0 0 0 0 0 0 0 607 0 25 96 0 446 0 0 0 0 1051 0 0 0 0 0 0 0 0 0 0 0 2 3 0 0 383 40 158 0 39 0 2774 0 12 59 2 0 0 0 0 
0 0 0 0 0 0 0 0 0 0 0 0 0 0 0 0 0 0 0 0 0 0 0 0 0 0 0 0 0 0 0 0 0 0 0 0 0 0 0 0 0 607 0 0 0 0 0 201 0 0 3 0 0 0 0 0 0 0 0 0 0 0 0 0 0 0 0 0 174 0 641 0 843 0 2356 0 0 426 0 0 0 0 0 
16 0 0 0 0 0 0 0 0 0 0 1 0 0 0 0 0 0 0 0 0 0 0 0 0 0 0 0 0 0 0 0 0 0 0 0 0 0 0 0 0 0 0 0 31 0 0 0 3 0 0 0 897 0 0 0 0 0 0 0 0 0 0 0 0 0 0 0 0 0 0 0 0 0 0 0 0 0 0 0 0 0 0 
0 0 0 1 0 0 0 0 0 0 0 0 0 0 0 0 0 0 0 0 0 0 0 0 0 0 0 0 0 0 0 0 0 0 0 0 0 0 0 0 0 25 0 31 0 0 0 0 0 0 0 0 29 0 0 0 0 0 0 0 0 0 0 0 0 0 0 0 2 0 0 0 0 0 0 0 0 0 0 0 0 0 0 
0 0 0 0 0 0 0 0 0 0 0 0 0 0 0 0 0 0 0 0 0 0 0 0 0 0 0 0 11 0 0 0 0 0 0 0 1 0 0 12 0 96 0 0 0 0 116 9 83 0 0 0 0 0 0 0 0 0 0 0 0 0 0 0 0 0 0 0 56 0 301 0 1720 0 5435 5 124 3201 30 0 0 0 5 
0 0 0 0 0 0 0 0 0 0 0 0 0 0 0 0 0 0 0 0 0 0 0 0 0 0 0 0 0 0 0 0 0 0 0 0 0 0 0 0 0 0 0 0 0 116 0 8 2938 930 3887 0 0 0 0 0 5 101 0 428 0 0 0 0 0 0 0 0 0 0 796 750 709 134 896 0 0 1321 0 0 0 0 0 
964 0 2054 34 1 0 7871 9329 0 801 0 65 912 2 0 0 0 0 0 0 0 2 0 1 0 0 0 0 13 0 0 0 0 2 7 1 11 0 0 16 0 446 201 0 0 9 8 0 4448 2795 1084 0 2609 3 0 0 1 0 0 0 1 1 0 0 7 10 0 0 573 73 1049 0 2048 0 1542 683 15588 9786 646 16 0 0 136 
0 0 0 0 9 0 1076 12932 0 27 0 0 1531 530 0 0 0 0 0 0 0 0 0 0 0 0 0 0 0 0 0 0 0 0 91 4 91 0 0 0 0 0 0 3 0 83 2938 4448 0 172 286 628 3378 15322 2893 0 1 0 0 0 183 0 0 0 0 0 0 0 0 0 0 0 0 0 434 10071 2434 5846 14 0 0 0 437 
0 0 0 0 0 0 0 100 0 1 0 0 0 0 0 0 0 0 0 0 0 0 0 0 0 0 0 0 0 0 0 0 0 0 0 0 0 0 0 0 0 0 0 0 0 0 930 2795 172 0 3399 0 0 0 0 0 12 51 5 357 0 0 0 0 0 0 0 0 0 0 98 1 0 0 54 1882 26 1703 0 0 0 0 6 
0 0 0 0 0 0 0 0 0 4001 0 0 0 114 0 86 0 31 0 0 0 0 0 0 0 0 0 0 0 0 0 0 0 0 0 0 0 0 0 0 0 0 3 0 0 0 3887 1084 286 3399 0 219 0 0 646 0 652 1122 232 1120 0 0 0 0 0 0 0 0 0 0 8588 6019 1411 64 2278 15391 1694 14188 654 0 6 0 9790 
0 0 0 0 0 0 0 0 0 386 0 0 0 48 0 12 0 11 0 0 0 0 0 0 0 0 0 0 0 0 0 0 0 0 0 0 0 0 0 0 0 0 0 0 0 0 0 0 628 0 219 0 0 0 2907 0 6 0 151 0 0 0 0 0 0 0 0 0 0 0 0 0 0 0 0 0 1 0 0 0 0 0 0 
163 0 0 26 0 0 0 0 0 0 0 2 0 0 0 0 0 0 0 0 0 0 0 0 0 0 0 0 0 0 0 0 0 0 0 0 0 0 0 0 0 1051 0 897 29 0 0 2609 3378 0 0 0 0 61 21 0 0 0 0 0 0 0 0 0 0 0 0 0 0 0 0 0 0 0 77 0 15 2 0 6 0 0 0 
0 0 0 0 0 0 0 55 0 0 0 0 0 0 0 0 0 0 0 0 0 0 0 0 0 0 0 0 0 0 0 0 0 0 0 0 0 0 0 0 0 0 0 0 0 0 0 3 15322 0 0 0 61 0 624 0 0 0 0 0 8 0 0 0 0 0 0 0 0 0 0 0 0 0 0 0 0 0 0 0 0 0 0 
0 0 0 0 0 0 0 0 0 135 0 0 0 4 0 45 0 607 0 0 0 0 0 0 0 0 0 0 0 0 0 0 0 0 0 0 0 0 0 0 0 0 0 0 0 0 0 0 2893 0 646 2907 21 624 0 51 533 0 1844 0 3314 0 0 0 0 0 0 0 0 0 0 0 0 0 0 0 0 0 0 0 0 0 0 
0 0 0 0 0 0 19 0 0 0 0 0 0 0 0 0 0 451 0 35 0 0 0 0 0 0 0 0 0 0 0 0 0 0 0 0 269 0 0 0 3 0 0 0 0 0 0 0 0 0 0 0 0 0 51 0 0 0 315 0 6658 1142 22 3 83 0 214 240 0 0 0 0 0 0 0 0 0 0 0 0 66 0 0 
0 0 0 0 0 0 0 0 0 33 0 0 0 23 0 53 0 180 0 0 0 0 0 0 0 0 0 0 0 0 0 0 0 0 0 0 0 0 0 0 0 0 0 0 0 0 5 1 1 12 652 6 0 0 533 0 0 2728 2598 803 0 0 0 0 0 0 0 0 0 0 1814 3356 172 25 579 1636 732 4451 41 0 16 0 380 
0 0 0 0 0 0 0 0 0 0 0 0 0 0 0 0 0 0 0 0 0 0 0 0 0 0 0 0 0 0 0 0 0 0 0 0 0 0 0 0 0 0 0 0 0 0 101 0 0 51 1122 0 0 0 0 0 2728 0 14 608 0 0 0 0 0 0 0 0 0 0 1437 9658 2087 0 55 0 0 0 0 0 0 0 0 
0 3 0 0 127 0 1416 0 0 3 0 0 0 5 35 101 0 3830 0 11 770 1538 9326 492 0 0 0 0 59 13 0 103 0 527 0 0 1220 3 0 201 70 0 0 0 0 0 0 0 0 5 232 151 0 0 1844 315 2598 14 0 3673 890 920 1710 12 198 3 0 0 0 0 24 14 1130 1222 822 8379 529 9991 1044 0 352 0 3799 
0 12 0 0 88 0 2242 0 0 0 0 0 0 0 0 0 0 0 0 0 0 0 51 0 0 0 0 0 8 0 0 51 0 40 0 0 490 0 0 0 0 0 0 0 0 0 428 0 0 357 1120 0 0 0 0 0 803 608 3673 0 622 0 0 924 0 432 0 0 0 3355 5878 526 12761 1427 22 0 0 234 0 0 0 0 0 
0 1 0 0 107 0 2689 0 0 0 0 0 0 0 222 0 0 6385 0 756 149 80 9015 4 0 0 0 0 111 15 0 15 0 61 4 0 2542 16 0 125 256 0 0 0 0 0 0 1 183 0 0 0 0 8 3314 6658 0 0 890 622 0 546 1 1 0 0 1 20 0 0 8 0 1741 139 172 0 0 2644 208 0 33 0 117 
0 0 0 0 1 0 0 0 0 0 0 0 0 0 37 0 0 558 0 22 518 776 2322 486 0 0 0 0 16 2 0 1 0 3 0 0 0 0 0 0 0 0 0 0 0 0 0 1 0 0 0 0 0 0 0 1142 0 0 920 0 546 0 1524 31 302 26 1 0 0 0 0 0 2 0 0 0 0 0 0 0 157 0 0 
0 0 0 0 0 0 0 0 0 0 0 0 0 0 0 0 0 0 0 0 0 0 0 4 0 0 0 0 0 0 0 0 0 0 0 0 0 0 0 0 0 0 0 0 0 0 0 0 0 0 0 0 0 0 0 22 0 0 1710 0 1 1524 0 49 518 12 10 0 0 0 0 0 0 0 0 0 0 0 0 0 265 0 0 
0 6 0 0 35 0 1652 0 0 0 0 0 0 0 0 0 0 0 0 0 8 726 2202 180 14 0 0 0 191 6 0 72 0 10 0 0 821 0 0 0 0 0 0 0 0 0 0 0 0 0 0 0 0 0 0 3 0 0 12 924 1 31 49 0 82 672 0 0 0 6203 3542 0 2058 0 15 0 0 5 0 0 0 0 0 
0 0 0 0 0 0 0 0 0 0 0 0 0 0 0 0 0 0 0 0 26 19 0 0 0 0 0 0 0 0 0 0 0 0 0 0 0 0 0 0 0 2 0 0 0 0 0 7 0 0 0 0 0 0 0 83 0 0 198 0 0 302 518 82 0 355 43 5 0 38 510 0 989 0 0 0 0 0 0 0 469 0 0 
0 0 0 0 0 0 0 0 0 0 0 0 0 0 0 0 0 0 0 0 3 3 0 0 0 0 0 0 0 0 0 0 0 0 0 0 0 0 0 0 0 3 0 0 0 0 0 10 0 0 0 0 0 0 0 0 0 0 3 432 0 26 12 672 355 0 85 42 0 2353 843 0 909 0 0 0 0 1 0 0 805 0 0 
0 0 0 0 0 0 0 0 0 0 0 0 0 0 0 0 0 0 0 0 2 1 0 0 0 0 0 0 0 0 0 0 0 0 0 0 0 0 0 0 0 0 0 0 0 0 0 0 0 0 0 0 0 0 0 214 0 0 0 0 1 1 10 0 43 85 0 217 0 0 0 0 0 0 0 0 0 0 0 0 14 0 0 
0 0 0 0 0 0 0 0 0 0 0 0 0 0 0 0 0 0 0 0 0 0 0 0 0 0 0 0 0 0 0 0 0 0 0 0 0 0 0 0 0 0 0 0 0 0 0 0 0 0 0 0 0 0 0 240 0 0 0 0 20 0 0 0 5 42 217 0 0 0 0 0 0 0 0 0 0 0 0 0 90 0 0 
0 0 0 0 0 0 0 0 0 0 0 0 0 0 0 0 0 0 0 0 0 0 0 0 0 0 0 0 0 0 0 0 0 0 0 0 0 0 0 0 0 383 174 0 2 56 0 573 0 0 0 0 0 0 0 0 0 0 0 0 0 0 0 0 0 0 0 0 0 0 0 0 0 0 398 340 0 1020 392 0 595 225 0 
0 0 0 0 0 0 0 0 0 0 0 0 0 0 0 0 0 0 0 0 0 0 0 0 0 0 0 0 0 0 0 0 0 0 0 0 0 0 0 0 0 40 0 0 0 0 0 73 0 0 0 0 0 0 0 0 0 0 0 3355 0 0 0 6203 38 2353 0 0 0 0 721 0 71 0 0 189 0 132 15 0 599 0 0 
0 0 0 0 0 0 156 0 0 0 0 0 0 0 0 0 0 0 0 0 0 0 0 0 1 0 0 0 38 0 0 1 0 0 0 0 285 0 0 2 0 158 641 0 0 301 796 1049 0 98 8588 0 0 0 0 0 1814 1437 24 5878 8 0 0 3542 510 843 0 0 0 721 0 2 395 0 35 174 0 345 21 0 165 0 0 
0 0 0 0 0 0 0 0 0 0 0 0 0 0 0 0 0 0 0 0 0 0 0 0 0 0 0 0 0 0 0 0 0 0 0 0 0 0 0 0 0 0 0 0 0 0 750 0 0 1 6019 0 0 0 0 0 3356 9658 14 526 0 0 0 0 0 0 0 0 0 0 2 0 1075 0 22 0 0 0 0 0 0 0 0 
0 0 0 0 0 0 468 0 0 0 0 0 0 0 0 0 0 0 0 0 0 80 0 43 0 0 0 0 75 0 0 0 0 0 0 0 2392 0 0 60 0 39 843 0 0 1720 709 2048 0 0 1411 0 0 0 0 0 172 2087 1130 12761 1741 2 0 2058 989 909 0 0 0 71 395 1075 0 149 197 1 12 405 0 0 0 0 0 
0 0 0 0 0 0 2 0 0 0 0 0 0 0 0 0 0 0 0 0 0 0 0 0 0 0 0 0 0 0 0 0 0 0 0 0 69 0 0 0 0 0 0 0 0 0 134 0 0 0 64 0 0 0 0 0 25 0 1222 1427 139 0 0 0 0 0 0 0 0 0 0 0 149 0 123 0 0 5 0 0 0 0 0 
305 0 0 13 0 0 23 0 0 0 0 16 0 0 0 0 0 0 0 0 0 121 0 76 0 0 0 0 240 0 0 5 0 0 0 0 417 0 0 99 0 2774 2356 0 0 5435 896 1542 434 54 2278 0 77 0 0 0 579 55 822 22 172 0 0 15 0 0 0 0 398 0 35 22 197 123 0 0 3 110 0 2 0 0 0 
0 0 0 0 0 0 0 0 0 0 0 0 0 0 0 0 0 6 0 0 0 0 0 0 0 0 0 0 2 0 0 6 0 0 0 0 113 0 0 93 0 0 0 0 0 5 0 683 10071 1882 15391 0 0 0 0 0 1636 0 8379 0 0 0 0 0 0 0 0 0 340 189 174 0 1 0 0 0 172 294 30 0 113 184 1354 
21 0 0 0 0 0 3 0 0 0 0 0 0 0 0 0 0 0 0 0 0 0 0 0 0 0 0 0 0 0 0 0 0 0 0 0 0 0 0 0 0 12 0 0 0 124 0 15588 2434 26 1694 1 15 0 0 0 732 0 529 0 0 0 0 0 0 0 0 0 0 0 0 0 12 0 3 172 0 290 13 0 0 0 57 
0 0 0 0 0 0 22 0 0 0 0 0 0 0 0 0 0 142 0 9 0 46 0 17 5 0 0 0 239 0 0 3 0 0 0 0 2536 17 0 524 272 59 426 0 0 3201 1321 9786 5846 1703 14188 0 2 0 0 0 4451 0 9991 234 2644 0 0 5 0 1 0 0 1020 132 345 0 405 5 110 294 290 0 2 0 22 0 1749 
0 0 0 0 0 0 0 0 0 0 0 0 0 0 0 0 0 1 0 0 0 0 0 0 1 0 0 0 1 0 0 0 0 0 0 0 12 0 0 61 12 2 0 0 0 30 0 646 14 0 654 0 0 0 0 0 41 0 1044 0 208 0 0 0 0 0 0 0 392 15 21 0 0 0 0 30 13 2 0 0 0 0 1223 
5 0 0 0 0 0 0 0 0 0 0 0 0 0 0 0 0 0 0 0 0 0 0 0 0 0 0 0 0 0 0 0 0 0 0 0 0 0 0 0 0 0 0 0 0 0 0 16 0 0 0 0 6 0 0 0 0 0 0 0 0 0 0 0 0 0 0 0 0 0 0 0 0 0 2 0 0 0 0 0 0 0 0 
0 0 0 0 0 0 0 0 0 0 0 0 0 0 0 0 0 0 0 0 18 13 0 0 0 0 0 0 0 0 0 0 0 0 0 0 0 1 0 3 0 0 0 0 0 0 0 0 0 0 6 0 0 0 0 66 16 0 352 0 33 157 265 0 469 805 14 90 595 599 165 0 0 0 0 113 0 22 0 0 0 1 0 
0 0 0 0 0 0 0 0 0 0 0 0 0 0 0 0 0 0 0 0 0 0 0 0 0 0 0 0 0 0 0 0 0 0 0 0 0 0 0 0 0 0 0 0 0 0 0 0 0 0 0 0 0 0 0 0 0 0 0 0 0 0 0 0 0 0 0 0 225 0 0 0 0 0 0 184 0 0 0 0 1 0 0 
0 0 0 0 0 0 139 1775 34 6567 0 0 0 0 0 3625 0 2017 0 14 0 0 0 0 0 0 0 0 2 0 0 1 0 0 123 379 2771 3408 0 38 0 0 0 0 0 5 0 136 437 6 9790 0 0 0 0 0 380 0 3799 0 117 0 0 0 0 0 0 0 0 0 0 0 0 0 0 1354 57 1749 1223 0 0 0 0 
