0 2992 373 280 84 0 5771 0 0 0 0 233 0 0 0 0 0 0 0 0 0 0 0 0 0 0 0 1 0 0 0 15 0 2255 0 0 0 0 0 0 0 0 0 0 0 0 0 0 0 0 0 0 0 0 0 0 0 0 0 0 0 0 0 0 0 0 0 0 0 0 0 0 0 0 0 0 0 0 0 0 0 0 0 
2992 0 0 0 0 0 30 0 0 0 0 0 0 0 0 0 0 0 0 0 0 0 0 0 0 0 0 898 0 0 0 1051 0 4375 0 6 1074 6 0 0 0 0 0 0 0 0 0 0 0 0 0 0 0 0 0 0 0 0 0 0 0 0 0 0 0 0 0 0 0 0 0 0 0 0 0 0 0 0 0 0 0 0 0 
373 0 0 339 0 0 3 0 0 0 0 1172 0 0 0 0 0 0 0 0 0 0 0 0 0 0 0 0 0 0 0 0 0 1 0 56 0 0 53 0 0 0 0 134 0 0 0 393 708 0 0 0 141 0 0 0 0 0 0 0 0 0 0 0 0 0 0 0 0 0 0 0 0 0 0 0 0 0 0 0 0 0 0 
280 0 339 0 0 0 86 571 0 0 0 160 7 0 0 0 0 0 0 0 0 0 0 0 0 0 0 0 0 0 0 0 0 0 1 0 0 0 0 0 0 0 0 0 0 0 0 5 8 0 0 0 54 0 0 0 0 0 0 0 0 0 0 0 0 0 0 0 0 0 0 0 0 0 0 0 0 0 0 0 0 0 0 
84 0 0 0 0 0 3 943 363 0 0 0 0 0 0 0 0 0 0 0 0 0 0 0 0 0 0 37 0 0 0 371 0 5839 0 0 90 7 0 0 0 0 0 0 0 0 0 0 0 0 0 0 0 0 0 0 0 0 0 0 0 0 0 0 0 0 0 0 0 0 0 0 0 0 0 0 0 0 0 0 0 0 0 
0 0 0 0 0 0 0 2186 4725 1715 0 0 0 0 0 39 16 0 0 0 0 0 0 0 0 0 0 0 0 0 0 0 0 1367 0 0 1 0 0 0 0 0 0 0 0 0 0 0 0 0 0 0 0 0 0 0 0 0 0 0 0 0 0 0 0 0 0 0 0 0 0 0 0 0 0 0 0 0 0 0 0 0 0 
5771 30 3 86 3 0 0 1855 2239 0 0 1197 726 0 0 0 0 0 0 0 0 0 0 0 0 0 0 898 0 0 0 1976 0 3977 160 10629 4946 507 304 0 0 0 0 120 0 0 0 5518 5567 0 0 0 1 3 0 0 0 0 0 0 0 0 0 0 0 0 0 0 0 0 0 0 0 0 1 0 19 10 1 0 0 0 0 
0 0 0 571 943 2186 1855 0 814 160 610 433 20970 6657 0 9 14 118 0 1 0 0 1 4 46 0 0 0 0 0 0 140 0 2125 5748 3827 6456 611 6 22 0 0 0 0 0 5 0 309 16614 0 4114 28 0 50 2 0 0 0 0 0 0 0 0 0 0 0 0 0 0 0 0 0 0 0 194 6 2 143 5 0 0 0 54 
0 0 0 0 363 4725 2239 814 0 4762 0 0 0 0 0 420 181 0 0 0 0 0 0 0 0 0 0 0 0 0 0 1 0 343 381 44 643 88 0 0 0 0 0 0 0 0 0 0 0 0 0 0 0 0 0 0 0 0 0 0 0 0 0 0 0 0 0 0 0 0 0 0 0 0 0 0 0 0 0 0 0 0 5 
0 0 0 0 0 1715 0 160 4762 0 1 0 0 778 0 3236 3618 227 0 46 0 0 0 0 0 0 0 0 0 0 444 139 0 4448 16165 769 6806 0 0 122 0 0 0 0 0 0 0 0 143 0 7449 1871 0 0 0 0 0 0 0 0 0 0 0 0 0 0 0 0 0 0 0 0 0 0 0 0 0 0 0 0 0 0 2064 
0 0 0 0 0 0 0 610 0 1 0 0 0 4038 0 97 0 5 0 642 0 0 0 0 0 0 0 0 0 0 0 0 0 0 10 1 0 0 0 0 0 0 0 0 0 0 0 0 3 0 3073 427 0 0 0 0 0 0 0 0 0 0 0 0 0 0 0 0 0 0 0 0 0 0 0 0 0 0 0 0 0 0 0 
233 0 1172 160 0 0 1197 433 0 0 0 0 29 0 0 0 0 0 0 0 0 0 0 0 0 0 0 0 0 0 0 0 0 0 0 186 0 0 4 0 0 0 0 5 40 0 0 425 378 0 0 0 0 0 0 0 0 0 0 0 0 0 0 0 0 0 0 0 0 0 0 0 0 0 0 0 1 0 0 0 0 0 0 
0 0 0 7 0 0 726 20970 0 0 0 29 0 5 0 0 0 0 0 0 0 0 0 0 0 0 0 0 0 0 0 0 0 0 0 7 0 0 1 0 0 0 0 0 0 0 0 11 1775 0 0 0 0 5 0 0 0 0 0 0 0 0 0 0 0 0 0 0 0 0 0 0 0 0 0 0 0 0 0 0 0 0 0 
0 0 0 0 0 0 0 6657 0 778 4038 0 5 0 696 10 0 2655 0 9635 0 0 0 0 0 0 0 0 2 3 29 0 0 0 915 127 420 0 0 0 0 0 0 0 0 0 0 0 172 0 98 805 0 0 2 0 44 0 174 0 178 0 0 0 0 0 0 0 0 0 0 0 0 0 0 40 5 0 0 0 0 0 60 
0 0 0 0 0 0 0 0 0 0 0 0 0 696 0 0 0 85 0 3788 74 1 0 6 3 1 0 0 0 0 0 0 0 1 0 0 0 0 0 133 0 0 0 0 0 0 0 0 0 0 0 0 0 0 15 0 0 0 1 0 459 209 27 0 126 0 0 0 0 0 0 0 0 0 0 0 0 1 0 0 3 0 0 
0 0 0 0 0 39 0 9 420 3236 97 0 0 10 0 0 3682 8 693 31 0 0 0 0 0 0 0 0 83 253 3786 53 0 1566 343 13 6555 0 0 17 0 0 0 0 0 0 0 0 0 0 9 15 0 0 0 0 0 0 0 0 0 0 0 0 0 0 0 0 0 0 0 0 0 0 0 1 0 0 0 0 0 0 71 
0 0 0 0 0 16 0 14 181 3618 0 0 0 0 0 3682 0 235 534 0 0 0 0 0 0 0 0 0 101 65 5451 152 0 2287 0 0 1233 0 0 0 0 0 0 0 0 0 0 0 0 0 0 0 0 0 0 0 0 0 0 0 0 0 0 0 0 0 0 0 0 0 0 0 0 0 2 106 12 11 0 0 3 0 11 
0 0 0 0 0 0 0 118 0 227 5 0 0 2655 85 8 235 0 7169 104 188 1041 1593 64 2626 0 0 0 516 1102 1479 2227 3 100 9335 685 4827 0 0 2 0 0 0 0 0 0 0 0 0 0 5 29 0 0 0 0 22 0 2916 0 555 2064 4362 1407 12 0 0 0 0 65 13 0 1099 771 1205 289 2 4904 507 0 50 0 1672 
0 0 0 0 0 0 0 0 0 0 0 0 0 0 0 693 534 7169 0 38 0 13 40 0 96 0 0 0 6105 3219 1681 317 97 68 0 0 8 0 0 0 0 0 0 0 0 0 0 0 0 0 0 0 0 0 0 0 0 0 0 0 0 0 0 0 0 0 0 0 0 0 0 0 107 37 82 508 0 960 2 0 11 0 118 
0 0 0 0 0 0 0 1 0 46 642 0 0 9635 3788 31 0 104 38 0 279 10 0 0 0 1 0 0 7 12 43 69 1 0 267 5 129 0 0 47 0 0 0 0 0 0 0 0 0 0 7 16 0 0 44 216 34 5 3674 178 7859 1155 1361 4364 20 0 0 0 0 137 42 0 2298 1290 1258 313 0 3231 244 0 70 0 144 
0 0 0 0 0 0 0 0 0 0 0 0 0 0 74 0 0 188 0 279 0 220 602 10 21 0 0 0 1 59 0 483 70 127 0 0 4 0 0 0 0 0 0 0 0 0 0 0 0 0 0 0 0 0 0 0 0 0 215 0 304 1043 619 435 1 0 0 0 0 0 0 0 0 0 7 0 0 16 2 0 0 0 0 
0 0 0 0 0 0 0 0 0 0 0 0 0 0 1 0 0 1041 13 10 220 0 92 87 1 0 0 0 1852 404 20 2641 1582 875 0 0 12 0 0 0 0 0 0 0 0 0 0 0 0 0 0 0 0 0 0 0 0 0 9 0 0 12 214 9 1 0 0 0 0 0 0 0 1 0 14 2 0 27 2 0 0 0 0 
0 0 0 0 0 0 0 1 0 0 0 0 0 0 0 0 0 1593 40 0 602 92 0 37 2752 0 0 0 893 825 42 6477 1125 518 0 0 7 0 0 7 0 0 0 0 0 0 0 0 0 0 0 0 0 0 0 0 0 0 0 0 0 0 79 32 0 0 0 0 0 0 0 0 2 1 14 1 0 50 5 0 0 0 0 
0 0 0 0 0 0 0 4 0 0 0 0 0 0 6 0 0 64 0 0 10 87 37 0 79 0 0 0 2191 477 74 4011 898 381 0 0 1 0 0 23 0 0 0 0 0 0 0 0 0 0 0 0 0 0 0 0 0 0 0 0 0 0 127 4 0 0 0 0 0 0 0 0 0 0 1 0 0 0 0 0 0 0 0 
0 0 0 0 0 0 0 46 0 0 0 0 0 0 3 0 0 2626 96 0 21 1 2752 79 0 42 5 1 19 405 0 3987 10 254 111 0 22 0 0 450 0 0 0 0 0 0 0 0 0 0 0 0 0 0 0 0 0 0 0 0 0 0 0 0 0 0 0 0 0 0 0 0 0 0 2 1 0 2 1 0 0 0 0 
0 0 0 0 0 0 0 0 0 0 0 0 0 0 1 0 0 0 0 1 0 0 0 0 42 0 0 0 80 3 0 146 0 0 9 0 5 0 0 188 0 0 0 0 0 0 0 0 0 0 0 0 0 0 0 0 0 0 0 0 0 0 0 0 0 0 0 0 0 0 0 0 0 0 0 0 0 0 0 0 0 0 0 
0 0 0 0 0 0 0 0 0 0 0 0 0 0 0 0 0 0 0 0 0 0 0 0 5 0 0 28 2 0 0 0 0 0 0 0 0 0 0 0 0 0 0 0 0 0 0 0 0 0 0 0 0 0 0 0 0 0 0 0 0 0 0 0 0 0 0 0 0 0 0 0 0 0 0 0 0 0 0 0 0 0 0 
1 898 0 0 37 0 898 0 0 0 0 0 0 0 0 0 0 0 0 0 0 0 0 0 1 0 28 0 6 0 0 0 0 9 0 0 1253 33 0 359 142 0 0 0 0 0 0 0 0 0 0 0 0 0 0 0 0 0 0 0 0 0 0 0 0 0 0 0 0 0 0 0 0 0 0 0 0 0 0 0 0 0 0 
0 0 0 0 0 0 0 0 0 0 0 0 0 2 0 83 101 516 6105 7 1 1852 893 2191 19 80 2 6 0 1979 6 835 152 107 0 0 9 0 0 814 0 0 0 0 0 0 0 0 0 0 0 0 0 0 0 0 0 0 0 0 0 0 0 0 0 0 0 0 0 0 0 0 23 16 43 60 0 295 42 0 18 0 14 
0 0 0 0 0 0 0 0 0 0 0 0 0 3 0 253 65 1102 3219 12 59 404 825 477 405 3 0 0 1979 0 190 372 80 63 0 0 23 0 0 330 0 0 0 0 0 0 0 0 0 0 0 0 0 0 0 0 0 0 0 0 1 0 0 0 0 0 0 0 0 0 0 0 7 5 20 35 0 128 43 0 23 0 6 
0 0 0 0 0 0 0 0 0 444 0 0 0 29 0 3786 5451 1479 1681 43 0 20 42 74 0 0 0 0 6 190 0 657 0 37 0 0 306 0 0 0 0 0 0 0 0 0 0 0 0 0 0 0 0 0 0 0 0 0 0 0 1 0 0 0 0 0 0 0 0 0 0 0 0 0 0 19 0 2 0 0 0 0 3 
15 1051 0 0 371 0 1976 140 1 139 0 0 0 0 0 53 152 2227 317 69 483 2641 6477 4011 3987 146 0 0 835 372 657 0 248 147 5 0 2113 6 0 994 87 0 0 0 0 0 0 0 0 0 0 0 0 0 0 0 0 0 0 0 0 0 0 0 0 0 0 0 0 0 0 0 1 2 25 58 0 89 39 0 13 0 4 
0 0 0 0 0 0 0 0 0 0 0 0 0 0 0 0 0 3 97 1 70 1582 1125 898 10 0 0 0 152 80 0 248 0 6 0 0 0 0 0 0 0 0 0 0 0 0 0 0 0 0 0 0 0 0 0 0 0 0 0 0 1 0 0 0 0 0 0 0 0 0 0 0 0 0 2 137 5 33 0 0 5 0 9 
2255 4375 1 0 5839 1367 3977 2125 343 4448 0 0 0 0 1 1566 2287 100 68 0 127 875 518 381 254 0 0 9 107 63 37 147 6 0 18 0 287 0 2 9 0 0 0 0 0 0 0 0 0 0 0 0 0 0 0 0 0 0 0 0 1 0 0 0 0 0 0 0 0 0 0 0 11 5 26 936 31 423 8 0 50 0 62 
0 0 0 1 0 0 160 5748 381 16165 10 0 0 915 0 343 0 9335 0 267 0 0 0 0 111 9 0 0 0 0 0 5 0 18 0 188 103 166 0 63 119 0 0 0 0 0 0 0 0 0 2 4 0 0 116 0 7 0 403 0 228 0 0 0 0 0 0 0 0 0 0 0 0 0 0 3451 151 0 0 0 0 0 831 
0 6 56 0 0 0 10629 3827 44 769 1 186 7 127 0 13 0 685 0 5 0 0 0 0 0 0 0 0 0 0 0 0 0 0 188 0 1 0 2 0 0 0 0 0 0 0 0 69 23 0 13 50 0 0 0 0 22 0 372 0 144 0 0 0 0 0 0 0 0 0 0 0 0 0 0 70 25 0 0 0 0 0 0 
0 1074 0 0 90 1 4946 6456 643 6806 0 0 0 420 0 6555 1233 4827 8 129 4 12 7 1 22 5 0 1253 9 23 306 2113 0 287 103 1 0 8 0 113 29 0 0 0 0 0 0 1 0 0 0 0 0 0 37 0 0 0 0 0 0 0 0 0 0 0 0 0 0 0 0 0 2 6 16 5454 302 384 16 0 82 0 1536 
0 6 0 0 7 0 507 611 88 0 0 0 0 0 0 0 0 0 0 0 0 0 0 0 0 0 0 33 0 0 0 6 0 0 166 0 8 0 0 18 0 0 0 0 0 0 0 0 0 0 0 0 0 0 0 0 0 0 0 0 0 0 0 0 0 0 0 0 0 0 0 0 0 0 0 0 0 0 0 0 0 0 0 
0 0 53 0 0 0 304 6 0 0 0 4 1 0 0 0 0 0 0 0 0 0 0 0 0 0 0 0 0 0 0 0 0 2 0 2 0 0 0 0 0 0 0 0 0 0 0 1 0 0 0 0 0 0 0 0 0 0 0 0 0 0 0 0 0 0 0 0 0 0 0 0 0 0 0 0 0 0 0 0 0 0 0 
0 0 0 0 0 0 0 22 0 122 0 0 0 0 133 17 0 2 0 47 0 0 7 23 450 188 0 359 814 330 0 994 0 9 63 0 113 18 0 0 0 0 0 0 0 0 0 0 0 0 0 0 0 0 0 0 0 0 0 0 0 0 0 0 2 0 0 0 0 0 0 0 0 0 0 31 1 0 1 0 172 0 0 
0 0 0 0 0 0 0 0 0 0 0 0 0 0 0 0 0 0 0 0 0 0 0 0 0 0 0 142 0 0 0 87 0 0 119 0 29 0 0 0 0 0 0 0 0 0 0 0 0 0 0 0 0 0 0 0 0 0 0 0 0 0 0 0 0 0 0 0 0 0 0 0 0 0 0 0 0 0 0 0 0 0 0 
0 0 0 0 0 0 0 0 0 0 0 0 0 0 0 0 0 0 0 0 0 0 0 0 0 0 0 0 0 0 0 0 0 0 0 0 0 0 0 0 0 0 1898 0 246 349 0 9849 0 0 0 0 357 0 0 0 0 0 0 0 0 0 0 0 0 0 0 0 0 0 0 0 0 0 63 0 19 0 0 153 0 0 0 
0 0 0 0 0 0 0 0 0 0 0 0 0 0 0 0 0 0 0 0 0 0 0 0 0 0 0 0 0 0 0 0 0 0 0 0 0 0 0 0 0 1898 0 0 0 2 0 12 0 0 0 0 0 0 0 0 0 0 0 0 0 0 0 0 0 0 0 0 0 0 0 0 0 0 581 0 0 0 0 0 0 0 0 
0 0 134 0 0 0 120 0 0 0 0 5 0 0 0 0 0 0 0 0 0 0 0 0 0 0 0 0 0 0 0 0 0 0 0 0 0 0 0 0 0 0 0 0 3 0 0 0 0 0 0 0 50 0 0 0 0 0 0 0 0 0 0 0 0 0 0 0 0 0 0 0 0 0 0 0 174 16 0 1 0 0 0 
0 0 0 0 0 0 0 0 0 0 0 40 0 0 0 0 0 0 0 0 0 0 0 0 0 0 0 0 0 0 0 0 0 0 0 0 0 0 0 0 0 246 0 3 0 0 0 174 91 0 0 0 69 0 0 0 0 0 0 0 0 0 0 0 0 0 0 0 0 0 0 0 0 0 98 13 0 2 0 0 0 0 0 
0 0 0 0 0 0 0 5 0 0 0 0 0 0 0 0 0 0 0 0 0 0 0 0 0 0 0 0 0 0 0 0 0 0 0 0 0 0 0 0 0 349 2 0 0 0 110 1 1007 0 0 0 0 0 0 0 0 0 0 0 0 0 0 0 0 0 0 0 0 0 0 0 0 0 6371 0 0 0 0 0 0 0 0 
0 0 0 0 0 0 0 0 0 0 0 0 0 0 0 0 0 0 0 0 0 0 0 0 0 0 0 0 0 0 0 0 0 0 0 0 0 0 0 0 0 0 0 0 0 110 0 0 11542 1486 299 0 0 0 0 0 0 0 0 0 0 0 0 0 0 0 0 0 0 0 0 0 0 0 754 0 0 0 0 0 0 0 0 
0 0 393 5 0 0 5518 309 0 0 0 425 11 0 0 0 0 0 0 0 0 0 0 0 0 0 0 0 0 0 0 0 0 0 0 69 1 0 1 0 0 9849 12 0 174 1 0 0 4828 421 0 0 485 0 0 0 0 0 0 0 0 0 0 0 0 0 0 0 0 0 0 0 3 0 9503 0 5887 4476 808 704 0 0 0 
0 0 708 8 0 0 5567 16614 0 143 3 378 1775 172 0 0 0 0 0 0 0 0 0 0 0 0 0 0 0 0 0 0 0 0 0 23 0 0 0 0 0 0 0 0 91 1007 11542 4828 0 1167 3699 551 233 3777 1463 0 0 0 0 0 0 0 0 0 0 0 0 0 0 0 0 0 0 0 5403 4488 3126 5407 188 1 0 0 0 
0 0 0 0 0 0 0 0 0 0 0 0 0 0 0 0 0 0 0 0 0 0 0 0 0 0 0 0 0 0 0 0 0 0 0 0 0 0 0 0 0 0 0 0 0 0 1486 421 1167 0 575 0 0 0 0 0 0 0 0 0 0 0 0 0 0 0 0 0 0 0 0 0 0 0 0 0 0 0 0 0 0 0 0 
0 0 0 0 0 0 0 4114 0 7449 3073 0 0 98 0 9 0 5 0 7 0 0 0 0 0 0 0 0 0 0 0 0 0 0 2 13 0 0 0 0 0 0 0 0 0 0 299 0 3699 575 0 91 0 0 316 0 1717 3951 246 0 0 0 0 0 0 0 0 0 0 0 87 9 225 238 7324 9935 1994 13906 2 0 2471 0 2094 
0 0 0 0 0 0 0 28 0 1871 427 0 0 805 0 15 0 29 0 16 0 0 0 0 0 0 0 0 0 0 0 0 0 0 4 50 0 0 0 0 0 0 0 0 0 0 0 0 551 0 91 0 0 0 823 0 3 0 28 0 87 0 0 0 0 0 0 0 0 0 0 0 0 0 0 1187 450 0 0 0 0 0 0 
0 0 141 54 0 0 1 0 0 0 0 0 0 0 0 0 0 0 0 0 0 0 0 0 0 0 0 0 0 0 0 0 0 0 0 0 0 0 0 0 0 357 0 50 69 0 0 485 233 0 0 0 0 0 0 0 0 0 0 0 0 0 0 0 0 0 0 0 0 0 0 0 0 0 0 0 0 0 0 0 0 0 0 
0 0 0 0 0 0 3 50 0 0 0 0 5 0 0 0 0 0 0 0 0 0 0 0 0 0 0 0 0 0 0 0 0 0 0 0 0 0 0 0 0 0 0 0 0 0 0 0 3777 0 0 0 0 0 10 0 0 0 0 0 0 0 0 0 0 0 0 0 0 0 0 0 0 0 0 0 0 0 0 0 0 0 0 
0 0 0 0 0 0 0 2 0 0 0 0 0 2 15 0 0 0 0 44 0 0 0 0 0 0 0 0 0 0 0 0 0 0 116 0 37 0 0 0 0 0 0 0 0 0 0 0 1463 0 316 823 0 10 0 262 0 0 383 0 4304 0 0 0 0 0 0 0 0 0 0 0 0 0 5 1727 11 454 0 0 35 0 189 
0 0 0 0 0 0 0 0 0 0 0 0 0 0 0 0 0 0 0 216 0 0 0 0 0 0 0 0 0 0 0 0 0 0 0 0 0 0 0 0 0 0 0 0 0 0 0 0 0 0 0 0 0 0 262 0 0 0 0 0 3134 53 2 0 2 3 0 0 0 0 0 0 41 68 33 16 0 117 0 0 465 0 18 
0 0 0 0 0 0 0 0 0 0 0 0 0 44 0 0 0 22 0 34 0 0 0 0 0 0 0 0 0 0 0 0 0 0 7 22 0 0 0 0 0 0 0 0 0 0 0 0 0 0 1717 3 0 0 0 0 0 4471 18 10 16 0 0 0 0 0 0 0 0 211 5277 614 667 159 1122 237 36 5541 0 0 249 0 295 
0 0 0 0 0 0 0 0 0 0 0 0 0 0 0 0 0 0 0 5 0 0 0 0 0 0 0 0 0 0 0 0 0 0 0 0 0 0 0 0 0 0 0 0 0 0 0 0 0 0 3951 0 0 0 0 0 4471 0 2554 285 358 0 0 0 0 0 0 0 0 928 7577 2683 703 7 343 0 0 372 0 0 0 0 0 
0 0 0 0 0 0 0 0 0 0 0 0 0 174 1 0 0 2916 0 3674 215 9 0 0 0 0 0 0 0 0 0 0 0 0 403 372 0 0 0 0 0 0 0 0 0 0 0 0 0 0 246 28 0 0 383 0 18 2554 0 8628 3823 28 152 100 0 41 0 0 0 2629 2764 1 5275 883 1380 6604 694 6085 2 0 908 0 1705 
0 0 0 0 0 0 0 0 0 0 0 0 0 0 0 0 0 0 0 178 0 0 0 0 0 0 0 0 0 0 0 0 0 0 0 0 0 0 0 0 0 0 0 0 0 0 0 0 0 0 0 0 0 0 0 0 10 285 8628 0 82 0 0 1054 0 32 0 0 0 6297 6829 546 1196 0 53 1 0 0 0 0 0 0 0 
0 0 0 0 0 0 0 0 0 0 0 0 0 178 459 0 0 555 0 7859 304 0 0 0 0 0 0 0 0 1 1 0 1 1 228 144 0 0 0 0 0 0 0 0 0 0 0 0 0 0 0 87 0 0 4304 3134 16 358 3823 82 0 377 6 80 13 0 0 0 0 6 173 0 1094 550 634 4518 682 2927 0 0 356 0 606 
0 0 0 0 0 0 0 0 0 0 0 0 0 0 209 0 0 2064 0 1155 1043 12 0 0 0 0 0 0 0 0 0 0 0 0 0 0 0 0 0 0 0 0 0 0 0 0 0 0 0 0 0 0 0 0 0 53 0 0 28 0 377 0 503 627 6 0 0 0 0 0 0 0 0 0 0 0 0 0 0 0 2 0 0 
0 0 0 0 0 0 0 0 0 0 0 0 0 0 27 0 0 4362 0 1361 619 214 79 127 0 0 0 0 0 0 0 0 0 0 0 0 0 0 0 0 0 0 0 0 0 0 0 0 0 0 0 0 0 0 0 2 0 0 152 0 6 503 0 372 85 0 0 0 0 0 1 0 43 142 167 0 0 35 0 0 0 0 0 
0 0 0 0 0 0 0 0 0 0 0 0 0 0 0 0 0 1407 0 4364 435 9 32 4 0 0 0 0 0 0 0 0 0 0 0 0 0 0 0 0 0 0 0 0 0 0 0 0 0 0 0 0 0 0 0 0 0 0 100 1054 80 627 372 0 86 1547 0 0 0 479 331 0 2272 1546 833 3 0 147 0 0 8 0 0 
0 0 0 0 0 0 0 0 0 0 0 0 0 0 126 0 0 12 0 20 1 1 0 0 0 0 0 0 0 0 0 0 0 0 0 0 0 0 0 2 0 0 0 0 0 0 0 0 0 0 0 0 0 0 0 2 0 0 0 0 13 6 85 86 0 57 1 0 1 5 1 0 2173 108 453 1 0 23 0 0 118 0 0 
0 0 0 0 0 0 0 0 0 0 0 0 0 0 0 0 0 0 0 0 0 0 0 0 0 0 0 0 0 0 0 0 0 0 0 0 0 0 0 0 0 0 0 0 0 0 0 0 0 0 0 0 0 0 0 3 0 0 41 32 0 0 0 1547 57 0 32 1 46 993 197 0 7626 0 44 167 0 224 0 0 247 0 0 
0 0 0 0 0 0 0 0 0 0 0 0 0 0 0 0 0 0 0 0 0 0 0 0 0 0 0 0 0 0 0 0 0 0 0 0 0 0 0 0 0 0 0 0 0 0 0 0 0 0 0 0 0 0 0 0 0 0 0 0 0 0 0 0 1 32 0 0 4 10 0 0 0 0 0 0 0 2 0 0 102 0 0 
0 0 0 0 0 0 0 0 0 0 0 0 0 0 0 0 0 0 0 0 0 0 0 0 0 0 0 0 0 0 0 0 0 0 0 0 0 0 0 0 0 0 0 0 0 0 0 0 0 0 0 0 0 0 0 0 0 0 0 0 0 0 0 0 0 1 0 0 7 0 0 0 0 0 0 0 0 0 0 0 0 0 0 
0 0 0 0 0 0 0 0 0 0 0 0 0 0 0 0 0 0 0 0 0 0 0 0 0 0 0 0 0 0 0 0 0 0 0 0 0 0 0 0 0 0 0 0 0 0 0 0 0 0 0 0 0 0 0 0 0 0 0 0 0 0 0 0 1 46 4 7 0 1 0 0 0 0 2 2 0 96 146 0 686 46 0 
0 0 0 0 0 0 0 0 0 0 0 0 0 0 0 0 0 65 0 137 0 0 0 0 0 0 0 0 0 0 0 0 0 0 0 0 0 0 0 0 0 0 0 0 0 0 0 0 0 0 0 0 0 0 0 0 211 928 2629 6297 6 0 0 479 5 993 10 0 1 0 711 0 3350 264 51 0 0 55 0 0 17 0 0 
0 0 0 0 0 0 0 0 0 0 0 0 0 0 0 0 0 13 0 42 0 0 0 0 0 0 0 0 0 0 0 0 0 0 0 0 0 0 0 0 0 0 0 0 0 0 0 0 0 0 87 0 0 0 0 0 5277 7577 2764 6829 173 0 1 331 1 197 0 0 0 711 0 3 328 79 8 0 0 22 0 0 261 0 0 
0 0 0 0 0 0 0 0 0 0 0 0 0 0 0 0 0 0 0 0 0 0 0 0 0 0 0 0 0 0 0 0 0 0 0 0 0 0 0 0 0 0 0 0 0 0 0 0 0 0 9 0 0 0 0 0 614 2683 1 546 0 0 0 0 0 0 0 0 0 0 3 0 414 0 0 0 0 0 0 0 0 0 0 
0 0 0 0 0 0 0 0 0 0 0 0 0 0 0 0 0 1099 107 2298 0 1 2 0 0 0 0 0 23 7 0 1 0 11 0 0 2 0 0 0 0 0 0 0 0 0 0 3 0 0 225 0 0 0 0 41 667 703 5275 1196 1094 0 43 2272 2173 7626 0 0 0 3350 328 414 0 392 73 0 0 215 8 0 342 0 0 
0 0 0 0 0 0 0 0 0 0 0 0 0 0 0 0 0 771 37 1290 0 0 1 0 0 0 0 0 16 5 0 2 0 5 0 0 6 0 0 0 0 0 0 0 0 0 0 0 0 0 238 0 0 0 0 68 159 7 883 0 550 0 142 1546 108 0 0 0 0 264 79 0 392 0 1 0 0 0 0 0 0 0 0 
0 0 0 0 0 0 1 194 0 0 0 0 0 0 0 0 2 1205 82 1258 7 14 14 1 2 0 0 0 43 20 0 25 2 26 0 0 16 0 0 0 0 63 581 0 98 6371 754 9503 5403 0 7324 0 0 0 5 33 1122 343 1380 53 634 0 167 833 453 44 0 0 2 51 8 0 73 1 0 161 0 212 1 69 8 0 0 
0 0 0 0 0 0 0 6 0 0 0 0 0 40 0 1 106 289 508 313 0 2 1 0 1 0 0 0 60 35 19 58 137 936 3451 70 5454 0 0 31 0 0 0 0 13 0 0 0 4488 0 9935 1187 0 0 1727 16 237 0 6604 1 4518 0 0 3 1 167 0 0 2 0 0 0 0 0 161 0 45 372 61 26 79 0 1412 
0 0 0 0 0 0 19 2 0 0 0 1 0 5 0 0 12 2 0 0 0 0 0 0 0 0 0 0 0 0 0 0 5 31 151 25 302 0 0 1 0 19 0 174 0 0 0 5887 3126 0 1994 450 0 0 11 0 36 0 694 0 682 0 0 0 0 0 0 0 0 0 0 0 0 0 0 45 0 0 20 0 0 0 81 
0 0 0 0 0 0 10 143 0 0 0 0 0 0 1 0 11 4904 960 3231 16 27 50 0 2 0 0 0 295 128 2 89 33 423 0 0 384 0 0 0 0 0 0 16 2 0 0 4476 5407 0 13906 0 0 0 454 117 5541 372 6085 0 2927 0 35 147 23 224 2 0 96 55 22 0 215 0 212 372 0 0 4 10 251 0 32 
0 0 0 0 0 0 1 5 0 0 0 0 0 0 0 0 0 507 2 244 2 2 5 0 1 0 0 0 42 43 0 39 0 8 0 0 16 0 0 1 0 0 0 0 0 0 0 808 188 0 2 0 0 0 0 0 0 0 2 0 0 0 0 0 0 0 0 0 146 0 0 0 8 0 1 61 20 4 0 0 38 0 0 
0 0 0 0 0 0 0 0 0 0 0 0 0 0 0 0 0 0 0 0 0 0 0 0 0 0 0 0 0 0 0 0 0 0 0 0 0 0 0 0 0 153 0 1 0 0 0 704 1 0 0 0 0 0 0 0 0 0 0 0 0 0 0 0 0 0 0 0 0 0 0 0 0 0 69 26 0 10 0 0 0 0 0 
0 0 0 0 0 0 0 0 0 0 0 0 0 0 3 0 3 50 11 70 0 0 0 0 0 0 0 0 18 23 0 13 5 50 0 0 82 0 0 172 0 0 0 0 0 0 0 0 0 0 2471 0 0 0 35 465 249 0 908 0 356 2 0 8 118 247 102 0 686 17 261 0 342 0 8 79 0 251 38 0 0 1 1 
0 0 0 0 0 0 0 0 0 0 0 0 0 0 0 0 0 0 0 0 0 0 0 0 0 0 0 0 0 0 0 0 0 0 0 0 0 0 0 0 0 0 0 0 0 0 0 0 0 0 0 0 0 0 0 0 0 0 0 0 0 0 0 0 0 0 0 0 46 0 0 0 0 0 0 0 0 0 0 0 1 0 0 
0 0 0 0 0 0 0 54 5 2064 0 0 0 60 0 71 11 1672 118 144 0 0 0 0 0 0 0 0 14 6 3 4 9 62 831 0 1536 0 0 0 0 0 0 0 0 0 0 0 0 0 2094 0 0 0 189 18 295 0 1705 0 606 0 0 0 0 0 0 0 0 0 0 0 0 0 0 1412 81 32 0 0 1 0 0 
