0 80 18 67 967 0 1372 9 0 1 0 1619 0 0 0 0 0 0 0 0 0 0 0 0 0 0 0 0 0 0 0 0 0 1881 2 3 0 0 23 0 0 69 0 3953 293 0 0 1598 225 0 0 0 243 0 0 0 0 0 0 0 0 0 0 0 0 0 0 0 0 0 0 0 0 0 0 0 0 0 0 52 0 0 0 
80 0 0 0 44 0 7 0 0 0 0 0 0 0 0 0 0 0 0 0 0 0 0 0 0 0 0 283 0 0 0 760 0 6982 29 83 943 256 0 0 0 0 0 0 0 0 0 0 0 0 0 0 0 0 0 0 0 0 0 0 0 0 0 0 0 0 0 0 0 0 0 0 0 0 0 0 0 0 0 0 0 0 0 
18 0 0 27 0 0 0 0 0 0 0 1209 0 0 0 0 0 0 0 0 0 0 0 0 0 0 0 0 0 0 0 0 0 209 0 0 0 0 0 0 0 0 0 661 7 0 0 306 545 0 0 0 12 0 0 0 0 0 0 0 0 0 0 0 0 0 0 0 0 0 0 0 0 0 0 0 0 0 0 5 0 0 0 
67 0 27 0 0 0 26 223 0 0 0 248 0 0 0 0 0 0 0 0 0 0 0 0 0 0 0 0 0 0 0 0 0 2 0 0 0 0 0 0 0 2 0 142 2 0 0 5 0 0 0 0 22 0 0 0 0 0 0 0 0 0 0 0 0 0 0 0 0 0 0 0 0 0 0 0 0 0 0 0 0 0 0 
967 44 0 0 0 547 383 47 1046 1 0 0 0 0 0 0 102 19 2 0 0 18 5 217 45 0 0 7 0 21 0 829 0 8060 186 144 1935 31 0 0 0 0 0 0 0 0 0 0 0 0 0 0 0 0 0 0 0 0 0 0 0 0 0 0 0 0 0 0 0 0 0 0 0 0 0 0 0 387 0 0 0 0 0 
0 0 0 0 547 0 1 0 3926 3335 0 0 0 0 0 0 5319 0 13 0 0 0 0 0 0 0 0 0 0 65 1 0 0 698 0 0 0 0 0 0 0 0 0 0 0 0 0 0 0 0 0 0 0 0 0 0 0 0 0 0 0 0 0 0 0 0 0 0 0 0 0 0 0 0 0 0 0 0 0 0 0 0 0 
1372 7 0 26 383 1 0 897 4050 0 0 545 15 0 0 0 6 1 0 0 0 1 1 10 10 0 0 1291 0 3 0 1230 0 7467 832 5688 3887 1043 123 0 0 0 0 3079 241 0 0 4024 4878 0 0 0 295 13 0 0 0 0 1 0 0 0 0 0 0 0 0 0 0 0 0 0 0 0 0 0 0 11 0 201 0 0 3 
9 0 0 223 47 0 897 0 101 22 205 5264 6322 4276 0 5 0 80 0 0 0 0 0 0 0 0 0 0 0 0 0 0 0 1056 8023 5697 7785 198 71 0 0 0 0 282 40 0 0 79 61638 0 24 4905 33 67 0 0 4 0 10 0 0 0 0 0 0 0 0 0 0 0 0 0 0 0 0 3 2 0 0 261 0 0 1208 
0 0 0 0 1046 3926 4050 101 0 5820 0 0 0 0 0 349 3149 353 983 2 4 1 11 1 0 0 0 0 0 240 6 0 0 5892 2907 1792 7832 163 0 0 0 0 0 0 0 0 0 0 0 0 0 0 0 0 0 0 0 0 0 0 0 0 0 0 0 0 0 0 0 0 0 0 0 0 0 0 0 224 0 0 0 0 1144 
1 0 0 0 1 3335 0 22 5820 0 1286 0 0 2062 0 1165 15987 167 5945 3 0 0 0 0 0 0 0 0 354 662 84 0 0 2629 19317 196 18405 2506 0 57 2 0 0 0 0 0 0 0 38 0 5624 7489 0 0 19 0 127 0 492 0 272 0 0 0 0 0 0 0 0 0 0 0 0 0 0 28 6 0 0 0 0 0 14333 
0 0 0 0 0 0 0 205 0 1286 0 1 20 1380 0 68 0 0 0 47 0 0 0 0 0 0 0 0 0 0 0 0 0 0 0 0 0 0 0 0 0 0 0 0 0 0 0 0 0 0 12 3 0 0 6 0 1 0 149 0 2 0 0 0 0 0 0 0 0 0 0 0 0 0 0 32 0 0 0 0 0 0 0 
1619 0 1209 248 0 0 545 5264 0 0 1 0 263 0 0 0 0 0 0 2 0 0 0 0 0 0 0 0 0 0 0 0 0 2 0 0 0 0 0 0 0 0 0 3 0 0 0 1 2 0 0 0 0 0 0 0 0 0 0 0 0 0 0 0 0 0 0 0 0 0 0 0 0 0 0 0 0 0 0 0 0 0 0 
0 0 0 0 0 0 15 6322 0 0 20 263 0 53 70 0 0 0 0 283 0 0 0 0 0 0 0 0 0 0 0 0 0 0 0 2 0 0 0 0 0 0 0 1 0 0 0 4 51 0 0 0 1 4 0 0 0 0 0 0 0 0 0 0 0 0 0 0 0 0 0 0 0 0 0 0 0 0 0 1 0 0 0 
0 0 0 0 0 0 0 4276 0 2062 1380 0 53 0 2820 65 0 233 0 10113 0 0 0 0 0 7 0 0 0 0 0 0 0 0 31 0 12 0 0 21 0 0 0 0 0 0 0 0 177 0 31 114 0 0 6 0 0 0 18 0 64 0 0 0 0 0 0 0 0 0 0 0 0 0 0 0 0 0 0 0 0 0 4 
0 0 0 0 0 0 0 0 0 0 0 0 70 2820 0 0 0 544 4 7076 122 0 0 0 0 18 1 0 0 0 0 0 0 0 1 0 8 0 0 60 0 0 0 0 0 0 0 0 0 0 0 0 0 0 7 0 0 0 107 1 1444 0 0 0 0 0 0 0 0 0 0 0 0 4 3 0 0 12 0 0 0 0 3 
0 0 0 0 0 0 0 5 349 1165 68 0 0 65 0 0 3469 184 3004 0 0 0 0 0 0 0 0 0 432 886 271 10 0 2856 2388 6 4739 13 0 258 0 0 0 0 0 0 0 0 0 0 12 0 0 0 4 0 32 0 660 0 187 0 0 0 0 0 0 0 0 0 0 0 0 0 0 239 1 0 0 0 0 0 1413 
0 0 0 0 102 5319 6 0 3149 15987 0 0 0 0 0 3469 0 1885 786 11 0 0 1 0 0 0 0 0 8 761 3169 92 2 6364 0 0 3 0 0 0 0 0 0 0 0 0 0 0 0 0 0 0 0 0 0 0 0 0 0 0 0 0 0 0 0 0 0 0 0 0 0 0 0 0 0 0 0 2 0 0 0 0 0 
0 0 0 0 19 0 1 80 353 167 0 0 0 233 544 184 1885 0 17611 28 114 7 942 14 2160 0 0 0 4491 5310 1545 1271 256 3326 3962 4 12340 55 0 64 7 0 0 0 0 0 0 0 0 0 0 0 0 0 1 93 1 0 2940 2 2016 142 0 215 0 0 0 0 0 0 0 0 1 8 51 85 0 2468 155 0 0 0 1482 
0 0 0 0 2 13 0 0 983 5945 0 0 0 0 4 3004 786 17611 0 23 0 2 40 1 5620 0 0 0 3508 449 38 235 0 660 0 0 1932 0 0 0 0 0 0 0 0 0 0 0 0 0 0 0 0 0 0 0 0 0 9 2 15 0 0 0 0 0 0 0 0 0 0 0 0 0 1 0 0 5 0 0 0 0 0 
0 0 0 0 0 0 0 0 2 3 47 2 283 10113 7076 0 11 28 23 0 131 0 0 15 1 438 345 6 76 123 37 20 40 152 183 0 1168 2 0 900 2 0 0 0 0 0 0 0 0 0 10 0 0 0 6 207 8 0 2251 146 2214 1582 1105 3403 2 0 0 0 0 0 0 0 0 4 17 34 0 1070 117 0 0 0 41 
0 0 0 0 0 0 0 0 4 0 0 0 0 0 122 0 0 114 0 131 0 875 20 172 0 50 0 0 19 100 0 128 9 102 1 0 1380 0 0 25 0 0 0 0 0 0 0 0 0 0 0 0 0 0 0 0 0 0 4957 26 541 804 378 3343 3 0 0 0 0 0 0 0 0 1 29 0 0 335 0 0 0 0 2 
0 0 0 0 18 0 1 0 1 0 0 0 0 0 0 0 0 7 2 0 875 0 3 268 1 0 0 0 2163 1321 0 10381 223 2310 0 0 710 0 0 0 0 0 0 0 0 0 0 8 0 0 0 0 0 0 0 0 0 0 4514 0 0 120 821 9114 9 0 0 0 0 0 0 0 43 0 1209 0 0 1155 0 0 0 0 0 
0 0 0 0 5 0 1 0 11 0 0 0 0 0 0 0 1 942 40 0 20 3 0 7 5456 0 0 0 6296 2962 1 2709 198 764 0 0 1948 0 0 0 0 0 0 0 0 0 0 0 0 0 0 0 0 0 0 0 0 0 542 0 0 1 0 197 0 0 0 0 0 0 0 0 0 0 29 0 0 113 0 0 0 0 0 
0 0 0 0 217 0 10 0 1 0 0 0 0 0 0 0 0 14 1 15 172 268 7 0 934 17 0 0 6385 428 0 4461 59 1357 0 0 277 0 0 5 0 0 0 0 0 0 0 0 0 0 0 0 0 0 0 0 0 0 104 0 0 0 46 651 10 0 0 0 0 0 0 0 23 0 189 0 0 33 0 0 0 0 0 
0 0 0 0 45 0 10 0 0 0 0 0 0 0 0 0 0 2160 5620 1 0 1 5456 934 0 38 1 194 1827 400 0 800 0 8 28 0 187 0 0 300 0 0 0 0 0 0 0 0 0 0 0 0 0 0 0 0 0 0 0 0 0 0 0 0 0 0 0 0 0 0 0 0 0 0 0 17 0 9 4 0 0 0 0 
0 0 0 0 0 0 0 0 0 0 0 0 0 7 18 0 0 0 0 438 50 0 0 17 38 0 184 30 3 0 0 2 0 0 0 0 0 0 0 232 16 0 0 0 0 0 0 0 0 0 0 0 0 0 0 0 0 0 0 0 0 0 0 0 0 0 0 0 0 0 0 0 0 0 0 0 0 0 0 0 0 0 0 
0 0 0 0 0 0 0 0 0 0 0 0 0 0 1 0 0 0 0 345 0 0 0 0 1 184 0 0 1 0 0 0 0 0 0 0 0 0 0 85 0 0 0 0 0 0 0 0 0 0 0 0 0 0 0 0 0 0 0 0 0 0 0 0 0 0 0 0 0 0 0 0 0 0 0 0 0 0 0 0 0 0 0 
0 283 0 0 7 0 1291 0 0 0 0 0 0 0 0 0 0 0 0 6 0 0 0 0 194 30 0 0 249 1 0 13 0 22 6 0 1915 3 1 94 119 0 0 0 0 0 0 0 0 0 0 0 0 0 0 0 0 0 0 0 0 0 0 0 0 0 0 0 0 0 0 0 0 0 0 0 0 0 0 0 0 0 0 
0 0 0 0 0 0 0 0 0 354 0 0 0 0 0 432 8 4491 3508 76 19 2163 6296 6385 1827 3 1 249 0 432 0 39 0 65 120 0 570 0 0 751 0 0 0 0 0 0 0 0 0 0 0 0 0 0 0 0 0 0 0 0 0 0 0 0 0 0 0 0 0 0 0 0 0 0 0 38 0 26 1 0 0 0 2 
0 0 0 0 21 65 3 0 240 662 0 0 0 0 0 886 761 5310 449 123 100 1321 2962 428 400 0 0 1 432 0 382 81 9 638 0 0 275 0 0 7 0 0 0 0 0 0 0 0 0 0 0 0 0 0 0 0 0 0 0 0 0 0 0 0 0 0 0 0 0 0 0 0 0 0 0 0 0 0 0 0 0 0 0 
0 0 0 0 0 1 0 0 6 84 0 0 0 0 0 271 3169 1545 38 37 0 0 1 0 0 0 0 0 0 382 0 704 0 262 0 0 3 0 0 0 0 0 0 0 0 0 0 0 0 0 0 0 0 0 0 0 0 0 0 0 0 0 0 0 0 0 0 0 0 0 0 0 0 0 0 0 0 1 0 0 0 0 0 
0 760 0 0 829 0 1230 0 0 0 0 0 0 0 0 10 92 1271 235 20 128 10381 2709 4461 800 2 0 13 39 81 704 0 77 1340 0 0 1249 0 0 0 0 0 0 0 0 0 0 9 0 0 0 0 0 0 0 0 0 0 0 0 0 0 0 8 0 0 0 0 0 0 0 0 63 0 631 0 0 1294 0 0 0 0 0 
0 0 0 0 0 0 0 0 0 0 0 0 0 0 0 0 2 256 0 40 9 223 198 59 0 0 0 0 0 9 0 77 0 123 0 0 0 0 0 0 0 0 0 0 0 0 0 0 0 0 0 0 0 0 0 0 0 0 0 0 0 0 0 0 0 0 0 0 0 0 0 0 0 0 0 0 0 1 0 0 0 0 0 
1881 6982 209 2 8060 698 7467 1056 5892 2629 0 2 0 0 0 2856 6364 3326 660 152 102 2310 764 1357 8 0 0 22 65 638 262 1340 123 0 41 195 44 5 26 0 0 1 0 8 3 0 0 14 0 0 0 0 9 0 0 0 0 0 382 58 175 0 0 626 0 0 0 0 0 0 0 0 82 0 743 0 0 7261 8 2 0 0 102 
2 29 0 0 186 0 832 8023 2907 19317 0 0 0 31 1 2388 0 3962 0 183 1 0 0 0 28 0 0 6 120 0 0 0 0 41 0 1454 831 26 39 93 192 0 0 0 0 0 0 3 0 0 1471 183 0 0 0 45 160 0 2728 4 2523 0 0 0 0 0 0 0 0 0 0 0 0 0 0 4827 297 4232 131 0 21 0 676 
3 83 0 0 144 0 5688 5697 1792 196 0 0 2 0 0 6 0 4 0 0 0 0 0 0 0 0 0 0 0 0 0 0 0 195 1454 0 58 9 34 0 0 0 0 0 2 0 0 53 7 0 296 19 4 0 0 0 39 0 133 0 28 0 0 0 0 0 0 0 0 0 0 0 0 0 0 549 175 8 9 0 0 0 7 
0 943 0 0 1935 0 3887 7785 7832 18405 0 0 0 12 8 4739 3 12340 1932 1168 1380 710 1948 277 187 0 0 1915 570 275 3 1249 0 44 831 58 0 8 0 24 0 0 0 0 0 0 0 0 0 0 0 0 0 0 0 11 0 0 291 215 814 0 0 3 0 0 0 0 0 0 0 0 0 12 23 93 0 10768 76 0 0 0 2885 
0 256 0 0 31 0 1043 198 163 2506 0 0 0 0 0 13 0 55 0 2 0 0 0 0 0 0 0 3 0 0 0 0 0 5 26 9 8 0 0 0 0 0 0 0 0 0 0 0 0 0 0 0 0 0 0 0 0 0 0 0 1 0 0 0 0 0 0 0 0 0 0 0 0 0 0 0 0 2 0 0 0 0 3068 
23 0 0 0 0 0 123 71 0 0 0 0 0 0 0 0 0 0 0 0 0 0 0 0 0 0 0 1 0 0 0 0 0 26 39 34 0 0 0 4 0 0 0 0 0 0 0 8 0 0 0 0 0 0 0 0 0 0 0 0 0 0 0 0 0 0 0 0 0 0 0 0 0 0 0 0 0 0 0 0 5 0 0 
0 0 0 0 0 0 0 0 0 57 0 0 0 21 60 258 0 64 0 900 25 0 0 5 300 232 85 94 751 7 0 0 0 0 93 0 24 0 4 0 32 0 0 0 0 0 0 0 0 0 0 0 0 0 0 0 0 0 0 0 3 0 0 0 0 0 0 0 0 0 0 0 0 0 0 47 0 3 5 0 94 0 3 
0 0 0 0 0 0 0 0 0 2 0 0 0 0 0 0 0 7 0 2 0 0 0 0 0 16 0 119 0 0 0 0 0 0 192 0 0 0 0 32 0 0 0 0 0 0 0 0 0 0 0 0 0 0 0 0 0 0 0 0 0 0 0 0 0 0 0 0 0 0 0 0 0 0 0 0 0 0 0 0 0 0 0 
69 0 0 2 0 0 0 0 0 0 0 0 0 0 0 0 0 0 0 0 0 0 0 0 0 0 0 0 0 0 0 0 0 1 0 0 0 0 0 0 0 0 2192 591 394 522 0 5600 159 0 0 0 122 0 0 0 0 0 0 0 0 0 0 0 0 0 0 0 0 0 0 0 1 0 1138 0 0 0 0 1 0 0 0 
0 0 0 0 0 0 0 0 0 0 0 0 0 0 0 0 0 0 0 0 0 0 0 0 0 0 0 0 0 0 0 0 0 0 0 0 0 0 0 0 0 2192 0 0 0 2 0 0 0 0 0 0 0 0 0 0 0 0 0 0 0 0 0 0 0 0 0 0 0 0 0 0 4 0 1586 0 0 0 0 0 0 0 0 
3953 0 661 142 0 0 3079 282 0 0 0 3 1 0 0 0 0 0 0 0 0 0 0 0 0 0 0 0 0 0 0 0 0 8 0 0 0 0 0 0 0 591 0 0 5 0 0 55 155 0 0 0 315 0 0 0 0 0 0 0 0 0 0 0 0 0 0 0 0 0 0 0 0 0 263 0 645 100 0 275 0 0 0 
293 0 7 2 0 0 241 40 0 0 0 0 0 0 0 0 0 0 0 0 0 0 0 0 0 0 0 0 0 0 0 0 0 3 0 2 0 0 0 0 0 394 0 5 0 0 0 81 318 0 0 0 408 0 0 0 0 0 0 0 0 0 2 4 12 29 1 0 159 3 8 0 31 0 0 3 0 0 0 0 5 0 21 
0 0 0 0 0 0 0 0 0 0 0 0 0 0 0 0 0 0 0 0 0 0 0 0 0 0 0 0 0 0 0 0 0 0 0 0 0 0 0 0 0 522 2 0 0 0 117 102 999 1500 0 0 0 0 0 0 0 0 0 0 0 0 0 0 0 0 0 0 0 0 0 0 21 0 3622 0 0 1 0 0 0 0 0 
0 0 0 0 0 0 0 0 0 0 0 0 0 0 0 0 0 0 0 0 0 0 0 0 0 0 0 0 0 0 0 0 0 0 0 0 0 0 0 0 0 0 0 0 0 117 0 4 3838 6693 3634 0 0 0 0 0 394 4017 0 0 0 0 0 0 0 0 0 0 0 0 420 3459 1744 11 647 0 0 0 0 0 0 0 0 
1598 0 306 5 0 0 4024 79 0 0 0 1 4 0 0 0 0 0 0 0 0 8 0 0 0 0 0 0 0 0 0 9 0 14 3 53 0 0 8 0 0 5600 0 55 81 102 4 0 4131 9922 505 0 148 29 0 0 0 0 0 0 0 0 42 0 142 3 0 0 15 0 0 0 3926 0 14564 87 6467 4722 5 438 0 0 174 
225 0 545 0 0 0 4878 61638 0 38 0 2 51 177 0 0 0 0 0 0 0 0 0 0 0 0 0 0 0 0 0 0 0 0 0 7 0 0 0 0 0 159 0 155 318 999 3838 4131 0 1523 467 20 3112 501 41 0 53 2 0 0 0 0 0 0 0 0 0 0 0 0 58 98 28 4 12931 3291 10765 11763 1586 1084 0 0 3827 
0 0 0 0 0 0 0 0 0 0 0 0 0 0 0 0 0 0 0 0 0 0 0 0 0 0 0 0 0 0 0 0 0 0 0 0 0 0 0 0 0 0 0 0 0 1500 6693 9922 1523 0 4699 0 0 0 0 0 7 0 0 0 0 0 0 0 0 0 0 0 0 0 7 13 1 0 163 0 0 0 0 0 0 0 0 
0 0 0 0 0 0 0 24 0 5624 12 0 0 31 0 12 0 0 0 10 0 0 0 0 0 0 0 0 0 0 0 0 0 0 1471 296 0 0 0 0 0 0 0 0 0 0 3634 505 467 4699 0 1040 0 0 19 0 3778 10758 15 0 341 0 0 0 0 0 0 0 0 2 2435 2175 80 51 1770 15476 1266 23976 5995 0 0 0 5166 
0 0 0 0 0 0 0 4905 0 7489 3 0 0 114 0 0 0 0 0 0 0 0 0 0 0 0 0 0 0 0 0 0 0 0 183 19 0 0 0 0 0 0 0 0 0 0 0 0 20 0 1040 0 0 0 66 0 97 0 0 0 26 0 0 0 0 0 0 0 0 0 0 0 0 0 0 0 0 0 0 0 0 0 0 
243 0 12 22 0 0 295 33 0 0 0 0 1 0 0 0 0 0 0 0 0 0 0 0 0 0 0 0 0 0 0 0 0 9 0 4 0 0 0 0 0 122 0 315 408 0 0 148 3112 0 0 0 0 0 0 0 0 0 0 0 0 0 0 0 0 0 0 0 0 0 0 0 0 0 0 0 0 0 0 3 0 0 0 
0 0 0 0 0 0 13 67 0 0 0 0 4 0 0 0 0 0 0 0 0 0 0 0 0 0 0 0 0 0 0 0 0 0 0 0 0 0 0 0 0 0 0 0 0 0 0 29 501 0 0 0 0 0 13 0 0 0 0 0 11 0 0 0 0 0 0 0 0 0 0 0 0 0 0 0 0 0 0 0 0 0 0 
0 0 0 0 0 0 0 0 0 19 6 0 0 6 7 4 0 1 0 6 0 0 0 0 0 0 0 0 0 0 0 0 0 0 0 0 0 0 0 0 0 0 0 0 0 0 0 0 41 0 19 66 0 13 0 458 3 0 13 0 8023 0 0 0 0 0 2 0 0 0 0 0 0 0 0 1 0 0 0 0 3 0 0 
0 0 0 0 0 0 0 0 0 0 0 0 0 0 0 0 0 93 0 207 0 0 0 0 0 0 0 0 0 0 0 0 0 0 45 0 11 0 0 0 0 0 0 0 0 0 0 0 0 0 0 0 0 0 458 0 0 0 66 0 4673 97 566 0 107 152 18 14 0 0 0 0 0 0 0 2 0 1 0 0 133 1 4 
0 0 0 0 0 0 0 4 0 127 1 0 0 0 0 32 0 1 0 8 0 0 0 0 0 0 0 0 0 0 0 0 0 0 160 39 0 0 0 0 0 0 0 0 0 0 394 0 53 7 3778 97 0 0 3 0 0 2153 234 5 7 0 0 0 0 0 0 0 0 1610 2828 591 155 33 246 3432 13 5646 378 0 0 0 215 
0 0 0 0 0 0 0 0 0 0 0 0 0 0 0 0 0 0 0 0 0 0 0 0 0 0 0 0 0 0 0 0 0 0 0 0 0 0 0 0 0 0 0 0 0 0 4017 0 2 0 10758 0 0 0 0 0 2153 0 3484 285 0 0 0 0 0 0 0 0 0 651 1789 4321 18 0 467 0 0 66 0 0 0 0 0 
0 0 0 0 0 0 1 10 0 492 149 0 0 18 107 660 0 2940 9 2251 4957 4514 542 104 0 0 0 0 0 0 0 0 0 382 2728 133 291 0 0 0 0 0 0 0 0 0 0 0 0 0 15 0 0 0 13 66 234 3484 0 19234 17 10 0 2069 0 318 0 0 0 4752 6075 3159 5381 1618 1807 5166 22 12409 471 0 0 0 481 
0 0 0 0 0 0 0 0 0 0 0 0 0 0 1 0 0 2 2 146 26 0 0 0 0 0 0 0 0 0 0 0 0 58 4 0 215 0 0 0 0 0 0 0 0 0 0 0 0 0 0 0 0 0 0 0 5 285 19234 0 413 0 0 1028 0 1817 0 0 0 4358 5266 1258 712 479 154 0 0 18 0 0 0 0 0 
0 0 0 0 0 0 0 0 0 272 2 0 0 64 1444 187 0 2016 15 2214 541 0 0 0 0 0 0 0 0 0 0 0 0 175 2523 28 814 1 0 3 0 0 0 0 0 0 0 0 0 0 341 26 0 11 8023 4673 7 0 17 413 0 535 146 0 483 149 329 53 0 1 6 0 374 218 181 757 0 2118 571 0 520 1 1096 
0 0 0 0 0 0 0 0 0 0 0 0 0 0 0 0 0 142 0 1582 804 120 1 0 0 0 0 0 0 0 0 0 0 0 0 0 0 0 0 0 0 0 0 0 0 0 0 0 0 0 0 0 0 0 0 97 0 0 10 0 535 0 118 1 222 1 0 0 0 0 0 0 0 0 0 0 0 0 0 0 0 0 0 
0 0 0 0 0 0 0 0 0 0 0 0 0 0 0 0 0 0 0 1105 378 821 0 46 0 0 0 0 0 0 0 0 0 0 0 0 0 0 0 0 0 0 0 0 2 0 0 42 0 0 0 0 0 0 0 566 0 0 0 0 146 118 0 0 454 73 0 0 0 21 48 0 726 0 78 0 0 23 1 0 0 0 0 
0 0 0 0 0 0 0 0 0 0 0 0 0 0 0 0 0 215 0 3403 3343 9114 197 651 0 0 0 0 0 0 0 8 0 626 0 0 3 0 0 0 0 0 0 0 4 0 0 0 0 0 0 0 0 0 0 0 0 0 2069 1028 0 1 0 0 4 3915 0 0 0 6498 2725 0 3350 7 1241 0 0 2216 0 0 0 0 0 
0 0 0 0 0 0 0 0 0 0 0 0 0 0 0 0 0 0 0 2 3 9 0 10 0 0 0 0 0 0 0 0 0 0 0 0 0 0 0 0 0 0 0 0 12 0 0 142 0 0 0 0 0 0 0 107 0 0 0 0 483 222 454 4 0 1793 8 0 0 470 267 0 5141 0 589 0 0 56 0 0 4 0 0 
0 0 0 0 0 0 0 0 0 0 0 0 0 0 0 0 0 0 0 0 0 0 0 0 0 0 0 0 0 0 0 0 0 0 0 0 0 0 0 0 0 0 0 0 29 0 0 3 0 0 0 0 0 0 0 152 0 0 318 1817 149 1 73 3915 1793 0 134 10 421 2116 2400 32 2544 162 75 304 0 451 0 0 189 164 0 
0 0 0 0 0 0 0 0 0 0 0 0 0 0 0 0 0 0 0 0 0 0 0 0 0 0 0 0 0 0 0 0 0 0 0 0 0 0 0 0 0 0 0 0 1 0 0 0 0 0 0 0 0 0 2 18 0 0 0 0 329 0 0 0 8 134 0 38 0 0 0 0 0 0 0 0 0 2 0 0 108 25 0 
0 0 0 0 0 0 0 0 0 0 0 0 0 0 0 0 0 0 0 0 0 0 0 0 0 0 0 0 0 0 0 0 0 0 0 0 0 0 0 0 0 0 0 0 0 0 0 0 0 0 0 0 0 0 0 14 0 0 0 0 53 0 0 0 0 10 38 0 214 0 0 0 0 0 7 0 0 0 0 0 53 115 0 
0 0 0 0 0 0 0 0 0 0 0 0 0 0 0 0 0 0 0 0 0 0 0 0 0 0 0 0 0 0 0 0 0 0 0 0 0 0 0 0 0 0 0 0 159 0 0 15 0 0 0 0 0 0 0 0 0 0 0 0 0 0 0 0 0 421 0 214 0 620 0 0 0 0 332 0 0 46 2 0 0 255 0 
0 0 0 0 0 0 0 0 0 0 0 0 0 0 0 0 0 0 0 0 0 0 0 0 0 0 0 0 0 0 0 0 0 0 0 0 0 0 0 0 0 0 0 0 3 0 0 0 0 0 2 0 0 0 0 0 1610 651 4752 4358 1 0 21 6498 470 2116 0 0 620 0 1996 0 50 16 5 76 0 145 2 0 6 24 0 
0 0 0 0 0 0 0 0 0 0 0 0 0 0 0 0 0 0 0 0 0 0 0 0 0 0 0 0 0 0 0 0 0 0 0 0 0 0 0 0 0 0 0 0 8 0 420 0 58 7 2435 0 0 0 0 0 2828 1789 6075 5266 6 0 48 2725 267 2400 0 0 0 1996 0 166 158 0 114 0 0 516 0 0 0 0 0 
0 0 0 0 0 0 0 0 0 0 0 0 0 0 0 0 0 0 0 0 0 0 0 0 0 0 0 0 0 0 0 0 0 0 0 0 0 0 0 0 0 0 0 0 0 0 3459 0 98 13 2175 0 0 0 0 0 591 4321 3159 1258 0 0 0 0 0 32 0 0 0 0 166 0 519 0 279 0 0 850 0 0 0 0 0 
0 0 0 0 0 0 0 0 0 0 0 0 0 0 0 0 0 1 0 0 0 43 0 23 0 0 0 0 0 0 0 63 0 82 0 0 0 0 0 0 0 1 4 0 31 21 1744 3926 28 1 80 0 0 0 0 0 155 18 5381 712 374 0 726 3350 5141 2544 0 0 0 50 158 519 0 102 381 0 0 602 0 0 0 0 0 
0 0 0 0 0 0 0 0 0 0 0 0 0 0 4 0 0 8 0 4 1 0 0 0 0 0 0 0 0 0 0 0 0 0 0 0 12 0 0 0 0 0 0 0 0 0 11 0 4 0 51 0 0 0 0 0 33 0 1618 479 218 0 0 7 0 162 0 0 0 16 0 0 102 0 25 0 0 110 0 0 0 0 0 
0 0 0 0 0 0 0 0 0 0 0 0 0 0 3 0 0 51 1 17 29 1209 29 189 0 0 0 0 0 0 0 631 0 743 0 0 23 0 0 0 0 1138 1586 263 0 3622 647 14564 12931 163 1770 0 0 0 0 0 246 467 1807 154 181 0 78 1241 589 75 0 7 332 5 114 279 381 25 0 0 0 281 0 0 0 0 1 
0 0 0 0 0 0 0 3 0 28 32 0 0 0 0 239 0 85 0 34 0 0 0 0 17 0 0 0 38 0 0 0 0 0 4827 549 93 0 0 47 0 0 0 0 3 0 0 87 3291 0 15476 0 0 0 1 2 3432 0 5166 0 757 0 0 0 0 304 0 0 0 76 0 0 0 0 0 0 719 303 54 0 63 65 551 
0 0 0 0 0 0 0 2 0 6 0 0 0 0 0 1 0 0 0 0 0 0 0 0 0 0 0 0 0 0 0 0 0 0 297 175 0 0 0 0 0 0 0 645 0 0 0 6467 10765 0 1266 0 0 0 0 0 13 0 22 0 0 0 0 0 0 0 0 0 0 0 0 0 0 0 0 719 0 16 15 0 0 0 1287 
0 0 0 0 387 0 11 0 224 0 0 0 0 0 12 0 2 2468 5 1070 335 1155 113 33 9 0 0 0 26 0 1 1294 1 7261 4232 8 10768 2 0 3 0 0 0 100 0 1 0 4722 11763 0 23976 0 0 0 0 1 5646 66 12409 18 2118 0 23 2216 56 451 2 0 46 145 516 850 602 110 281 303 16 0 0 0 12 0 814 
0 0 0 0 0 0 0 0 0 0 0 0 0 0 0 0 0 155 0 117 0 0 0 0 4 0 0 0 1 0 0 0 0 8 131 9 76 0 0 5 0 0 0 0 0 0 0 5 1586 0 5995 0 0 0 0 0 378 0 471 0 571 0 1 0 0 0 0 0 2 2 0 0 0 0 0 54 15 0 0 0 0 0 3123 
52 0 5 0 0 0 201 261 0 0 0 0 1 0 0 0 0 0 0 0 0 0 0 0 0 0 0 0 0 0 0 0 0 2 0 0 0 0 0 0 0 1 0 275 0 0 0 438 1084 0 0 0 3 0 0 0 0 0 0 0 0 0 0 0 0 0 0 0 0 0 0 0 0 0 0 0 0 0 0 0 0 0 95 
0 0 0 0 0 0 0 0 0 0 0 0 0 0 0 0 0 0 0 0 0 0 0 0 0 0 0 0 0 0 0 0 0 0 21 0 0 0 5 94 0 0 0 0 5 0 0 0 0 0 0 0 0 0 3 133 0 0 0 0 520 0 0 0 4 189 108 53 0 6 0 0 0 0 0 63 0 12 0 0 0 8 57 
0 0 0 0 0 0 0 0 0 0 0 0 0 0 0 0 0 0 0 0 0 0 0 0 0 0 0 0 0 0 0 0 0 0 0 0 0 0 0 0 0 0 0 0 0 0 0 0 0 0 0 0 0 0 0 1 0 0 0 0 1 0 0 0 0 164 25 115 255 24 0 0 0 0 0 65 0 0 0 0 8 0 82 
0 0 0 0 0 0 3 1208 1144 14333 0 0 0 4 3 1413 0 1482 0 41 2 0 0 0 0 0 0 0 2 0 0 0 0 102 676 7 2885 3068 0 3 0 0 0 0 21 0 0 174 3827 0 5166 0 0 0 0 4 215 0 481 0 1096 0 0 0 0 0 0 0 0 0 0 0 0 0 1 551 1287 814 3123 95 57 82 0 
