0 1394 0 452 1027 0 2900 0 0 0 0 0 0 0 0 0 0 0 0 0 0 0 0 0 0 0 0 0 0 0 0 0 0 547 0 1668 970 0 7 0 0 0 0 0 0 0 0 0 0 0 0 0 0 0 0 0 0 0 0 0 0 0 0 0 0 0 0 0 0 0 0 0 0 0 0 0 0 0 0 0 0 0 0 
1394 0 0 0 20 0 53 0 0 0 0 0 0 0 0 0 0 0 0 0 0 0 0 0 0 0 0 0 0 0 0 0 0 233 0 170 535 0 0 0 0 0 0 0 0 0 0 0 0 0 0 0 0 0 0 0 0 0 0 0 0 0 0 0 0 0 0 0 0 0 0 0 0 0 0 0 0 0 0 0 0 0 0 
0 0 0 0 0 0 0 0 0 0 0 0 0 0 0 0 0 0 0 0 0 0 0 0 0 0 0 0 0 0 0 0 0 0 0 0 0 0 0 0 0 0 0 0 0 0 0 0 0 0 0 0 0 0 0 0 0 0 0 0 0 0 0 0 0 0 0 0 0 0 0 0 0 0 0 0 0 0 0 0 0 0 0 
452 0 0 0 0 0 81 42 0 0 0 0 0 0 0 0 0 0 0 0 0 0 0 0 0 0 0 0 0 0 0 0 0 0 0 122 0 0 9 0 0 0 0 0 0 0 0 0 0 0 0 0 0 0 0 0 0 0 0 0 0 0 0 0 0 0 0 0 0 0 0 0 0 0 0 0 0 0 0 0 0 0 172 
1027 20 0 0 0 88 92 2 0 0 0 0 0 0 0 0 0 0 0 0 0 0 0 0 0 0 0 0 0 0 0 0 0 2481 0 21 457 0 0 0 0 0 0 0 0 0 0 0 5 0 0 0 0 0 0 0 0 0 0 0 0 0 0 0 0 0 0 0 0 0 0 0 0 0 0 0 0 0 0 0 0 0 0 
0 0 0 0 88 0 26 4627 1205 1080 0 0 94 0 0 0 0 0 69 0 0 0 0 0 0 0 0 0 2 32 1 0 0 1526 0 0 122 0 0 0 0 0 0 0 0 0 0 0 812 0 0 0 0 0 0 0 0 0 0 0 0 0 0 0 0 0 0 0 0 0 0 0 0 0 0 0 0 0 0 0 0 0 0 
2900 53 0 81 92 26 0 3694 1607 1 0 1496 3957 0 0 0 0 0 0 0 0 0 0 0 0 0 0 0 0 0 0 0 0 5442 534 13455 11116 707 65 0 0 0 0 0 4 0 128 315 1782 0 1 0 0 113 0 0 0 0 0 0 0 0 0 0 0 0 0 0 0 0 0 0 0 0 60 103 400 775 95 0 0 0 423 
0 0 0 42 2 4627 3694 0 502 664 176 0 15020 10706 0 9 0 0 0 0 0 0 0 0 0 0 0 0 0 0 0 0 0 837 6775 308 6455 470 0 0 0 0 0 0 0 0 0 1 10971 302 685 2584 0 41 180 0 0 0 0 0 0 0 0 0 0 0 0 0 0 0 0 0 0 0 0 54 0 8 0 0 0 0 504 
0 0 0 0 0 1205 1607 502 0 3918 0 0 0 0 0 0 0 0 0 0 0 0 0 0 0 0 0 0 0 0 0 0 0 642 328 9 3853 111 0 0 0 0 0 0 0 0 0 0 15 0 0 0 0 0 0 0 0 0 0 0 0 0 0 0 0 0 0 0 0 0 0 0 0 0 0 0 0 0 0 0 0 0 152 
0 0 0 0 0 1080 1 664 3918 0 156 0 0 3150 0 720 597 174 2382 24 0 0 0 0 0 0 0 0 244 3352 37 0 0 6837 23959 3027 21135 7 0 0 0 0 0 0 0 0 0 0 392 0 5294 2041 0 0 58 0 27 0 101 2 0 0 0 0 0 0 0 0 0 0 0 0 0 0 0 2445 233 0 0 0 0 0 631 
0 0 0 0 0 0 0 176 0 156 0 0 0 7631 169 889 0 403 0 1034 0 0 0 0 0 0 0 0 0 0 0 0 0 0 5 75 0 0 0 0 0 0 0 0 0 0 0 0 0 0 2272 56 0 0 79 0 0 0 0 0 0 0 0 0 0 0 0 0 0 0 0 0 0 0 0 430 0 0 0 0 0 0 0 
0 0 0 0 0 0 1496 0 0 0 0 0 0 0 0 0 0 0 0 0 0 0 0 0 0 0 0 0 0 0 0 0 0 0 0 94 0 0 0 0 0 42 0 1 3 0 0 257 4 0 0 0 124 0 0 0 0 0 0 0 0 0 0 0 0 0 0 0 0 0 0 0 0 0 6 0 319 6 0 5 0 0 0 
0 0 0 0 0 94 3957 15020 0 0 0 0 0 79 0 0 0 0 0 0 0 0 0 0 0 0 0 0 0 0 0 0 0 11 330 424 254 61 0 0 0 0 0 0 0 0 1 276 1115 118 0 0 0 0 0 0 0 0 0 0 0 0 0 0 0 0 0 0 0 0 0 0 0 0 0 10 37 55 15 0 0 0 9 
0 0 0 0 0 0 0 10706 0 3150 7631 0 79 0 0 307 0 319 0 1778 0 0 0 0 0 0 0 0 0 0 0 0 0 0 0 0 0 0 0 0 0 0 0 0 0 0 0 0 148 0 58 202 0 0 0 0 0 0 28 0 0 0 0 0 0 0 0 0 0 0 0 0 0 0 0 4 0 0 0 0 0 0 0 
0 0 0 0 0 0 0 0 0 0 169 0 0 0 0 1 0 334 6 7204 4 0 0 39 0 149 0 0 126 680 36 76 0 64 119 0 30 0 0 25 0 0 0 0 0 0 0 0 0 0 0 0 0 0 0 3 0 0 1008 10 196 26 0 16 0 0 0 0 0 0 0 0 4 0 6 52 0 84 0 0 0 0 0 
0 0 0 0 0 0 0 9 0 720 889 0 0 307 1 0 5495 3690 794 29 0 0 0 0 0 0 0 0 60 217 88 0 0 5836 6842 129 4434 0 0 0 0 0 0 0 0 0 0 0 0 0 0 0 0 0 34 3 0 0 114 0 0 0 0 0 0 0 0 0 0 0 0 0 0 0 0 855 56 0 0 0 0 0 471 
0 0 0 0 0 0 0 0 0 597 0 0 0 0 0 5495 0 2076 2291 0 0 0 0 0 0 0 0 0 3 1837 2605 511 33 927 0 0 203 0 0 0 0 0 0 0 0 0 0 0 0 0 0 0 0 0 0 0 0 0 0 0 0 0 0 0 0 0 0 0 0 0 0 0 0 0 0 0 0 0 0 0 0 0 0 
0 0 0 0 0 0 0 0 0 174 403 0 0 319 334 3690 2076 0 10028 277 14 0 1507 0 502 0 0 0 4892 4296 6086 3948 570 1661 4229 47 3710 0 0 0 0 0 0 0 0 0 0 0 0 0 0 0 0 0 40 11 0 0 2044 96 6 221 0 0 0 0 0 0 0 0 0 0 5 0 3 498 5 12 0 0 0 0 611 
0 0 0 0 0 69 0 0 0 2382 0 0 0 0 6 794 2291 10028 0 1226 0 0 1808 0 50 0 0 0 2379 5354 40 3 0 471 0 0 5 0 0 0 0 0 0 0 0 0 0 0 0 0 0 0 0 0 0 0 0 0 0 0 0 0 0 0 0 0 0 0 0 0 0 0 0 0 0 0 0 0 0 0 0 0 0 
0 0 0 0 0 0 0 0 0 24 1034 0 0 1778 7204 29 0 277 1226 0 74 59 151 38 82 3 0 0 1774 1906 595 1382 3 902 893 29 848 0 0 0 0 0 0 0 0 0 0 0 0 0 0 0 0 0 3 81 0 0 7080 78 168 534 0 0 0 1 0 0 0 0 0 0 10 0 2 1532 0 109 26 0 0 0 7 
0 0 0 0 0 0 0 0 0 0 0 0 0 0 4 0 0 14 0 74 0 200 111 101 282 0 0 0 4128 129 0 410 0 40 0 0 19 0 0 0 0 0 0 0 0 0 0 0 0 0 0 0 0 0 0 0 0 0 5085 8 67 1210 0 67 0 0 0 0 0 0 0 0 0 0 0 20 0 0 0 0 0 0 0 
0 0 0 0 0 0 0 0 0 0 0 0 0 0 0 0 0 0 0 59 200 0 283 789 945 1 0 0 4525 2 0 1 0 2 0 0 0 0 0 0 0 0 0 0 0 0 0 0 0 0 0 0 0 0 0 0 0 0 6 0 0 5 0 0 0 0 0 0 0 0 0 0 0 0 0 0 0 0 0 0 0 0 0 
0 0 0 0 0 0 0 0 0 0 0 0 0 0 0 0 0 1507 1808 151 111 283 0 7 7842 2 0 0 17242 59 0 20 0 39 0 0 0 0 0 0 0 0 0 0 0 0 0 0 0 0 0 0 0 0 0 0 0 0 197 0 0 36 0 8 0 0 0 0 0 0 0 0 0 0 0 0 0 0 0 0 0 0 0 
0 0 0 0 0 0 0 0 0 0 0 0 0 0 39 0 0 0 0 38 101 789 7 0 614 2 0 0 2735 11 0 7 0 3 0 0 0 0 0 0 0 0 0 0 0 0 0 0 0 0 0 0 0 0 0 0 0 0 2 0 0 0 0 0 0 0 0 0 0 0 0 0 0 0 0 0 0 0 0 0 0 0 0 
0 0 0 0 0 0 0 0 0 0 0 0 0 0 0 0 0 502 50 82 282 945 7842 614 0 7 14 0 449 178 0 0 0 68 139 0 2306 0 0 71 89 0 0 0 0 0 0 0 0 0 0 0 0 0 0 0 0 0 38 6 0 0 0 0 0 0 0 0 0 0 0 0 0 0 0 1 0 0 0 0 0 0 0 
0 0 0 0 0 0 0 0 0 0 0 0 0 0 149 0 0 0 0 3 0 1 2 2 7 0 0 0 3 0 0 0 0 0 0 0 0 0 0 17 0 0 0 0 0 0 0 0 0 0 0 0 0 0 0 0 0 0 1 0 0 0 0 1 0 0 0 0 0 0 0 0 0 0 0 0 0 0 0 0 0 0 0 
0 0 0 0 0 0 0 0 0 0 0 0 0 0 0 0 0 0 0 0 0 0 0 0 14 0 0 0 1 0 0 0 0 0 0 0 0 0 0 64 0 0 0 0 0 0 0 0 0 0 0 0 0 0 0 0 0 0 0 0 0 0 0 0 0 0 0 0 0 0 0 0 0 0 0 0 0 0 0 0 0 0 0 
0 0 0 0 0 0 0 0 0 0 0 0 0 0 0 0 0 0 0 0 0 0 0 0 0 0 0 0 0 0 0 7 0 52 0 0 30 0 0 0 151 0 0 0 0 0 0 0 0 0 0 0 0 0 0 0 0 0 0 0 0 0 0 0 0 0 0 0 0 0 0 0 0 0 0 0 0 0 0 0 0 0 0 
0 0 0 0 0 2 0 0 0 244 0 0 0 0 126 60 3 4892 2379 1774 4128 4525 17242 2735 449 3 1 0 0 554 112 0 0 397 13 0 1493 0 0 182 187 0 0 0 0 0 0 0 0 0 0 0 0 0 0 2 0 0 211 640 0 9 1 0 0 1 0 0 0 4 2 0 6 0 15 16 0 100 0 0 0 0 0 
0 0 0 0 0 32 0 0 0 3352 0 0 0 0 680 217 1837 4296 5354 1906 129 2 59 11 178 0 0 0 554 0 214 378 0 603 0 0 0 0 0 0 0 0 0 0 0 0 0 0 0 0 0 0 0 0 0 28 0 0 296 1587 3 1 0 0 0 2 0 0 0 4 3 0 166 0 94 84 0 1460 18 0 0 0 0 
0 0 0 0 0 1 0 0 0 37 0 0 0 0 36 88 2605 6086 40 595 0 0 0 0 0 0 0 0 112 214 0 772 0 250 0 0 0 0 0 0 0 0 0 0 0 0 0 0 0 0 0 0 0 0 0 2 0 0 8 0 2 0 0 0 0 0 0 0 0 0 2 0 19 0 17 5 0 128 3 0 0 0 0 
0 0 0 0 0 0 0 0 0 0 0 0 0 0 76 0 511 3948 3 1382 410 1 20 7 0 0 0 7 0 378 772 0 221 1603 0 0 106 0 0 0 0 0 0 0 0 0 0 0 0 0 0 0 0 0 0 9 0 0 1088 387 0 0 2 0 0 12 0 0 0 53 0 0 13 0 20 134 0 400 6 0 0 0 0 
0 0 0 0 0 0 0 0 0 0 0 0 0 0 0 0 33 570 0 3 0 0 0 0 0 0 0 0 0 0 0 221 0 59 0 0 0 0 0 0 0 0 0 0 0 0 0 0 0 0 0 0 0 0 0 0 0 0 2 0 0 0 0 0 0 0 0 0 0 0 0 0 0 0 0 1 0 0 0 0 0 0 0 
547 233 0 0 2481 1526 5442 837 642 6837 0 0 11 0 64 5836 927 1661 471 902 40 2 39 3 68 0 0 52 397 603 250 1603 59 0 1 0 115 0 0 0 0 0 0 0 0 0 0 0 486 3 0 0 0 0 0 4 0 0 211 177 0 0 0 0 0 1 0 0 0 2 0 0 7 0 9 258 0 231 2 0 0 0 0 
0 0 0 0 0 0 534 6775 328 23959 5 0 330 0 119 6842 0 4229 0 893 0 0 0 0 139 0 0 0 13 0 0 0 0 1 0 568 1397 0 0 967 119 0 0 0 0 0 18 36 38 11 0 0 0 0 0 36 0 0 774 58 15 0 0 0 0 0 0 0 0 1 0 0 0 0 1 1647 160 56 2 0 66 0 107 
1668 170 0 122 21 0 13455 308 9 3027 75 94 424 0 0 129 0 47 0 29 0 0 0 0 0 0 0 0 0 0 0 0 0 0 568 0 14 16 165 5 0 0 0 0 4 0 117 108 17 0 0 0 0 0 0 0 0 0 0 0 0 0 0 0 0 0 0 0 0 0 0 0 0 0 6 262 226 356 58 0 0 0 506 
970 535 0 0 457 122 11116 6455 3853 21135 0 0 254 0 30 4434 203 3710 5 848 19 0 0 0 2306 0 0 30 1493 0 0 106 0 115 1397 14 0 0 0 18 0 0 0 0 0 0 2 8 775 43 0 0 0 0 0 2 0 0 409 261 4 3 0 0 0 1 0 0 0 1 0 0 2 0 4 463 38 167 3 0 7 0 1391 
0 0 0 0 0 0 707 470 111 7 0 0 61 0 0 0 0 0 0 0 0 0 0 0 0 0 0 0 0 0 0 0 0 0 0 16 0 0 0 0 0 0 0 0 0 0 3 6 1 0 0 0 0 0 0 0 0 0 0 0 0 0 0 0 0 0 0 0 0 0 0 0 0 0 0 0 1 1 0 0 0 0 9671 
7 0 0 9 0 0 65 0 0 0 0 0 0 0 0 0 0 0 0 0 0 0 0 0 0 0 0 0 0 0 0 0 0 0 0 165 0 0 0 0 0 0 0 0 0 0 0 0 0 0 0 0 0 0 0 0 0 0 0 0 0 0 0 0 0 0 0 0 0 0 0 0 0 0 0 0 0 0 0 0 0 0 81 
0 0 0 0 0 0 0 0 0 0 0 0 0 0 25 0 0 0 0 0 0 0 0 0 71 17 64 0 182 0 0 0 0 0 967 5 18 0 0 0 0 0 0 0 0 0 0 0 0 0 0 0 0 0 0 0 0 0 0 0 0 0 0 0 0 0 0 0 0 0 0 0 0 0 0 122 0 0 0 0 19 0 2 
0 0 0 0 0 0 0 0 0 0 0 0 0 0 0 0 0 0 0 0 0 0 0 0 89 0 0 151 187 0 0 0 0 0 119 0 0 0 0 0 0 0 0 0 0 0 0 0 0 0 0 0 0 0 0 0 0 0 0 0 0 0 0 0 0 0 0 0 0 0 0 0 0 0 0 0 0 0 0 0 0 0 1 
0 0 0 0 0 0 0 0 0 0 0 42 0 0 0 0 0 0 0 0 0 0 0 0 0 0 0 0 0 0 0 0 0 0 0 0 0 0 0 0 0 0 2474 0 89 1535 0 7087 0 0 0 0 488 0 0 0 0 0 0 0 0 0 0 0 0 0 0 0 0 0 0 0 0 0 55 0 143 276 0 143 0 0 0 
0 0 0 0 0 0 0 0 0 0 0 0 0 0 0 0 0 0 0 0 0 0 0 0 0 0 0 0 0 0 0 0 0 0 0 0 0 0 0 0 0 2474 0 0 0 0 0 175 0 0 0 0 0 0 0 0 0 0 0 0 0 0 0 0 0 0 0 0 0 0 0 0 0 0 134 0 0 14 0 0 0 0 0 
0 0 0 0 0 0 0 0 0 0 0 1 0 0 0 0 0 0 0 0 0 0 0 0 0 0 0 0 0 0 0 0 0 0 0 0 0 0 0 0 0 0 0 0 1 0 0 0 118 0 0 0 73 0 0 0 0 0 0 0 0 0 0 0 0 0 0 0 0 0 0 0 0 0 0 0 9 0 0 0 0 0 0 
0 0 0 0 0 0 4 0 0 0 0 3 0 0 0 0 0 0 0 0 0 0 0 0 0 0 0 0 0 0 0 0 0 0 0 4 0 0 0 0 0 89 0 1 0 0 0 0 54 0 0 0 40 1 0 0 0 0 0 0 0 0 0 0 0 0 0 0 0 0 0 0 0 0 4 12 130 20 1 0 0 1 278 
0 0 0 0 0 0 0 0 0 0 0 0 0 0 0 0 0 0 0 0 0 0 0 0 0 0 0 0 0 0 0 0 0 0 0 0 0 0 0 0 0 1535 0 0 0 0 23 320 0 0 0 0 0 0 0 0 0 0 0 0 0 0 0 0 0 0 0 0 0 0 0 0 0 0 770 0 1 90 0 0 0 0 0 
0 0 0 0 0 0 128 0 0 0 0 0 1 0 0 0 0 0 0 0 0 0 0 0 0 0 0 0 0 0 0 0 0 0 18 117 2 3 0 0 0 0 0 0 0 23 0 260 1060 684 777 0 0 37 0 0 0 0 0 0 0 0 0 0 0 0 0 0 0 0 0 0 0 0 772 0 1 146 0 0 0 0 0 
0 0 0 0 0 0 315 1 0 0 0 257 276 0 0 0 0 0 0 0 0 0 0 0 0 0 0 0 0 0 0 0 0 0 36 108 8 6 0 0 0 7087 175 0 0 320 260 0 5021 6314 2 0 1401 485 0 0 0 0 0 0 0 0 0 0 0 0 0 0 0 0 0 0 0 0 3185 13 9026 10362 362 0 0 0 84 
0 0 0 0 5 812 1782 10971 15 392 0 4 1115 148 0 0 0 0 0 0 0 0 0 0 0 0 0 0 0 0 0 0 0 486 38 17 775 1 0 0 0 0 0 118 54 0 1060 5021 0 247 2275 263 14 5490 4196 0 0 0 0 0 0 0 0 0 0 0 0 0 0 0 0 0 0 0 651 9443 2161 12084 157 0 0 0 82 
0 0 0 0 0 0 0 302 0 0 0 0 118 0 0 0 0 0 0 0 0 0 0 0 0 0 0 0 0 0 0 0 0 3 11 0 43 0 0 0 0 0 0 0 0 0 684 6314 247 0 5128 0 0 0 0 0 12 0 107 0 0 0 0 0 0 0 0 0 0 0 0 0 0 0 709 75 1 9228 0 0 0 0 0 
0 0 0 0 0 0 1 685 0 5294 2272 0 0 58 0 0 0 0 0 0 0 0 0 0 0 0 0 0 0 0 0 0 0 0 0 0 0 0 0 0 0 0 0 0 0 0 777 2 2275 5128 0 353 0 0 1112 0 548 3756 1439 140 0 0 0 0 0 0 0 0 0 22 19 0 0 0 5058 18775 1666 27296 0 0 0 0 0 
0 0 0 0 0 0 0 2584 0 2041 56 0 0 202 0 0 0 0 0 0 0 0 0 0 0 0 0 0 0 0 0 0 0 0 0 0 0 0 0 0 0 0 0 0 0 0 0 0 263 0 353 0 0 0 5498 0 720 0 131 0 135 0 0 0 0 0 0 0 0 0 0 0 0 0 0 41 844 0 0 0 0 0 0 
0 0 0 0 0 0 0 0 0 0 0 124 0 0 0 0 0 0 0 0 0 0 0 0 0 0 0 0 0 0 0 0 0 0 0 0 0 0 0 0 0 488 0 73 40 0 0 1401 14 0 0 0 0 0 0 0 0 0 0 0 0 0 0 0 0 0 0 0 0 0 0 0 0 0 6 0 406 65 0 9 0 0 0 
0 0 0 0 0 0 113 41 0 0 0 0 0 0 0 0 0 0 0 0 0 0 0 0 0 0 0 0 0 0 0 0 0 0 0 0 0 0 0 0 0 0 0 0 1 0 37 485 5490 0 0 0 0 0 0 0 0 0 0 0 0 0 0 0 0 0 0 0 0 0 0 0 0 0 4 24 468 334 58 0 0 0 29 
0 0 0 0 0 0 0 180 0 58 79 0 0 0 0 34 0 40 0 3 0 0 0 0 0 0 0 0 0 0 0 0 0 0 0 0 0 0 0 0 0 0 0 0 0 0 0 0 4196 0 1112 5498 0 0 0 0 13 0 4212 0 847 0 0 0 0 0 0 0 0 0 0 0 0 0 0 84 5 0 0 0 0 0 0 
0 0 0 0 0 0 0 0 0 0 0 0 0 0 3 3 0 11 0 81 0 0 0 0 0 0 0 0 2 28 2 9 0 4 36 0 2 0 0 0 0 0 0 0 0 0 0 0 0 0 0 0 0 0 0 0 0 0 6295 740 7033 915 108 179 235 0 216 0 0 3 133 0 364 0 165 100 0 788 9 0 2 0 0 
0 0 0 0 0 0 0 0 0 27 0 0 0 0 0 0 0 0 0 0 0 0 0 0 0 0 0 0 0 0 0 0 0 0 0 0 0 0 0 0 0 0 0 0 0 0 0 0 0 12 548 720 0 0 13 0 0 3428 2408 114 153 0 0 0 0 0 0 0 0 14 21 26 0 0 677 5113 6 10723 223 0 0 0 86 
0 0 0 0 0 0 0 0 0 0 0 0 0 0 0 0 0 0 0 0 0 0 0 0 0 0 0 0 0 0 0 0 0 0 0 0 0 0 0 0 0 0 0 0 0 0 0 0 0 0 3756 0 0 0 0 0 3428 0 1812 5503 0 0 0 0 0 0 0 0 0 231 1247 3521 11 20 472 0 0 2584 0 0 0 0 0 
0 0 0 0 0 0 0 0 0 101 0 0 0 28 1008 114 0 2044 0 7080 5085 6 197 2 38 1 0 0 211 296 8 1088 2 211 774 0 409 0 0 0 0 0 0 0 0 0 0 0 0 107 1439 131 0 0 4212 6295 2408 1812 0 13661 1049 95 2 507 49 2804 44 0 0 8669 7171 1375 2729 177 584 13413 37 7893 239 0 3 0 428 
0 0 0 0 0 0 0 0 0 2 0 0 0 0 10 0 0 96 0 78 8 0 0 0 6 0 0 0 640 1587 0 387 0 177 58 0 261 0 0 0 0 0 0 0 0 0 0 0 0 0 140 0 0 0 0 740 114 5503 13661 0 260 0 0 2259 0 1930 44 0 0 4709 1939 192 646 0 781 150 0 1195 0 0 0 0 0 
0 0 0 0 0 0 0 0 0 0 0 0 0 0 196 0 0 6 0 168 67 0 0 0 0 0 0 0 0 3 2 0 0 0 15 0 4 0 0 0 0 0 0 0 0 0 0 0 0 0 0 135 0 0 847 7033 153 0 1049 260 0 61 4 13 0 0 85 0 0 0 8 0 48 0 26 0 0 59 0 0 0 0 0 
0 0 0 0 0 0 0 0 0 0 0 0 0 0 26 0 0 221 0 534 1210 5 36 0 0 0 0 0 9 1 0 0 0 0 0 0 3 0 0 0 0 0 0 0 0 0 0 0 0 0 0 0 0 0 0 915 0 0 95 0 61 0 551 127 702 2 39 0 0 25 0 0 0 0 0 0 0 0 0 0 0 0 0 
0 0 0 0 0 0 0 0 0 0 0 0 0 0 0 0 0 0 0 0 0 0 0 0 0 0 0 0 1 0 0 2 0 0 0 0 0 0 0 0 0 0 0 0 0 0 0 0 0 0 0 0 0 0 0 108 0 0 2 0 4 551 0 396 1065 148 1 0 0 1066 0 0 0 0 0 0 0 0 0 0 7 0 0 
0 0 0 0 0 0 0 0 0 0 0 0 0 0 16 0 0 0 0 0 67 0 8 0 0 1 0 0 0 0 0 0 0 0 0 0 0 0 0 0 0 0 0 0 0 0 0 0 0 0 0 0 0 0 0 179 0 0 507 2259 13 127 396 0 39 4381 1 0 0 6043 0 0 2 0 1 0 0 0 0 0 0 0 0 
0 0 0 0 0 0 0 0 0 0 0 0 0 0 0 0 0 0 0 0 0 0 0 0 0 0 0 0 0 0 0 0 0 0 0 0 0 0 0 0 0 0 0 0 0 0 0 0 0 0 0 0 0 0 0 235 0 0 49 0 0 702 1065 39 0 1592 5 0 0 1002 0 0 0 0 0 0 0 0 0 0 22 0 0 
0 0 0 0 0 0 0 0 0 0 0 0 0 0 0 0 0 0 0 1 0 0 0 0 0 0 0 0 1 2 0 12 0 1 0 0 1 0 0 0 0 0 0 0 0 0 0 0 0 0 0 0 0 0 0 0 0 0 2804 1930 0 2 148 4381 1592 0 67 5 0 247 1 0 6 0 162 624 0 998 0 0 80 622 1 
0 0 0 0 0 0 0 0 0 0 0 0 0 0 0 0 0 0 0 0 0 0 0 0 0 0 0 0 0 0 0 0 0 0 0 0 0 0 0 0 0 0 0 0 0 0 0 0 0 0 0 0 0 0 0 216 0 0 44 44 85 39 1 1 5 67 0 0 0 0 0 0 0 0 0 0 0 0 0 0 135 0 0 
0 0 0 0 0 0 0 0 0 0 0 0 0 0 0 0 0 0 0 0 0 0 0 0 0 0 0 0 0 0 0 0 0 0 0 0 0 0 0 0 0 0 0 0 0 0 0 0 0 0 0 0 0 0 0 0 0 0 0 0 0 0 0 0 0 5 0 0 0 0 0 0 0 0 0 0 0 0 0 0 31 30 0 
0 0 0 0 0 0 0 0 0 0 0 0 0 0 0 0 0 0 0 0 0 0 0 0 0 0 0 0 0 0 0 0 0 0 0 0 0 0 0 0 0 0 0 0 0 0 0 0 0 0 0 0 0 0 0 0 0 0 0 0 0 0 0 0 0 0 0 0 0 1 0 0 313 0 107 0 0 0 0 0 0 51 0 
0 0 0 0 0 0 0 0 0 0 0 0 0 0 0 0 0 0 0 0 0 0 0 0 0 0 0 0 4 4 0 53 0 2 1 0 1 0 0 0 0 0 0 0 0 0 0 0 0 0 22 0 0 0 0 3 14 231 8669 4709 0 25 1066 6043 1002 247 0 0 1 0 337 470 633 1 402 151 0 1023 0 0 0 0 0 
0 0 0 0 0 0 0 0 0 0 0 0 0 0 0 0 0 0 0 0 0 0 0 0 0 0 0 0 2 3 2 0 0 0 0 0 0 0 0 0 0 0 0 0 0 0 0 0 0 0 19 0 0 0 0 133 21 1247 7171 1939 8 0 0 0 0 1 0 0 0 337 0 281 656 9 633 0 0 878 0 0 0 0 0 
0 0 0 0 0 0 0 0 0 0 0 0 0 0 0 0 0 0 0 0 0 0 0 0 0 0 0 0 0 0 0 0 0 0 0 0 0 0 0 0 0 0 0 0 0 0 0 0 0 0 0 0 0 0 0 0 26 3521 1375 192 0 0 0 0 0 0 0 0 0 470 281 0 1922 23 683 0 0 146 0 0 0 0 0 
0 0 0 0 0 0 0 0 0 0 0 0 0 0 4 0 0 5 0 10 0 0 0 0 0 0 0 0 6 166 19 13 0 7 0 0 2 0 0 0 0 0 0 0 0 0 0 0 0 0 0 0 0 0 0 364 0 11 2729 646 48 0 0 2 0 6 0 0 313 633 656 1922 0 709 37 0 0 0 0 0 0 0 0 
0 0 0 0 0 0 0 0 0 0 0 0 0 0 0 0 0 0 0 0 0 0 0 0 0 0 0 0 0 0 0 0 0 0 0 0 0 0 0 0 0 0 0 0 0 0 0 0 0 0 0 0 0 0 0 0 0 20 177 0 0 0 0 0 0 0 0 0 0 1 9 23 709 0 1 0 0 0 0 0 0 0 0 
0 0 0 0 0 0 60 0 0 0 0 6 0 0 6 0 0 3 0 2 0 0 0 0 0 0 0 0 15 94 17 20 0 9 1 6 4 0 0 0 0 55 134 0 4 770 772 3185 651 709 5058 0 6 4 0 165 677 472 584 781 26 0 0 1 0 162 0 0 107 402 633 683 37 1 0 0 8 189 0 0 0 0 0 
0 0 0 0 0 0 103 54 0 2445 430 0 10 4 52 855 0 498 0 1532 20 0 0 0 1 0 0 0 16 84 5 134 1 258 1647 262 463 0 0 122 0 0 0 0 12 0 0 13 9443 75 18775 41 0 24 84 100 5113 0 13413 150 0 0 0 0 0 624 0 0 0 151 0 0 0 0 0 0 214 484 95 6 495 12 369 
0 0 0 0 0 0 400 0 0 233 0 319 37 0 0 56 0 5 0 0 0 0 0 0 0 0 0 0 0 0 0 0 0 0 160 226 38 1 0 0 0 143 0 9 130 1 1 9026 2161 1 1666 844 406 468 5 0 6 0 37 0 0 0 0 0 0 0 0 0 0 0 0 0 0 0 8 214 0 27 167 5 0 0 476 
0 0 0 0 0 0 775 8 0 0 0 6 55 0 84 0 0 12 0 109 0 0 0 0 0 0 0 0 100 1460 128 400 0 231 56 356 167 1 0 0 0 276 14 0 20 90 146 10362 12084 9228 27296 0 65 334 0 788 10723 2584 7893 1195 59 0 0 0 0 998 0 0 0 1023 878 146 0 0 189 484 27 0 203 1 1 0 2250 
0 0 0 0 0 0 95 0 0 0 0 0 15 0 0 0 0 0 0 26 0 0 0 0 0 0 0 0 0 18 3 6 0 2 2 58 3 0 0 0 0 0 0 0 1 0 0 362 157 0 0 0 0 58 0 9 223 0 239 0 0 0 0 0 0 0 0 0 0 0 0 0 0 0 0 95 167 203 0 0 0 0 9858 
0 0 0 0 0 0 0 0 0 0 0 5 0 0 0 0 0 0 0 0 0 0 0 0 0 0 0 0 0 0 0 0 0 0 0 0 0 0 0 0 0 143 0 0 0 0 0 0 0 0 0 0 9 0 0 0 0 0 0 0 0 0 0 0 0 0 0 0 0 0 0 0 0 0 0 6 5 1 0 0 0 0 0 
0 0 0 0 0 0 0 0 0 0 0 0 0 0 0 0 0 0 0 0 0 0 0 0 0 0 0 0 0 0 0 0 0 0 66 0 7 0 0 19 0 0 0 0 0 0 0 0 0 0 0 0 0 0 0 2 0 0 3 0 0 0 7 0 22 80 135 31 0 0 0 0 0 0 0 495 0 1 0 0 0 4 2 
0 0 0 0 0 0 0 0 0 0 0 0 0 0 0 0 0 0 0 0 0 0 0 0 0 0 0 0 0 0 0 0 0 0 0 0 0 0 0 0 0 0 0 0 1 0 0 0 0 0 0 0 0 0 0 0 0 0 0 0 0 0 0 0 0 622 0 30 51 0 0 0 0 0 0 12 0 0 0 0 4 0 19 
0 0 0 172 0 0 423 504 152 631 0 0 9 0 0 471 0 611 0 7 0 0 0 0 0 0 0 0 0 0 0 0 0 0 107 506 1391 9671 81 2 1 0 0 0 278 0 0 84 82 0 0 0 0 29 0 0 86 0 428 0 0 0 0 0 0 1 0 0 0 0 0 0 0 0 0 369 476 2250 9858 0 2 19 0 
