0 2568 1618 923 176 0 1513 0 0 0 0 245 0 0 0 0 0 0 0 0 0 0 0 0 0 0 0 0 0 0 0 0 0 876 0 0 0 0 14 0 0 0 0 0 0 0 0 0 0 0 0 0 0 0 0 0 0 0 0 0 0 0 0 0 0 0 0 0 0 0 0 0 0 0 0 0 0 0 0 0 0 0 0 
2568 0 0 0 485 0 4 0 0 0 0 0 0 0 0 0 57 11 0 0 0 0 0 0 0 0 0 0 0 0 0 0 0 3847 0 0 1479 0 0 0 0 0 0 0 0 0 0 0 0 0 0 0 0 0 0 0 0 0 0 0 0 0 0 0 0 0 0 0 0 0 0 0 0 0 0 0 0 0 0 0 0 0 0 
1618 0 0 803 0 0 0 13 0 0 0 2241 0 0 0 0 0 0 0 0 0 0 0 0 0 0 0 0 0 0 0 335 0 2551 0 1297 499 0 834 0 0 3157 0 363 0 0 0 3422 74 0 0 0 116 0 0 0 0 0 0 0 0 0 0 0 0 0 0 0 0 0 0 0 0 0 0 0 0 0 0 0 0 0 0 
923 0 803 0 0 0 0 0 0 0 0 56 0 0 0 0 0 0 0 0 0 0 0 0 0 0 0 0 0 0 0 0 0 19 0 0 39 0 5 0 0 1236 0 107 0 0 0 298 0 0 0 0 10 0 0 0 0 0 0 0 0 0 0 0 0 0 0 0 0 0 0 0 0 0 0 0 0 0 0 0 0 0 0 
176 485 0 0 0 230 527 2 9 38 0 0 0 0 0 0 12 0 1 0 0 0 0 0 0 0 0 0 0 0 0 0 0 4203 1 1 686 0 0 0 0 0 0 0 0 0 0 0 65 0 0 0 0 0 0 0 0 0 0 0 0 0 0 0 0 0 0 0 0 0 0 0 0 0 0 0 0 0 0 0 0 0 0 
0 0 0 0 230 0 579 766 165 6 0 0 0 0 0 0 0 0 0 0 0 0 0 0 0 0 0 0 0 0 0 0 0 1428 31 0 2649 17 0 0 0 0 0 0 0 0 0 0 692 0 0 0 0 0 0 0 0 0 0 0 0 0 0 0 0 0 0 0 0 0 0 0 0 0 0 0 0 1 0 0 0 0 36 
1513 4 0 0 527 579 0 3253 2816 468 0 30 137 0 0 0 88 1661 0 0 0 0 0 0 0 0 0 0 1 0 0 2200 0 9437 3297 18360 17466 2250 106 0 0 0 0 4 0 0 1835 2526 10462 0 1 0 0 3 0 0 0 0 0 0 7 0 0 0 0 0 0 0 0 0 0 0 0 0 0 242 365 2442 0 0 0 0 95 
0 0 13 0 2 766 3253 0 6877 3620 1514 516 14201 7847 0 3 0 1 0 1041 0 0 0 0 0 0 0 0 0 0 0 0 0 1 1214 1512 1048 0 64 0 0 0 0 219 0 0 201 6078 30955 0 45 1323 0 740 263 0 0 0 0 0 1 0 0 0 0 0 0 0 0 0 0 0 0 0 0 2 4 100 0 0 0 0 2 
0 0 0 0 9 165 2816 6877 0 3990 0 0 0 0 0 11 0 0 0 0 0 0 0 0 0 0 0 0 0 0 0 0 0 0 0 0 0 0 0 0 0 0 0 0 0 0 0 0 3 0 0 0 0 0 0 0 0 0 0 0 0 0 0 0 0 0 0 0 0 0 0 0 0 0 0 0 0 0 0 0 0 0 0 
0 0 0 0 38 6 468 3620 3990 0 523 0 0 624 0 1216 7881 194 1890 30 0 0 0 0 0 0 0 0 0 2 0 0 0 3123 10843 1128 8222 829 0 0 0 0 0 0 0 0 0 0 2507 0 1738 2467 0 0 584 96 522 0 494 0 3217 0 0 0 0 0 0 0 0 0 0 0 0 0 0 0 0 1 0 0 0 0 5481 
0 0 0 0 0 0 0 1514 0 523 0 0 0 6149 0 2 0 8 0 129 0 0 0 0 0 0 0 0 0 0 0 0 0 0 0 28 0 0 0 0 0 0 0 0 0 0 0 0 6 0 430 270 0 0 1503 170 163 0 9 0 1691 0 0 0 0 0 0 0 0 0 0 0 0 0 0 0 0 0 0 0 0 0 0 
245 0 2241 56 0 0 30 516 0 0 0 0 0 0 0 0 0 0 0 0 0 0 0 0 0 0 0 0 0 0 0 0 0 80 0 0 66 0 2 0 0 0 0 0 0 0 0 0 0 0 0 0 0 0 0 0 0 0 0 0 0 0 0 0 0 0 0 0 0 0 0 0 0 0 0 0 0 0 0 0 0 0 0 
0 0 0 0 0 0 137 14201 0 0 0 0 0 268 0 0 0 0 0 626 0 0 0 0 0 0 0 0 0 0 0 0 0 0 0 0 0 0 0 0 0 0 0 0 0 0 2 0 1263 0 0 0 0 0 0 0 0 0 1 0 0 0 0 0 0 0 0 0 0 0 0 0 0 0 0 0 0 1 0 0 0 0 0 
0 0 0 0 0 0 0 7847 0 624 6149 0 268 0 1571 495 0 1359 0 8813 0 0 0 0 0 0 0 0 0 0 0 0 0 0 0 0 0 0 0 0 0 0 0 0 0 0 0 0 69 0 0 9 0 0 0 0 0 0 0 0 145 0 0 0 0 0 0 0 0 0 0 0 0 0 0 0 0 0 0 0 0 0 0 
0 0 0 0 0 0 0 0 0 0 0 0 0 1571 0 0 0 260 0 6873 6 1 0 1 141 117 0 0 0 0 0 0 0 0 0 0 0 0 0 23 0 0 0 0 0 0 0 0 0 0 0 0 0 0 0 16 0 0 464 0 1154 241 35 201 1 0 0 0 0 0 0 0 0 0 0 145 0 3 11 0 15 0 20 
0 0 0 0 0 0 0 3 11 1216 2 0 0 495 0 0 3417 381 18 0 0 0 0 0 0 0 0 0 0 0 0 0 0 127 1694 759 8306 230 0 0 0 0 0 0 0 0 0 0 0 0 0 0 0 0 36 41 0 0 1258 0 820 0 0 0 0 0 0 0 0 0 0 0 0 0 0 1 0 1 0 0 0 0 1798 
0 57 0 0 12 0 88 0 0 7881 0 0 0 0 0 3417 0 3349 4912 0 0 0 0 0 0 0 0 0 84 7392 1161 95 4 798 0 0 2641 2 0 0 0 0 0 0 0 0 0 0 0 0 0 0 0 0 0 0 0 0 0 0 0 0 0 0 0 0 0 0 0 0 0 0 0 0 0 0 0 0 0 0 0 0 1 
0 11 0 0 0 0 1661 1 0 194 8 0 0 1359 260 381 3349 0 2226 67 247 120 3062 6 5781 0 0 0 9757 1552 434 3447 1813 4503 2060 107 10249 395 0 0 0 0 0 0 0 0 0 0 0 0 0 0 0 0 114 803 0 0 7581 0 19854 0 0 0 0 0 0 0 0 0 4 0 2 0 5 0 0 952 19 0 6 0 3111 
0 0 0 0 1 0 0 0 0 1890 0 0 0 0 0 18 4912 2226 0 0 0 0 144 0 451 0 0 0 3731 4988 986 387 41 98 0 0 2033 0 0 0 0 0 0 0 0 0 0 0 0 0 0 0 0 0 0 0 0 0 0 0 0 0 0 0 0 0 0 0 0 0 0 0 0 0 0 0 0 0 0 0 0 0 0 
0 0 0 0 0 0 0 1041 0 30 129 0 626 8813 6873 0 0 67 0 0 931 62 58 13 0 2 0 0 13 183 0 88 0 0 3 0 38 5 0 0 0 0 0 0 1 0 0 0 24 0 0 0 0 0 78 1411 0 0 1138 0 9421 0 0 0 0 0 0 0 0 0 0 0 0 0 4 0 0 395 28 0 1 0 59 
0 0 0 0 0 0 0 0 0 0 0 0 0 0 6 0 0 247 0 931 0 957 88 286 971 0 0 0 752 95 0 49 0 0 0 0 1 0 0 0 0 0 0 0 1 0 0 0 0 0 0 0 0 0 0 0 0 0 682 0 945 2 10 0 0 0 0 0 0 0 0 0 1 0 0 0 0 21 10 0 0 0 0 
0 0 0 0 0 0 0 0 0 0 0 0 0 0 1 0 0 120 0 62 957 0 152 3645 2482 0 0 0 1834 292 0 59 0 0 0 0 4 0 0 0 0 0 0 0 0 0 0 0 0 0 0 0 0 0 0 0 0 0 291 0 362 8 3 360 0 0 0 0 0 0 0 0 0 0 0 0 0 1 2 0 0 0 0 
0 0 0 0 0 0 0 0 0 0 0 0 0 0 0 0 0 3062 144 58 88 152 0 521 3047 0 0 0 6776 2824 0 1837 0 229 0 0 20 0 0 0 0 0 0 0 0 0 0 1 0 0 0 0 0 0 0 0 0 0 223 0 170 0 0 0 0 0 0 0 0 0 0 0 0 0 0 0 0 60 18 0 2 0 0 
0 0 0 0 0 0 0 0 0 0 0 0 0 0 1 0 0 6 0 13 286 3645 521 0 474 41 0 0 1409 479 0 22 0 0 0 0 1 0 0 0 0 0 0 0 0 0 0 0 0 0 0 0 0 0 0 0 0 0 434 0 1455 7 0 188 0 0 0 0 0 0 0 0 0 0 0 0 0 1 2 0 0 0 0 
0 0 0 0 0 0 0 0 0 0 0 0 0 0 141 0 0 5781 451 0 971 2482 3047 474 0 112 37 0 73 70 16 303 102 55 12 0 1 0 0 29 1 0 0 0 0 0 0 0 0 0 0 0 0 0 0 0 0 0 439 0 140 30 0 401 0 0 0 0 0 0 0 0 0 0 0 0 0 0 0 0 0 0 0 
0 0 0 0 0 0 0 0 0 0 0 0 0 0 117 0 0 0 0 2 0 0 0 41 112 0 3 0 1 0 0 0 0 0 0 0 0 0 0 157 0 0 0 0 0 0 0 0 0 0 0 0 0 0 0 0 0 0 763 0 1449 12 0 123 0 0 0 0 0 0 0 0 0 0 0 0 0 0 0 0 0 0 0 
0 0 0 0 0 0 0 0 0 0 0 0 0 0 0 0 0 0 0 0 0 0 0 0 37 3 0 0 0 0 0 0 0 0 0 0 0 0 0 99 0 0 0 0 0 0 0 0 0 0 0 0 0 0 0 0 0 0 0 0 0 0 0 0 0 0 0 0 0 0 0 0 0 0 0 0 0 0 0 0 0 0 0 
0 0 0 0 0 0 0 0 0 0 0 0 0 0 0 0 0 0 0 0 0 0 0 0 0 0 0 0 0 0 0 0 0 521 0 0 43 68 0 0 11 0 0 0 0 0 0 0 0 0 0 0 0 0 0 0 0 0 0 0 0 0 0 0 0 0 0 0 0 0 0 0 0 0 0 0 0 0 0 0 0 0 0 
0 0 0 0 0 0 1 0 0 0 0 0 0 0 0 0 84 9757 3731 13 752 1834 6776 1409 73 1 0 0 0 2185 1482 3320 746 540 467 0 1478 2 0 164 366 0 0 0 0 0 0 0 0 0 0 0 0 0 0 0 0 0 0 0 0 0 0 0 0 0 0 0 0 0 0 0 0 0 0 0 0 0 0 0 0 0 0 
0 0 0 0 0 0 0 0 0 2 0 0 0 0 0 0 7392 1552 4988 183 95 292 2824 479 70 0 0 0 2185 0 312 97 0 63 887 88 2309 208 0 87 3 0 0 0 0 0 0 0 0 0 0 0 0 0 0 0 0 0 0 0 7 0 0 0 0 0 0 0 0 0 0 0 0 0 0 0 0 4 4 0 4 0 0 
0 0 0 0 0 0 0 0 0 0 0 0 0 0 0 0 1161 434 986 0 0 0 0 0 16 0 0 0 1482 312 0 1174 0 0 0 0 0 0 0 0 0 0 0 0 0 0 0 0 0 0 0 0 0 0 0 0 0 0 0 0 0 0 0 0 0 0 0 0 0 0 0 0 0 0 0 0 0 0 0 0 0 0 0 
0 0 335 0 0 0 2200 0 0 0 0 0 0 0 0 0 95 3447 387 88 49 59 1837 22 303 0 0 0 3320 97 1174 0 78 429 2 0 942 72 0 0 0 0 0 0 0 0 0 0 0 0 0 0 0 0 0 0 0 0 2 0 318 0 0 0 0 0 0 0 0 0 0 0 0 0 0 0 0 3 2 0 0 0 0 
0 0 0 0 0 0 0 0 0 0 0 0 0 0 0 0 4 1813 41 0 0 0 0 0 102 0 0 0 746 0 0 78 0 2 0 0 0 0 0 0 0 0 0 0 0 0 0 0 0 0 0 0 0 0 0 0 0 0 0 0 0 0 0 0 0 0 0 0 0 0 0 0 0 0 0 0 0 0 0 0 0 0 0 
876 3847 2551 19 4203 1428 9437 1 0 3123 0 80 0 0 0 127 798 4503 98 0 0 0 229 0 55 0 0 521 540 63 0 429 2 0 52 0 49 0 7 0 0 0 0 0 0 0 0 0 39 0 0 0 0 0 0 0 0 0 0 0 1 0 0 0 0 0 0 0 0 0 0 0 0 0 0 0 0 2 0 0 0 0 337 
0 0 0 0 1 31 3297 1214 0 10843 0 0 0 0 0 1694 0 2060 0 3 0 0 0 0 12 0 0 0 467 887 0 2 0 52 0 481 685 92 0 213 650 0 0 0 0 0 0 0 233 0 0 4 0 0 0 0 0 0 47 0 66 61 4 2 0 0 0 0 0 0 0 0 0 0 0 1 0 12 0 0 1 0 223 
0 0 1297 0 1 0 18360 1512 0 1128 28 0 0 0 0 759 0 107 0 0 0 0 0 0 0 0 0 0 0 88 0 0 0 0 481 0 438 1 1 4 0 0 0 0 0 0 0 0 16 0 0 5 0 0 0 0 0 0 81 0 146 0 0 0 0 0 0 0 0 0 0 0 0 0 0 0 0 12 2 0 2 0 137 
0 1479 499 39 686 2649 17466 1048 0 8222 0 66 0 0 0 8306 2641 10249 2033 38 1 4 20 1 1 0 0 43 1478 2309 0 942 0 49 685 438 0 0 1 0 0 0 0 0 0 0 0 0 703 0 0 0 0 0 0 211 0 0 225 0 10231 0 0 0 0 0 0 0 0 0 0 0 0 0 0 263 0 121 130 0 35 4 1705 
0 0 0 0 0 17 2250 0 0 829 0 0 0 0 0 230 2 395 0 5 0 0 0 0 0 0 0 68 2 208 0 72 0 0 92 1 0 0 0 0 0 0 0 0 0 0 0 0 2 0 0 0 0 0 0 0 0 0 63 0 1466 0 0 0 0 0 0 0 0 0 0 0 0 0 0 0 0 0 0 0 0 0 9555 
14 0 834 5 0 0 106 64 0 0 0 2 0 0 0 0 0 0 0 0 0 0 0 0 0 0 0 0 0 0 0 0 0 7 0 1 1 0 0 0 0 0 0 0 0 0 0 0 0 0 0 0 0 0 0 0 0 0 0 0 0 0 0 0 0 0 0 0 0 0 0 0 0 0 0 0 0 0 0 0 0 0 820 
0 0 0 0 0 0 0 0 0 0 0 0 0 0 23 0 0 0 0 0 0 0 0 0 29 157 99 0 164 87 0 0 0 0 213 4 0 0 0 0 0 0 0 0 0 0 0 0 0 0 0 0 0 0 0 0 0 0 600 0 503 212 5 300 1 0 0 0 0 0 0 0 0 0 0 0 0 28 8 0 1 0 1 
0 0 0 0 0 0 0 0 0 0 0 0 0 0 0 0 0 0 0 0 0 0 0 0 1 0 0 11 366 3 0 0 0 0 650 0 0 0 0 0 0 0 0 0 0 0 0 0 0 0 0 0 0 0 0 0 0 0 0 0 0 0 0 0 0 0 0 0 0 0 0 0 0 0 0 0 0 0 0 0 0 0 26 
0 0 3157 1236 0 0 0 0 0 0 0 0 0 0 0 0 0 0 0 0 0 0 0 0 0 0 0 0 0 0 0 0 0 0 0 0 0 0 0 0 0 0 410 0 305 71 0 2124 0 0 0 0 1027 0 0 0 0 0 0 0 0 0 0 0 0 0 0 0 1 0 0 0 103 0 824 0 619 23 0 338 0 0 0 
0 0 0 0 0 0 0 0 0 0 0 0 0 0 0 0 0 0 0 0 0 0 0 0 0 0 0 0 0 0 0 0 0 0 0 0 0 0 0 0 0 410 0 0 0 56 0 400 0 0 0 0 0 0 0 0 0 0 0 2 0 0 0 1 0 0 0 0 5 0 0 0 201 0 522 0 0 7 0 0 0 0 0 
0 0 363 107 0 0 4 219 0 0 0 0 0 0 0 0 0 0 0 0 0 0 0 0 0 0 0 0 0 0 0 0 0 0 0 0 0 0 0 0 0 0 0 0 2 0 0 0 0 0 0 0 373 0 0 0 0 0 0 0 0 0 0 0 0 0 0 0 0 0 0 0 0 0 0 0 38 0 0 13 0 0 0 
0 0 0 0 0 0 0 0 0 0 0 0 0 0 0 0 0 0 0 1 1 0 0 0 0 0 0 0 0 0 0 0 0 0 0 0 0 0 0 0 0 305 0 2 0 0 0 167 4 0 5 0 286 0 0 0 0 0 12 0 6 0 0 0 0 0 0 0 408 0 25 0 69 0 0 136 0 0 0 0 0 1 3 
0 0 0 0 0 0 0 0 0 0 0 0 0 0 0 0 0 0 0 0 0 0 0 0 0 0 0 0 0 0 0 0 0 0 0 0 0 0 0 0 0 71 56 0 0 0 219 839 0 0 0 0 0 0 0 0 0 0 437 112 75 21 0 1086 0 36 0 0 0 0 1 0 1327 0 2057 82 581 2850 1 0 0 0 106 
0 0 0 0 0 0 1835 201 0 0 0 0 2 0 0 0 0 0 0 0 0 0 0 0 0 0 0 0 0 0 0 0 0 0 0 0 0 0 0 0 0 0 0 0 0 219 0 1400 7176 2939 4937 0 0 0 0 0 0 3 223 103 2 2 0 209 0 2 0 0 0 0 4 0 38 0 1792 255 2132 11749 1 0 0 0 131 
0 0 3422 298 0 0 2526 6078 0 0 0 0 0 0 0 0 0 0 0 0 0 0 1 0 0 0 0 0 0 0 0 0 0 0 0 0 0 0 0 0 0 2124 400 0 167 839 1400 0 12102 1978 55 0 715 0 0 0 0 0 401 314 75 22 0 328 0 9 0 0 352 0 113 0 3337 0 3850 121 16518 6836 87 656 0 0 471 
0 0 74 0 65 692 10462 30955 3 2507 6 0 1263 69 0 0 0 0 0 24 0 0 0 0 0 0 0 0 0 0 0 0 0 39 233 16 703 2 0 0 0 0 0 0 4 0 7176 12102 0 1251 1148 1232 2370 3882 3324 6 82 4 1732 413 47 0 0 0 0 0 0 0 0 0 1 0 0 0 21 2974 3209 8843 0 0 0 0 520 
0 0 0 0 0 0 0 0 0 0 0 0 0 0 0 0 0 0 0 0 0 0 0 0 0 0 0 0 0 0 0 0 0 0 0 0 0 0 0 0 0 0 0 0 0 0 2939 1978 1251 0 3237 0 0 0 0 0 785 0 252 0 0 0 0 0 0 0 0 0 0 0 0 0 0 0 0 0 0 1 0 0 0 0 0 
0 0 0 0 0 0 1 45 0 1738 430 0 0 0 0 0 0 0 0 0 0 0 0 0 0 0 0 0 0 0 0 0 0 0 0 0 0 0 0 0 0 0 0 0 5 0 4937 55 1148 3237 0 381 0 0 0 0 1589 12332 4710 1434 0 0 0 0 0 2 0 0 0 1075 1498 13 0 0 1713 10380 1361 6861 25 0 0 0 1035 
0 0 0 0 0 0 0 1323 0 2467 270 0 0 9 0 0 0 0 0 0 0 0 0 0 0 0 0 0 0 0 0 0 0 0 4 5 0 0 0 0 0 0 0 0 0 0 0 0 1232 0 381 0 0 0 1277 0 18 0 0 0 0 0 0 0 0 0 0 0 0 0 0 0 0 0 0 0 16 0 0 0 0 0 0 
0 0 116 10 0 0 0 0 0 0 0 0 0 0 0 0 0 0 0 0 0 0 0 0 0 0 0 0 0 0 0 0 0 0 0 0 0 0 0 0 0 1027 0 373 286 0 0 715 2370 0 0 0 0 0 0 0 0 0 0 0 0 0 0 0 0 0 0 0 0 0 0 0 0 0 0 0 0 0 0 0 0 0 0 
0 0 0 0 0 0 3 740 0 0 0 0 0 0 0 0 0 0 0 0 0 0 0 0 0 0 0 0 0 0 0 0 0 0 0 0 0 0 0 0 0 0 0 0 0 0 0 0 3882 0 0 0 0 0 398 80 0 0 0 0 311 0 0 0 0 0 0 0 0 0 0 0 0 0 0 0 0 0 0 0 0 0 0 
0 0 0 0 0 0 0 263 0 584 1503 0 0 0 0 36 0 114 0 78 0 0 0 0 0 0 0 0 0 0 0 0 0 0 0 0 0 0 0 0 0 0 0 0 0 0 0 0 3324 0 0 1277 0 398 0 1508 2 0 0 0 5066 0 0 0 0 0 0 0 0 0 0 0 0 0 0 0 0 0 0 0 0 0 0 
0 0 0 0 0 0 0 0 0 96 170 0 0 0 16 41 0 803 0 1411 0 0 0 0 0 0 0 0 0 0 0 0 0 0 0 0 211 0 0 0 0 0 0 0 0 0 0 0 6 0 0 0 0 80 1508 0 0 0 122 0 8774 69 82 0 15 41 8 50 0 0 0 0 0 0 0 0 0 0 0 0 20 0 0 
0 0 0 0 0 0 0 0 0 522 163 0 0 0 0 0 0 0 0 0 0 0 0 0 0 0 0 0 0 0 0 0 0 0 0 0 0 0 0 0 0 0 0 0 0 0 0 0 82 785 1589 18 0 0 2 0 0 7692 1645 187 0 0 0 0 0 0 0 0 0 19 5 0 0 0 39 2426 587 4707 263 0 0 0 412 
0 0 0 0 0 0 0 0 0 0 0 0 0 0 0 0 0 0 0 0 0 0 0 0 0 0 0 0 0 0 0 0 0 0 0 0 0 0 0 0 0 0 0 0 0 0 3 0 4 0 12332 0 0 0 0 0 7692 0 450 1353 0 0 0 0 0 597 0 0 0 2120 8040 2641 244 3 7 0 0 37 0 0 0 0 0 
0 0 0 0 0 0 0 0 0 494 9 0 1 0 464 1258 0 7581 0 1138 682 291 223 434 439 763 0 0 0 0 0 2 0 0 47 81 225 63 0 600 0 0 0 0 12 437 223 401 1732 252 4710 0 0 0 0 122 1645 450 0 6652 221 200 132 564 7 402 0 0 0 698 1435 1 4274 1 614 8904 2151 13004 872 0 276 0 1672 
0 0 0 0 0 0 0 0 0 0 0 0 0 0 0 0 0 0 0 0 0 0 0 0 0 0 0 0 0 0 0 0 0 0 0 0 0 0 0 0 0 0 2 0 0 112 103 314 413 0 1434 0 0 0 0 0 187 1353 6652 0 113 49 0 8050 0 2870 0 0 0 3706 7015 11 1660 1 761 0 0 3946 0 0 0 0 1 
0 0 0 0 0 0 7 1 0 3217 1691 0 0 145 1154 820 0 19854 0 9421 945 362 170 1455 140 1449 0 0 0 7 0 318 0 1 66 146 10231 1466 0 503 0 0 0 0 6 75 2 75 47 0 0 0 0 311 5066 8774 0 0 221 113 0 540 2 89 0 98 21 1 0 18 84 0 63 0 28 705 195 288 364 0 157 11 1935 
0 0 0 0 0 0 0 0 0 0 0 0 0 0 241 0 0 0 0 0 2 8 0 7 30 12 0 0 0 0 0 0 0 0 61 0 0 0 0 212 0 0 0 0 0 21 2 22 0 0 0 0 0 0 0 69 0 0 200 49 540 0 1023 27 498 14 10 40 0 205 127 0 23 0 8 12 0 3 0 0 59 0 0 
0 0 0 0 0 0 0 0 0 0 0 0 0 0 35 0 0 0 0 0 10 3 0 0 0 0 0 0 0 0 0 0 0 0 4 0 0 0 0 5 0 0 0 0 0 0 0 0 0 0 0 0 0 0 0 82 0 0 132 0 2 1023 0 244 1207 635 17 68 0 4354 570 0 0 0 0 7 0 0 0 0 112 0 0 
0 0 0 0 0 0 0 0 0 0 0 0 0 0 201 0 0 0 0 0 0 360 0 188 401 123 0 0 0 0 0 0 0 0 2 0 0 0 0 300 0 0 1 0 0 1086 209 328 0 0 0 0 0 0 0 0 0 0 564 8050 89 27 244 0 6 1141 0 0 0 2440 1146 0 1097 0 385 0 0 34 0 0 0 0 0 
0 0 0 0 0 0 0 0 0 0 0 0 0 0 1 0 0 0 0 0 0 0 0 0 0 0 0 0 0 0 0 0 0 0 0 0 0 0 0 1 0 0 0 0 0 0 0 0 0 0 0 0 0 0 0 15 0 0 7 0 0 498 1207 6 0 618 6 46 1 1039 3 0 0 0 0 9 0 0 0 0 19 0 0 
0 0 0 0 0 0 0 0 0 0 0 0 0 0 0 0 0 0 0 0 0 0 0 0 0 0 0 0 0 0 0 0 0 0 0 0 0 0 0 0 0 0 0 0 0 36 2 9 0 0 2 0 0 0 0 41 0 597 402 2870 98 14 635 1141 618 0 97 5 584 2815 830 0 126 0 67 31 0 20 0 0 14 1 0 
0 0 0 0 0 0 0 0 0 0 0 0 0 0 0 0 0 0 0 0 0 0 0 0 0 0 0 0 0 0 0 0 0 0 0 0 0 0 0 0 0 0 0 0 0 0 0 0 0 0 0 0 0 0 0 8 0 0 0 0 21 10 17 0 6 97 0 71 1 5 0 0 0 0 0 0 0 0 0 0 50 1 0 
0 0 0 0 0 0 0 0 0 0 0 0 0 0 0 0 0 0 0 0 0 0 0 0 0 0 0 0 0 0 0 0 0 0 0 0 0 0 0 0 0 0 0 0 0 0 0 0 0 0 0 0 0 0 0 50 0 0 0 0 1 40 68 0 46 5 71 0 0 65 3 0 0 0 0 0 0 0 0 0 477 0 0 
0 0 0 0 0 0 0 0 0 0 0 0 0 0 0 0 0 0 0 0 0 0 0 0 0 0 0 0 0 0 0 0 0 0 0 0 0 0 0 0 0 1 5 0 408 0 0 352 0 0 0 0 0 0 0 0 0 0 0 0 0 0 0 0 1 584 1 0 0 4 23 0 39 0 628 34 0 511 24 413 5 228 0 
0 0 0 0 0 0 0 0 0 0 0 0 0 0 0 0 0 0 0 0 0 0 0 0 0 0 0 0 0 0 0 0 0 0 0 0 0 0 0 0 0 0 0 0 0 0 0 0 0 0 1075 0 0 0 0 0 19 2120 698 3706 18 205 4354 2440 1039 2815 5 65 4 0 75 0 495 13 133 41 0 1670 0 0 218 0 0 
0 0 0 0 0 0 0 0 0 0 0 0 0 0 0 0 0 4 0 0 0 0 0 0 0 0 0 0 0 0 0 0 0 0 0 0 0 0 0 0 0 0 0 0 25 1 4 113 1 0 1498 0 0 0 0 0 5 8040 1435 7015 84 127 570 1146 3 830 0 3 23 75 0 348 1789 4 319 163 0 2481 108 144 14 0 0 
0 0 0 0 0 0 0 0 0 0 0 0 0 0 0 0 0 0 0 0 0 0 0 0 0 0 0 0 0 0 0 0 0 0 0 0 0 0 0 0 0 0 0 0 0 0 0 0 0 0 13 0 0 0 0 0 0 2641 1 11 0 0 0 0 0 0 0 0 0 0 348 0 852 0 0 0 0 6 0 0 0 0 0 
0 0 0 0 0 0 0 0 0 0 0 0 0 0 0 0 0 2 0 0 1 0 0 0 0 0 0 0 0 0 0 0 0 0 0 0 0 0 0 0 0 103 201 0 69 1327 38 3337 0 0 0 0 0 0 0 0 0 244 4274 1660 63 23 0 1097 0 126 0 0 39 495 1789 852 0 796 651 8 0 429 67 124 1 0 0 
0 0 0 0 0 0 0 0 0 0 0 0 0 0 0 0 0 0 0 0 0 0 0 0 0 0 0 0 0 0 0 0 0 0 0 0 0 0 0 0 0 0 0 0 0 0 0 0 0 0 0 0 0 0 0 0 0 3 1 1 0 0 0 0 0 0 0 0 0 13 4 0 796 0 0 0 0 0 0 0 0 0 0 
0 0 0 0 0 0 0 0 0 0 0 0 0 0 0 0 0 5 0 4 0 0 0 0 0 0 0 0 0 0 0 0 0 0 0 0 0 0 0 0 0 824 522 0 0 2057 1792 3850 21 0 1713 0 0 0 0 0 39 7 614 761 28 8 0 385 0 67 0 0 628 133 319 0 651 0 0 0 0 139 0 0 0 0 0 
0 0 0 0 0 0 242 2 0 0 0 0 0 0 145 1 0 0 0 0 0 0 0 0 0 0 0 0 0 0 0 0 0 0 1 0 263 0 0 0 0 0 0 0 136 82 255 121 2974 0 10380 0 0 0 0 0 2426 0 8904 0 705 12 7 0 9 31 0 0 34 41 163 0 8 0 0 0 71 9 322 0 123 145 1421 
0 0 0 0 0 0 365 4 0 0 0 0 0 0 0 0 0 0 0 0 0 0 0 0 0 0 0 0 0 0 0 0 0 0 0 0 0 0 0 0 0 619 0 38 0 581 2132 16518 3209 0 1361 16 0 0 0 0 587 0 2151 0 195 0 0 0 0 0 0 0 0 0 0 0 0 0 0 71 0 2 0 0 0 0 862 
0 0 0 0 0 1 2442 100 0 1 0 0 1 0 3 1 0 952 0 395 21 1 60 1 0 0 0 0 0 4 0 3 0 2 12 12 121 0 0 28 0 23 7 0 0 2850 11749 6836 8843 1 6861 0 0 0 0 0 4707 37 13004 3946 288 3 0 34 0 20 0 0 511 1670 2481 6 429 0 139 9 2 0 75 3 23 0 4481 
0 0 0 0 0 0 0 0 0 0 0 0 0 0 11 0 0 19 0 28 10 2 18 2 0 0 0 0 0 4 0 2 0 0 0 2 130 0 0 8 0 0 0 0 0 1 1 87 0 0 25 0 0 0 0 0 263 0 872 0 364 0 0 0 0 0 0 0 24 0 108 0 67 0 0 322 0 75 0 0 0 0 3849 
0 0 0 0 0 0 0 0 0 0 0 0 0 0 0 0 0 0 0 0 0 0 0 0 0 0 0 0 0 0 0 0 0 0 0 0 0 0 0 0 0 338 0 13 0 0 0 656 0 0 0 0 0 0 0 0 0 0 0 0 0 0 0 0 0 0 0 0 413 0 144 0 124 0 0 0 0 3 0 0 0 0 0 
0 0 0 0 0 0 0 0 0 0 0 0 0 0 15 0 0 6 0 1 0 0 2 0 0 0 0 0 0 4 0 0 0 0 1 2 35 0 0 1 0 0 0 0 0 0 0 0 0 0 0 0 0 0 0 20 0 0 276 0 157 59 112 0 19 14 50 477 5 218 14 0 1 0 0 123 0 23 0 0 0 0 0 
0 0 0 0 0 0 0 0 0 0 0 0 0 0 0 0 0 0 0 0 0 0 0 0 0 0 0 0 0 0 0 0 0 0 0 0 4 0 0 0 0 0 0 0 1 0 0 0 0 0 0 0 0 0 0 0 0 0 0 0 11 0 0 0 0 1 1 0 228 0 0 0 0 0 0 145 0 0 0 0 0 0 0 
0 0 0 0 0 36 95 2 0 5481 0 0 0 0 20 1798 1 3111 0 59 0 0 0 0 0 0 0 0 0 0 0 0 0 337 223 137 1705 9555 820 1 26 0 0 0 3 106 131 471 520 0 1035 0 0 0 0 0 412 0 1672 1 1935 0 0 0 0 0 0 0 0 0 0 0 0 0 0 1421 862 4481 3849 0 0 0 0 
