0 1447 2 368 15 0 3420 0 0 0 0 1 0 0 6 0 0 63 84 0 0 0 2 0 1 0 0 139 0 725 0 1368 0 1455 0 9 201 0 3 0 1 88 0 0 0 0 0 33 0 0 0 0 0 0 0 1 0 0 1 0 176 1 0 0 0 0 0 0 0 0 0 0 0 0 0 0 0 0 0 0 0 0 0 
1447 0 0 0 4 0 83 0 0 0 0 0 0 0 0 0 2 0 0 0 0 0 0 0 0 0 0 0 0 0 0 0 0 1869 0 0 442 0 0 0 0 0 0 0 0 0 0 0 0 0 0 0 0 0 0 0 0 0 0 0 0 0 0 0 0 0 0 0 0 0 0 0 0 0 0 0 0 0 0 0 0 0 0 
2 0 0 30 0 0 0 0 0 0 0 0 0 0 0 0 0 0 9 0 0 0 0 0 0 0 0 0 0 3 0 67 0 3 0 0 4 0 0 0 0 2 0 0 0 0 0 11 0 0 0 0 0 0 0 0 0 0 0 0 5 0 0 0 0 0 0 0 0 0 0 0 0 0 0 0 0 0 0 0 0 0 0 
368 0 30 0 0 0 235 409 0 0 0 14 0 0 1 0 0 56 17 4 0 0 4 0 0 0 0 578 2 637 0 55 0 373 0 1 67 0 4 0 0 578 0 0 0 0 0 396 0 0 0 0 17 0 0 0 0 0 0 0 10 0 0 0 0 0 0 0 0 0 0 0 0 0 0 0 0 0 0 0 0 0 0 
15 4 0 0 0 2495 1608 0 286 400 0 0 0 0 0 11 293 0 0 0 0 0 0 0 0 0 0 0 0 0 0 0 0 3752 0 0 991 0 0 0 0 0 0 0 0 0 0 0 0 0 0 0 0 0 0 0 0 0 0 0 0 0 0 0 0 0 0 0 0 0 0 0 0 0 0 0 0 0 0 0 0 0 0 
0 0 0 0 2495 0 1143 222 728 76 0 0 0 0 0 0 3 0 0 0 0 0 0 0 0 0 0 0 0 0 0 0 0 203 0 0 0 0 0 0 0 0 0 0 0 0 0 0 0 0 0 0 0 0 0 0 0 0 0 0 0 0 0 0 0 0 0 0 0 0 0 0 0 0 0 0 0 0 0 0 0 0 0 
3420 83 0 235 1608 1143 0 842 642 1006 0 880 137 0 6 8 485 89 215 0 0 0 2 0 0 0 0 33 0 282 0 730 0 10087 31 10399 22448 6 10 0 0 1021 0 2 0 0 0 16129 3065 0 0 0 64 54 0 7 0 0 22 0 339 6 0 0 0 0 0 0 0 0 0 0 0 0 0 0 0 0 0 0 0 0 0 
0 0 0 409 0 222 842 0 1110 4352 798 1688 17090 7903 0 0 29 0 0 0 0 0 0 0 0 0 0 0 0 0 0 0 0 7 13756 4105 7086 144 0 0 0 0 0 0 0 0 0 3450 15432 0 3810 69 29 2174 313 0 0 0 0 0 0 0 0 0 0 0 0 0 0 0 0 0 0 0 9 374 551 3664 0 0 0 0 1579 
0 0 0 0 286 728 642 1110 0 3904 0 0 0 0 0 0 3 0 0 0 0 0 0 0 0 0 0 0 0 0 0 0 0 1 5 0 9 0 0 0 0 0 0 0 0 0 0 0 0 0 0 0 0 0 0 0 0 0 0 0 0 0 0 0 0 0 0 0 0 0 0 0 0 0 0 0 0 0 0 0 0 0 0 
0 0 0 0 400 76 1006 4352 3904 0 18 0 0 59 0 1952 1946 32 0 0 0 0 0 0 0 0 0 0 0 0 0 0 0 1200 24165 3448 10502 432 0 0 0 0 0 0 0 0 0 0 100 0 4046 1419 0 0 26 0 0 0 0 0 38 0 0 0 0 0 0 0 0 0 0 0 0 0 0 1 11 0 0 0 0 0 2674 
0 0 0 0 0 0 0 798 0 18 0 0 0 3540 0 0 0 135 0 183 0 0 0 0 0 0 0 0 0 0 0 0 0 0 165 556 0 0 0 0 0 0 0 0 0 0 0 0 75 0 4439 1391 0 0 100 0 0 0 0 0 25 0 0 0 0 0 0 0 0 0 0 0 0 0 0 0 2 0 0 0 0 0 0 
1 0 0 14 0 0 880 1688 0 0 0 0 15 0 0 0 0 0 0 0 0 0 0 0 0 0 0 0 0 0 0 0 0 0 0 0 23 0 0 0 0 84 0 0 3 0 0 103 1 0 0 0 0 0 0 0 0 0 0 0 0 0 0 0 0 0 0 0 0 0 0 0 0 0 0 0 0 0 0 0 0 0 0 
0 0 0 0 0 0 137 17090 0 0 0 15 0 0 0 0 0 0 0 0 0 0 0 0 0 0 0 0 0 0 0 0 0 0 0 0 12 0 0 0 0 0 0 0 0 0 0 7 386 0 0 0 0 3 0 0 0 0 0 0 0 0 0 0 0 0 0 0 0 0 0 0 0 0 0 1 37 119 0 0 0 0 0 
0 0 0 0 0 0 0 7903 0 59 3540 0 0 0 1051 0 0 4467 0 5115 0 0 0 0 0 0 0 0 0 0 0 0 0 0 0 3 0 0 0 0 0 0 0 0 0 0 0 0 240 0 137 278 0 0 0 2 0 0 0 0 0 0 0 0 0 0 0 0 0 0 0 0 0 0 0 0 1 0 0 0 0 0 0 
6 0 0 1 0 0 6 0 0 0 0 0 0 1051 0 0 0 3511 1 12220 768 14 1112 50 20 146 0 0 0 0 0 0 0 9 0 0 87 0 0 24 0 0 0 0 0 0 0 0 0 0 0 0 0 0 0 24 0 0 0 0 31 0 0 0 0 0 0 0 0 0 0 0 0 0 0 0 0 0 0 0 0 0 0 
0 0 0 0 11 0 8 0 0 1952 0 0 0 0 0 0 2312 0 0 0 0 0 0 0 0 0 0 0 0 0 0 0 0 278 2184 42 4880 0 0 0 0 0 0 0 0 0 0 0 0 0 62 18 0 0 2 0 0 0 11 0 37 0 0 0 0 0 0 0 0 0 0 0 0 0 0 0 0 0 0 0 0 0 250 
0 2 0 0 293 3 485 29 3 1946 0 0 0 0 0 2312 0 246 5434 0 0 0 0 0 3 0 0 0 1109 706 395 235 11 5125 0 0 6043 0 0 0 0 0 0 0 0 0 0 0 0 0 0 0 0 0 0 0 0 0 0 0 0 0 0 0 0 0 0 0 0 0 0 0 0 0 0 0 0 0 0 0 0 0 0 
63 0 0 56 0 0 89 0 0 32 135 0 0 4467 3511 0 246 0 1702 139 5 342 1268 31 1193 0 0 0 513 0 0 13 0 1258 9928 132 10077 2121 2 650 232 1 0 0 0 0 0 0 0 0 214 52 0 0 347 1241 0 0 5463 0 10722 68 0 4 0 0 0 0 0 0 0 0 0 0 0 0 0 112 0 0 0 0 2060 
84 0 9 17 0 0 215 0 0 0 0 0 0 0 1 0 5434 1702 0 73 1 0 363 0 3305 0 0 0 5880 1144 52 841 1309 2403 15 0 8501 69 0 705 1 1 0 0 0 0 0 0 0 0 0 0 0 0 0 0 0 0 2934 0 2507 0 0 0 0 0 0 0 0 0 0 0 0 0 0 0 0 0 0 0 0 0 71 
0 0 0 4 0 0 0 0 0 0 183 0 0 5115 12220 0 0 139 73 0 96 3 23 1213 2 28 0 0 59 1 0 2 0 114 0 0 593 11 0 166 0 0 0 0 0 0 0 0 0 0 13 18 0 0 22 1109 0 0 1042 0 5552 485 0 25 0 0 0 0 0 0 0 0 0 0 0 0 0 0 0 0 0 0 0 
0 0 0 0 0 0 0 0 0 0 0 0 0 0 768 0 0 5 1 96 0 740 52 3135 92 22 0 0 0 0 0 0 0 0 0 0 4 0 0 171 0 0 0 0 0 0 0 0 0 0 0 0 0 0 0 7 0 0 4 0 47 10 0 4 0 0 0 0 0 0 0 0 0 0 0 0 0 0 0 0 0 0 0 
0 0 0 0 0 0 0 0 0 0 0 0 0 0 14 0 0 342 0 3 740 0 425 383 72 11 0 0 0 0 0 0 0 0 0 0 0 0 0 1 0 0 0 0 0 0 0 0 0 0 0 0 0 0 0 0 0 0 0 0 0 0 0 0 0 0 0 0 0 0 0 0 0 0 0 0 0 0 0 0 0 0 0 
2 0 0 4 0 0 2 0 0 0 0 0 0 0 1112 0 0 1268 363 23 52 425 0 63 8353 4 0 0 1167 2 0 1 0 432 0 0 486 8 0 3032 0 5 0 0 0 0 0 0 0 0 0 0 0 0 0 207 0 0 2444 0 2328 1068 2 217 0 0 0 0 0 0 4 0 1 0 0 0 0 61 0 0 17 0 0 
0 0 0 0 0 0 0 0 0 0 0 0 0 0 50 0 0 31 0 1213 3135 383 63 0 324 32 0 0 0 0 0 0 0 0 0 0 0 0 0 4 0 0 0 0 0 0 0 0 0 0 0 0 0 0 0 0 0 0 0 0 0 0 0 0 0 0 0 0 0 0 0 0 0 0 0 0 0 0 0 0 0 0 0 
1 0 0 0 0 0 0 0 0 0 0 0 0 0 20 0 3 1193 3305 2 92 72 8353 324 0 2 0 0 125 7 0 44 12 48 34 10 626 63 1 54 9 0 0 0 0 0 0 0 0 0 0 0 0 0 0 0 0 0 106 0 258 0 0 0 0 0 0 0 0 0 0 0 0 0 0 0 0 31 55 0 0 0 0 
0 0 0 0 0 0 0 0 0 0 0 0 0 0 146 0 0 0 0 28 22 11 4 32 2 0 70 0 0 0 0 0 0 0 0 0 1 0 0 72 0 0 0 0 0 0 0 0 0 0 0 0 0 0 0 0 0 0 0 0 0 0 0 0 0 0 0 0 0 0 0 0 0 0 0 0 0 0 0 0 0 0 0 
0 0 0 0 0 0 0 0 0 0 0 0 0 0 0 0 0 0 0 0 0 0 0 0 0 70 0 0 0 0 0 0 0 0 0 10 8 33 4 252 18 0 0 0 0 0 0 0 0 0 0 0 0 0 0 0 0 0 0 0 0 0 0 0 0 0 0 0 0 0 0 0 0 0 0 0 0 0 0 0 0 0 0 
139 0 0 578 0 0 33 0 0 0 0 0 0 0 0 0 0 0 0 0 0 0 0 0 0 0 0 0 0 6 0 0 0 1391 0 0 14 110 0 0 13 0 0 0 0 0 0 0 0 0 0 0 0 0 0 0 0 0 0 0 0 0 0 0 0 0 0 0 0 0 0 0 0 0 0 0 0 0 0 0 0 0 0 
0 0 0 2 0 0 0 0 0 0 0 0 0 0 0 0 1109 513 5880 59 0 0 1167 0 125 0 0 0 0 1715 874 905 164 1848 2 19 4122 368 5 10 15 0 0 0 0 0 0 0 0 0 0 0 0 0 0 0 0 0 35 0 178 0 0 0 0 0 0 0 0 0 0 0 0 0 0 0 0 4 3 0 0 0 1 
725 0 3 637 0 0 282 0 0 0 0 0 0 0 0 0 706 0 1144 1 0 0 2 0 7 0 0 6 1715 0 826 319 0 546 0 0 590 82 0 0 14 0 0 0 0 0 0 0 0 0 0 0 0 0 0 0 0 0 37 0 307 0 0 0 0 0 0 0 0 0 0 0 0 0 0 0 0 0 0 0 0 0 0 
0 0 0 0 0 0 0 0 0 0 0 0 0 0 0 0 395 0 52 0 0 0 0 0 0 0 0 0 874 826 0 837 0 11 0 0 30 0 0 0 0 0 0 0 0 0 0 0 0 0 0 0 0 0 0 0 0 0 0 0 1 0 0 0 0 0 0 0 0 0 0 0 0 0 0 0 0 0 0 0 0 0 0 
1368 0 67 55 0 0 730 0 0 0 0 0 0 0 0 0 235 13 841 2 0 0 1 0 44 0 0 0 905 319 837 0 217 665 0 0 250 0 0 0 0 0 0 0 0 0 0 0 0 0 0 0 0 0 0 0 0 0 5 0 41 0 0 0 0 0 0 0 0 0 0 0 0 0 0 0 0 0 0 0 0 0 0 
0 0 0 0 0 0 0 0 0 0 0 0 0 0 0 0 11 0 1309 0 0 0 0 0 12 0 0 0 164 0 0 217 0 0 0 0 0 0 0 0 0 0 0 0 0 0 0 0 0 0 0 0 0 0 0 0 0 0 1 0 0 0 0 0 0 0 0 0 0 0 0 0 0 0 0 0 0 0 0 0 0 0 0 
1455 1869 3 373 3752 203 10087 7 1 1200 0 0 0 0 9 278 5125 1258 2403 114 0 0 432 0 48 0 0 1391 1848 546 11 665 0 0 0 0 113 0 1 0 0 0 0 0 0 0 0 0 0 0 0 0 0 0 0 3 0 0 42 0 924 2 0 0 0 0 0 0 0 0 0 0 0 0 0 0 0 0 0 0 0 0 28 
0 0 0 0 0 0 31 13756 5 24165 165 0 0 0 0 2184 0 9928 15 0 0 0 0 0 34 0 0 0 2 0 0 0 0 0 0 550 373 33 0 136 556 0 0 0 0 0 0 347 2 0 32 0 0 0 1 91 0 0 1140 0 458 0 0 0 0 0 6 0 0 0 0 0 0 0 0 0 4 0 0 0 112 0 116 
9 0 0 1 0 0 10399 4105 0 3448 556 0 0 3 0 42 0 132 0 0 0 0 0 0 10 0 10 0 19 0 0 0 0 0 550 0 29 17 0 0 8 474 0 0 0 0 0 351 1 0 864 40 0 0 0 0 0 0 16 0 10 0 0 0 0 0 0 0 0 0 0 0 0 0 0 0 0 0 0 0 0 0 430 
201 442 4 67 991 0 22448 7086 9 10502 0 23 12 0 87 4880 6043 10077 8501 593 4 0 486 0 626 1 8 14 4122 590 30 250 0 113 373 29 0 129 1 10 2 102 0 0 0 0 0 19 0 0 0 0 0 0 0 23 0 0 124 0 3031 18 0 0 0 0 0 0 0 0 0 0 0 0 0 3 0 143 486 0 2 0 2560 
0 0 0 0 0 0 6 144 0 432 0 0 0 0 0 0 0 2121 69 11 0 0 8 0 63 0 33 110 368 82 0 0 0 0 33 17 129 0 0 4 0 0 0 0 0 0 0 0 0 0 0 0 0 0 0 0 0 0 84 0 1556 0 0 0 0 0 0 0 0 0 0 0 0 0 0 12 0 57 302 0 0 0 6854 
3 0 0 4 0 0 10 0 0 0 0 0 0 0 0 0 0 2 0 0 0 0 0 0 1 0 4 0 5 0 0 0 0 1 0 0 1 0 0 0 0 575 0 0 0 0 0 264 0 0 0 0 0 0 0 0 0 0 0 0 0 0 0 0 0 0 0 0 0 0 0 0 0 0 0 0 0 0 0 0 0 0 0 
0 0 0 0 0 0 0 0 0 0 0 0 0 0 24 0 0 650 705 166 171 1 3032 4 54 72 252 0 10 0 0 0 0 0 136 0 10 4 0 0 46 73 0 0 0 0 0 0 0 0 0 0 0 0 0 54 0 0 1632 0 291 0 0 0 0 0 0 0 0 0 1 0 2 0 3 0 0 602 76 0 24 0 0 
1 0 0 0 0 0 0 0 0 0 0 0 0 0 0 0 0 232 1 0 0 0 0 0 9 0 18 13 15 14 0 0 0 0 556 8 2 0 0 46 0 0 0 0 0 0 0 0 0 0 0 0 0 0 0 0 0 0 0 0 2 0 0 0 0 0 0 0 0 0 0 0 0 0 0 0 0 0 0 0 0 0 4 
88 0 2 578 0 0 1021 0 0 0 0 84 0 0 0 0 0 1 1 0 0 0 5 0 0 0 0 0 0 0 0 0 0 0 0 474 102 0 575 73 0 0 52 0 657 103 3 0 0 0 0 0 1273 0 0 0 0 0 625 0 234 542 0 2339 0 0 0 0 0 2 124 0 498 0 401 0 205 7710 0 189 0 0 0 
0 0 0 0 0 0 0 0 0 0 0 0 0 0 0 0 0 0 0 0 0 0 0 0 0 0 0 0 0 0 0 0 0 0 0 0 0 0 0 0 0 52 0 0 0 66 0 17 0 0 0 0 0 0 0 0 0 0 11 0 9 43 0 104 0 0 0 0 0 0 0 0 3 0 3 0 0 3720 0 0 0 0 0 
0 0 0 0 0 0 2 0 0 0 0 0 0 0 0 0 0 0 0 0 0 0 0 0 0 0 0 0 0 0 0 0 0 0 0 0 0 0 0 0 0 0 0 0 717 0 0 0 0 0 0 0 168 0 0 0 0 0 0 0 0 0 0 0 0 0 0 0 0 0 0 0 0 0 0 0 0 0 0 0 0 0 0 
0 0 0 0 0 0 0 0 0 0 0 3 0 0 0 0 0 0 0 0 0 0 0 0 0 0 0 0 0 0 0 0 0 0 0 0 0 0 0 0 0 657 0 717 0 0 0 181 19 0 0 0 8 0 0 0 0 0 9 0 3 5 0 18 0 0 0 0 0 0 0 0 0 0 0 1 1 1 4 19 0 1 16 
0 0 0 0 0 0 0 0 0 0 0 0 0 0 0 0 0 0 0 0 0 0 0 0 0 0 0 0 0 0 0 0 0 0 0 0 0 0 0 0 0 103 66 0 0 0 958 173 0 0 0 0 0 0 0 0 0 0 0 0 0 0 0 0 0 0 0 0 0 0 0 0 0 0 224 0 291 8788 0 0 0 0 0 
0 0 0 0 0 0 0 0 0 0 0 0 0 0 0 0 0 0 0 0 0 0 0 0 0 0 0 0 0 0 0 0 0 0 0 0 0 0 0 0 0 3 0 0 0 958 0 626 3120 2562 1410 0 0 94 0 0 3 0 0 0 0 0 0 0 0 0 0 0 0 0 0 0 0 0 629 0 168 1932 0 0 0 0 0 
33 0 11 396 0 0 16129 3450 0 0 0 103 7 0 0 0 0 0 0 0 0 0 0 0 0 0 0 0 0 0 0 0 0 0 347 351 19 0 264 0 0 0 17 0 181 173 626 0 2405 89 8 0 1728 613 0 0 0 0 0 0 0 0 0 0 0 0 0 0 0 0 0 0 0 0 297 0 14143 13849 59 14 0 0 0 
0 0 0 0 0 0 3065 15432 0 100 75 1 386 240 0 0 0 0 0 0 0 0 0 0 0 0 0 0 0 0 0 0 0 0 2 1 0 0 0 0 0 0 0 0 19 0 3120 2405 0 1604 418 1391 3828 18876 10094 80 0 0 0 0 92 0 0 0 0 0 0 0 0 0 0 0 0 0 2885 2674 1226 20262 0 0 0 0 1 
0 0 0 0 0 0 0 0 0 0 0 0 0 0 0 0 0 0 0 0 0 0 0 0 0 0 0 0 0 0 0 0 0 0 0 0 0 0 0 0 0 0 0 0 0 0 2562 89 1604 0 2742 0 0 0 0 0 1 0 0 0 0 0 0 0 0 0 0 0 0 0 0 0 0 0 1122 0 0 1275 0 0 0 0 0 
0 0 0 0 0 0 0 3810 0 4046 4439 0 0 137 0 62 0 214 0 13 0 0 0 0 0 0 0 0 0 0 0 0 0 0 32 864 0 0 0 0 0 0 0 0 0 0 1410 8 418 2742 0 24 0 0 492 0 1363 283 1503 2166 0 0 0 0 0 0 0 0 0 6886 1145 12 301 14 1278 15931 3704 20543 0 0 0 0 28 
0 0 0 0 0 0 0 69 0 1419 1391 0 0 278 0 18 0 52 0 18 0 0 0 0 0 0 0 0 0 0 0 0 0 0 0 40 0 0 0 0 0 0 0 0 0 0 0 0 1391 0 24 0 0 0 2893 0 15 0 0 0 7 0 0 0 0 0 0 0 0 0 0 0 0 0 0 44 226 0 0 0 0 0 0 
0 0 0 17 0 0 64 29 0 0 0 0 0 0 0 0 0 0 0 0 0 0 0 0 0 0 0 0 0 0 0 0 0 0 0 0 0 0 0 0 0 1273 0 168 8 0 0 1728 3828 0 0 0 0 333 0 0 0 0 0 0 0 0 0 0 0 0 0 0 0 0 0 0 0 0 0 0 0 0 0 10 0 0 0 
0 0 0 0 0 0 54 2174 0 0 0 0 3 0 0 0 0 0 0 0 0 0 0 0 0 0 0 0 0 0 0 0 0 0 0 0 0 0 0 0 0 0 0 0 0 0 94 613 18876 0 0 0 333 0 240 0 0 0 0 0 0 0 0 0 0 0 0 0 0 0 0 0 0 0 295 87 401 2482 0 0 0 0 7 
0 0 0 0 0 0 0 313 0 26 100 0 0 0 0 2 0 347 0 22 0 0 0 0 0 0 0 0 0 0 0 0 0 0 1 0 0 0 0 0 0 0 0 0 0 0 0 0 10094 0 492 2893 0 240 0 435 0 0 64 0 2359 0 0 0 0 0 0 0 0 0 0 0 0 0 0 0 0 0 0 0 0 0 0 
1 0 0 0 0 0 7 0 0 0 0 0 0 2 24 0 0 1241 0 1109 7 0 207 0 0 0 0 0 0 0 0 0 0 3 91 0 23 0 0 54 0 0 0 0 0 0 0 0 80 0 0 0 0 0 435 0 0 0 7 0 2337 775 29 13 35 0 16 0 0 0 0 0 0 0 0 0 0 0 0 0 0 0 0 
0 0 0 0 0 0 0 0 0 0 0 0 0 0 0 0 0 0 0 0 0 0 0 0 0 0 0 0 0 0 0 0 0 0 0 0 0 0 0 0 0 0 0 0 0 0 3 0 0 1 1363 15 0 0 0 0 0 1096 312 391 0 0 0 0 0 0 0 0 0 2256 15 3 33 0 64 1350 8 7189 0 0 0 0 103 
0 0 0 0 0 0 0 0 0 0 0 0 0 0 0 0 0 0 0 0 0 0 0 0 0 0 0 0 0 0 0 0 0 0 0 0 0 0 0 0 0 0 0 0 0 0 0 0 0 0 283 0 0 0 0 0 1096 0 37 3131 0 0 0 0 0 0 0 0 0 5180 562 785 262 0 73 0 0 0 0 0 0 0 0 
1 0 0 0 0 0 22 0 0 0 0 0 0 0 0 11 0 5463 2934 1042 4 0 2444 0 106 0 0 0 35 37 0 5 1 42 1140 16 124 84 0 1632 0 625 11 0 9 0 0 0 0 0 1503 0 0 0 64 7 312 37 0 390 94 428 98 2667 0 904 0 0 0 1521 723 0 1390 472 2321 7253 238 18784 1210 0 42 4 464 
0 0 0 0 0 0 0 0 0 0 0 0 0 0 0 0 0 0 0 0 0 0 0 0 0 0 0 0 0 0 0 0 0 0 0 0 0 0 0 0 0 0 0 0 0 0 0 0 0 0 2166 0 0 0 0 0 391 3131 390 0 10 4 0 1567 0 699 0 0 0 7056 2246 9 3780 1176 719 0 0 1980 0 0 0 0 0 
176 0 5 10 0 0 339 0 0 38 25 0 0 0 31 37 0 10722 2507 5552 47 0 2328 0 258 0 0 0 178 307 1 41 0 924 458 10 3031 1556 0 291 2 234 9 0 3 0 0 0 92 0 0 7 0 0 2359 2337 0 0 94 10 0 139 0 206 0 274 0 0 0 0 114 0 575 0 378 451 71 1397 424 0 21 2 18 
1 0 0 0 0 0 6 0 0 0 0 0 0 0 0 0 0 68 0 485 10 0 1068 0 0 0 0 0 0 0 0 0 0 2 0 0 18 0 0 0 0 542 43 0 5 0 0 0 0 0 0 0 0 0 0 775 0 0 428 4 139 0 1211 340 196 328 48 0 0 159 128 0 1282 0 1334 0 0 1102 0 0 22 0 0 
0 0 0 0 0 0 0 0 0 0 0 0 0 0 0 0 0 0 0 0 0 0 2 0 0 0 0 0 0 0 0 0 0 0 0 0 0 0 0 0 0 0 0 0 0 0 0 0 0 0 0 0 0 0 0 29 0 0 98 0 0 1211 0 0 295 2396 167 0 0 605 1119 0 5 0 0 0 0 0 0 0 0 0 0 
0 0 0 0 0 0 0 0 0 0 0 0 0 0 0 0 0 4 0 25 4 0 217 0 0 0 0 0 0 0 0 0 0 0 0 0 0 0 0 0 0 2339 104 0 18 0 0 0 0 0 0 0 0 0 0 13 0 0 2667 1567 206 340 0 0 43 2131 0 0 0 7274 3550 0 1988 0 952 0 0 424 0 0 0 0 0 
0 0 0 0 0 0 0 0 0 0 0 0 0 0 0 0 0 0 0 0 0 0 0 0 0 0 0 0 0 0 0 0 0 0 0 0 0 0 0 0 0 0 0 0 0 0 0 0 0 0 0 0 0 0 0 35 0 0 0 0 0 196 295 43 0 5944 56 0 0 1895 68 0 0 0 0 0 0 0 0 0 0 0 0 
0 0 0 0 0 0 0 0 0 0 0 0 0 0 0 0 0 0 0 0 0 0 0 0 0 0 0 0 0 0 0 0 0 0 0 0 0 0 0 0 0 0 0 0 0 0 0 0 0 0 0 0 0 0 0 0 0 0 904 699 274 328 2396 2131 5944 0 1 0 0 37 8 0 47 0 18 165 0 247 2 0 4 10 0 
0 0 0 0 0 0 0 0 0 0 0 0 0 0 0 0 0 0 0 0 0 0 0 0 0 0 0 0 0 0 0 0 0 0 6 0 0 0 0 0 0 0 0 0 0 0 0 0 0 0 0 0 0 0 0 16 0 0 0 0 0 48 167 0 56 1 0 13 0 0 0 0 0 0 0 0 0 0 0 0 134 0 0 
0 0 0 0 0 0 0 0 0 0 0 0 0 0 0 0 0 0 0 0 0 0 0 0 0 0 0 0 0 0 0 0 0 0 0 0 0 0 0 0 0 0 0 0 0 0 0 0 0 0 0 0 0 0 0 0 0 0 0 0 0 0 0 0 0 0 13 0 0 0 0 0 0 0 0 0 0 0 0 0 444 0 0 
0 0 0 0 0 0 0 0 0 0 0 0 0 0 0 0 0 0 0 0 0 0 0 0 0 0 0 0 0 0 0 0 0 0 0 0 0 0 0 0 0 0 0 0 0 0 0 0 0 0 0 0 0 0 0 0 0 0 0 0 0 0 0 0 0 0 0 0 0 0 0 0 0 0 113 1 0 46 31 0 0 23 0 
0 0 0 0 0 0 0 0 0 0 0 0 0 0 0 0 0 0 0 0 0 0 0 0 0 0 0 0 0 0 0 0 0 0 0 0 0 0 0 0 0 2 0 0 0 0 0 0 0 0 6886 0 0 0 0 0 2256 5180 1521 7056 0 159 605 7274 1895 37 0 0 0 0 836 83 444 1 97 18 0 822 25 0 0 142 0 
0 0 0 0 0 0 0 0 0 0 0 0 0 0 0 0 0 0 0 0 0 0 4 0 0 0 0 0 0 0 0 0 0 0 0 0 0 0 0 1 0 124 0 0 0 0 0 0 0 0 1145 0 0 0 0 0 15 562 723 2246 114 128 1119 3550 68 8 0 0 0 836 0 295 683 0 260 121 0 399 25 0 13 0 0 
0 0 0 0 0 0 0 0 0 0 0 0 0 0 0 0 0 0 0 0 0 0 0 0 0 0 0 0 0 0 0 0 0 0 0 0 0 0 0 0 0 0 0 0 0 0 0 0 0 0 12 0 0 0 0 0 3 785 0 9 0 0 0 0 0 0 0 0 0 83 295 0 2557 0 0 0 0 0 0 0 0 0 0 
0 0 0 0 0 0 0 0 0 0 0 0 0 0 0 0 0 0 0 0 0 0 1 0 0 0 0 0 0 0 0 0 0 0 0 0 0 0 0 2 0 498 3 0 0 0 0 0 0 0 301 0 0 0 0 0 33 262 1390 3780 575 1282 5 1988 0 47 0 0 0 444 683 2557 0 31 2326 10 0 239 39 0 2 0 0 
0 0 0 0 0 0 0 0 0 0 0 0 0 0 0 0 0 0 0 0 0 0 0 0 0 0 0 0 0 0 0 0 0 0 0 0 0 0 0 0 0 0 0 0 0 0 0 0 0 0 14 0 0 0 0 0 0 0 472 1176 0 0 0 0 0 0 0 0 0 1 0 0 31 0 8 0 0 2 0 0 0 0 0 
0 0 0 0 0 0 0 9 0 0 0 0 0 0 0 0 0 0 0 0 0 0 0 0 0 0 0 0 0 0 0 0 0 0 0 0 0 0 0 3 0 401 3 0 0 224 629 297 2885 1122 1278 0 0 295 0 0 64 73 2321 719 378 1334 0 952 0 18 0 0 113 97 260 0 2326 8 0 0 0 94 0 0 5 0 0 
0 0 0 0 0 0 0 374 0 1 0 0 1 0 0 0 0 0 0 0 0 0 0 0 0 0 0 0 0 0 0 0 0 0 0 0 3 12 0 0 0 0 0 0 1 0 0 0 2674 0 15931 44 0 87 0 0 1350 0 7253 0 451 0 0 0 0 165 0 0 1 18 121 0 10 0 0 0 537 645 20 0 301 197 91 
0 0 0 0 0 0 0 551 0 11 2 0 37 1 0 0 0 0 0 0 0 0 0 0 0 0 0 0 0 0 0 0 0 0 4 0 0 0 0 0 0 205 0 0 1 291 168 14143 1226 0 3704 226 0 401 0 0 8 0 238 0 71 0 0 0 0 0 0 0 0 0 0 0 0 0 0 537 0 86 3 4 7 1 180 
0 0 0 0 0 0 0 3664 0 0 0 0 119 0 0 0 0 112 0 0 0 0 61 0 31 0 0 0 4 0 0 0 0 0 0 0 143 57 0 602 0 7710 3720 0 1 8788 1932 13849 20262 1275 20543 0 0 2482 0 0 7189 0 18784 1980 1397 1102 0 424 0 247 0 0 46 822 399 0 239 2 94 645 86 0 0 10 1 0 2675 
0 0 0 0 0 0 0 0 0 0 0 0 0 0 0 0 0 0 0 0 0 0 0 0 55 0 0 0 3 0 0 0 0 0 0 0 486 302 0 76 0 0 0 0 4 0 0 59 0 0 0 0 0 0 0 0 0 0 1210 0 424 0 0 0 0 2 0 0 31 25 25 0 39 0 0 20 3 0 0 0 0 0 10100 
0 0 0 0 0 0 0 0 0 0 0 0 0 0 0 0 0 0 0 0 0 0 0 0 0 0 0 0 0 0 0 0 0 0 0 0 0 0 0 0 0 189 0 0 19 0 0 14 0 0 0 0 10 0 0 0 0 0 0 0 0 0 0 0 0 0 0 0 0 0 0 0 0 0 0 0 4 10 0 0 0 0 0 
0 0 0 0 0 0 0 0 0 0 0 0 0 0 0 0 0 0 0 0 0 0 17 0 0 0 0 0 0 0 0 0 0 0 112 0 2 0 0 24 0 0 0 0 0 0 0 0 0 0 0 0 0 0 0 0 0 0 42 0 21 22 0 0 0 4 134 444 0 0 13 0 2 0 5 301 7 1 0 0 0 77 0 
0 0 0 0 0 0 0 0 0 0 0 0 0 0 0 0 0 0 0 0 0 0 0 0 0 0 0 0 0 0 0 0 0 0 0 0 0 0 0 0 0 0 0 0 1 0 0 0 0 0 0 0 0 0 0 0 0 0 4 0 2 0 0 0 0 10 0 0 23 142 0 0 0 0 0 197 1 0 0 0 77 0 1 
0 0 0 0 0 0 0 1579 0 2674 0 0 0 0 0 250 0 2060 71 0 0 0 0 0 0 0 0 0 1 0 0 0 0 28 116 430 2560 6854 0 0 4 0 0 0 16 0 0 0 1 0 28 0 0 7 0 0 103 0 464 0 18 0 0 0 0 0 0 0 0 0 0 0 0 0 0 91 180 2675 10100 0 0 1 0 
