0 1088 418 297 0 0 2117 0 0 0 0 85 0 0 0 0 0 0 0 0 0 0 0 0 0 0 0 0 8 1 0 0 0 2201 0 0 1596 0 0 0 0 627 0 53 0 0 0 648 136 0 0 0 0 0 0 0 0 0 0 0 0 0 0 0 0 0 0 0 0 0 0 0 0 0 0 0 0 0 0 2 0 0 0 
1088 0 0 0 32 0 2813 0 0 0 0 0 0 0 0 0 0 0 0 0 0 0 0 0 0 0 0 0 0 0 0 0 0 881 0 0 1009 0 0 0 0 0 0 0 0 0 0 0 0 0 0 0 0 0 0 0 0 0 0 0 0 0 0 0 0 0 0 0 0 0 0 0 0 0 0 0 0 0 0 0 0 0 0 
418 0 0 983 0 0 0 159 0 0 0 61 8 0 0 0 0 0 0 0 0 0 0 0 0 0 0 0 0 0 0 0 0 25 0 0 695 0 1 0 0 795 0 134 0 0 0 1289 482 0 0 0 4 0 0 0 0 0 0 0 0 0 0 0 0 0 0 0 0 0 0 0 0 0 0 0 0 0 0 0 0 0 0 
297 0 983 0 0 0 0 0 0 0 0 8 0 0 0 0 0 0 0 0 0 0 0 0 0 0 0 0 0 0 0 0 0 1 0 0 0 0 6 0 0 271 0 0 0 0 0 170 0 0 0 0 2 0 0 0 0 0 0 0 0 0 0 0 0 0 0 0 0 0 0 0 0 0 0 0 0 0 0 0 0 0 0 
0 32 0 0 0 43 2249 15 86 92 0 0 1142 0 0 0 0 0 0 0 0 0 0 0 0 0 0 0 0 0 0 0 0 845 0 0 4391 3 0 0 0 0 0 0 0 0 0 0 72 0 0 0 0 0 0 0 0 0 0 0 0 0 0 0 0 0 0 0 0 0 0 0 0 0 0 0 0 2 0 0 0 0 0 
0 0 0 0 43 0 6 8431 1638 4306 0 0 4157 4 0 0 1058 548 202 0 0 0 0 0 0 0 0 0 0 0 0 0 0 537 0 0 1431 0 0 0 0 0 0 0 0 0 0 0 44 0 0 0 0 16 0 0 0 0 0 0 0 0 0 0 0 0 0 0 0 0 0 0 0 0 0 0 0 0 0 0 0 0 0 
2117 2813 0 0 2249 6 0 15126 188 531 0 2071 13794 45 0 0 0 0 0 0 0 0 0 0 0 0 0 0 0 0 0 0 0 586 1415 5883 18163 914 49 0 0 841 0 900 2 0 0 3208 1572 0 0 0 89 0 0 0 0 0 0 0 0 0 0 0 0 0 0 0 0 0 0 0 0 0 0 0 0 0 0 0 0 0 685 
0 0 159 0 15 8431 15126 0 1712 661 875 177 10950 9953 0 0 8 4 0 784 0 0 0 0 0 0 0 0 0 0 0 0 0 516 3884 0 10550 81 0 0 0 3 0 0 0 0 0 0 2704 0 0 98 0 373 688 0 0 0 0 0 0 0 0 0 0 0 0 0 0 0 0 0 0 0 0 0 1 0 0 0 0 0 546 
0 0 0 0 86 1638 188 1712 0 2400 0 0 0 0 0 0 0 0 0 0 0 0 0 0 0 0 0 0 0 0 0 0 0 0 0 0 0 0 0 0 0 0 0 0 0 0 0 0 0 0 0 0 0 0 0 0 0 0 0 0 0 0 0 0 0 0 0 0 0 0 0 0 0 0 0 0 0 0 0 0 0 0 0 
0 0 0 0 92 4306 531 661 2400 0 65 0 156 486 0 120 5333 286 1087 0 0 0 0 0 0 0 0 0 416 340 62 2 0 4372 16497 553 32574 0 0 0 0 0 0 0 0 0 0 29 165 0 7 34 4 0 185 0 54 0 0 0 0 0 0 0 0 0 0 0 0 0 0 0 0 0 0 0 10 0 0 0 0 0 527 
0 0 0 0 0 0 0 875 0 65 0 0 11 6433 22 111 0 49 0 289 0 0 0 0 0 0 0 0 0 0 0 0 0 0 2190 333 3 0 0 0 0 0 0 0 0 0 0 3 15 0 80 104 0 0 760 0 174 0 0 0 0 0 0 0 0 0 0 0 0 0 0 0 0 0 0 0 2 1 0 0 0 0 0 
85 0 61 8 0 0 2071 177 0 0 0 0 0 0 0 0 0 0 0 0 0 0 0 0 0 0 0 0 0 0 0 0 0 0 0 0 1 0 4 0 0 50 0 0 8 0 0 3 0 0 0 0 7 0 0 0 0 0 0 0 0 0 0 0 0 0 0 0 0 0 0 0 0 0 0 0 0 0 0 3 0 0 0 
0 0 8 0 1142 4157 13794 10950 0 156 11 0 0 123 0 24 0 1 0 0 0 0 0 0 0 0 0 0 0 0 0 0 0 11 363 1259 1904 73 0 0 0 11 0 3 0 0 33 16 359 0 0 0 0 0 0 0 0 0 0 0 0 0 0 0 0 0 0 0 0 0 0 0 0 0 0 9 2 0 0 0 0 0 1 
0 0 0 0 0 4 45 9953 0 486 6433 0 123 0 11 418 0 628 0 4008 0 0 0 0 0 0 0 0 0 0 0 0 0 0 18 23 256 0 0 0 0 0 0 0 0 0 0 0 0 0 2 2 0 0 32 0 1 0 0 0 0 0 0 0 0 0 0 0 0 0 0 0 0 0 0 0 0 0 0 0 0 0 0 
0 0 0 0 0 0 0 0 0 0 22 0 0 11 0 73 0 7081 0 12562 67 0 0 2 0 54 0 0 9 2 0 0 0 1 0 0 131 0 0 10 60 0 0 0 0 0 0 0 0 0 0 0 0 0 0 4 0 0 227 461 527 273 0 3 0 13 0 0 0 15 0 0 0 0 0 0 0 0 0 0 1 0 2 
0 0 0 0 0 0 0 0 0 120 111 0 24 418 73 0 4279 205 295 0 0 0 0 0 0 0 0 0 591 411 847 682 0 1219 3335 49 2239 0 0 10 0 0 0 0 0 0 0 17 67 0 2 1 0 0 13 0 2 0 12 0 34 0 0 0 0 0 0 0 0 0 0 0 0 0 0 0 1 0 0 0 0 0 342 
0 0 0 0 0 1058 0 8 0 5333 0 0 0 0 0 4279 0 2111 8286 0 0 0 0 0 0 0 0 0 737 588 1437 1331 65 278 0 0 7 0 0 0 0 0 0 0 0 0 0 0 0 0 0 0 0 0 0 0 0 0 0 0 0 0 0 0 0 0 0 0 0 0 0 0 0 0 0 0 0 0 0 0 0 0 0 
0 0 0 0 0 548 0 4 0 286 49 0 1 628 7081 205 2111 0 6812 750 0 1 5386 21 220 0 0 0 5147 4290 83 5090 788 6044 2900 8 5733 0 0 183 1042 0 0 0 0 0 0 1 6 0 0 12 0 0 24 19 21 12 171 420 3129 0 0 6 0 543 0 0 0 1492 0 0 0 0 0 10 0 110 0 0 59 0 2765 
0 0 0 0 0 202 0 0 0 1087 0 0 0 0 0 295 8286 6812 0 422 0 0 123 0 86 0 0 0 9113 8637 1661 713 0 2012 0 0 118 0 0 0 0 0 0 0 0 0 0 0 0 0 0 0 0 0 0 0 0 0 0 0 7 0 0 0 0 0 0 0 0 0 0 0 0 0 0 0 0 0 0 0 0 0 0 
0 0 0 0 0 0 0 784 0 0 289 0 0 4008 12562 0 0 750 422 0 0 9 526 1158 718 21 0 0 782 353 0 2 0 74 15 0 577 0 0 264 127 0 0 0 0 0 0 0 0 0 0 0 0 0 13 1048 5 2 1 10 1471 0 0 3 0 106 0 0 0 382 0 0 0 0 0 5 0 40 0 0 11 0 0 
0 0 0 0 0 0 0 0 0 0 0 0 0 0 67 0 0 0 0 0 0 5 867 1261 2250 17 0 0 1329 0 0 0 0 0 0 0 0 0 0 0 0 0 0 0 0 0 0 0 0 0 0 0 0 0 0 0 0 0 0 0 15 0 0 4 7 101 0 0 0 348 0 0 0 0 0 0 0 24 0 0 5 0 0 
0 0 0 0 0 0 0 0 0 0 0 0 0 0 0 0 0 1 0 9 5 0 299 19 3560 0 0 0 6 0 0 0 0 0 0 0 0 0 0 0 0 0 0 0 0 0 0 0 0 0 0 0 0 0 0 0 0 0 0 0 0 0 0 0 0 0 0 0 0 0 0 0 0 0 0 0 0 0 0 0 0 0 0 
0 0 0 0 0 0 0 0 0 0 0 0 0 0 0 0 0 5386 123 526 867 299 0 100 1944 0 0 0 3010 2 4 0 0 0 0 0 0 0 0 0 0 0 0 0 0 0 0 0 0 0 0 0 0 0 0 0 0 0 0 0 5 0 0 0 0 7 0 0 0 27 0 0 0 0 0 0 0 1 0 0 0 0 0 
0 0 0 0 0 0 0 0 0 0 0 0 0 0 2 0 0 21 0 1158 1261 19 100 0 2504 0 0 0 5 0 0 0 0 0 0 0 0 0 0 0 0 0 0 0 0 0 0 0 0 0 0 0 0 0 0 0 0 0 0 0 0 0 0 0 0 0 0 0 0 0 0 0 0 0 0 0 0 0 0 0 0 0 0 
0 0 0 0 0 0 0 0 0 0 0 0 0 0 0 0 0 220 86 718 2250 3560 1944 2504 0 9 0 0 327 0 0 0 0 171 0 0 111 0 0 50 3 0 0 0 0 0 0 0 0 0 0 0 0 0 0 0 0 0 0 0 1 0 0 0 0 0 0 0 0 0 0 0 0 0 0 0 0 0 0 0 0 0 0 
0 0 0 0 0 0 0 0 0 0 0 0 0 0 54 0 0 0 0 21 17 0 0 0 9 0 0 0 6 0 0 0 0 0 0 0 0 0 0 9 0 0 0 0 0 0 0 0 0 0 0 0 0 0 0 0 0 0 0 0 0 0 0 0 0 0 0 0 0 0 0 0 0 0 0 0 0 0 0 0 0 0 0 
0 0 0 0 0 0 0 0 0 0 0 0 0 0 0 0 0 0 0 0 0 0 0 0 0 0 0 0 0 0 0 0 0 0 0 0 0 0 0 0 0 0 0 0 0 0 0 0 0 0 0 0 0 0 0 0 0 0 0 0 0 0 0 0 0 0 0 0 0 0 0 0 0 0 0 0 0 0 0 0 0 0 0 
0 0 0 0 0 0 0 0 0 0 0 0 0 0 0 0 0 0 0 0 0 0 0 0 0 0 0 0 0 0 0 6 0 476 0 0 0 0 0 0 0 0 0 0 0 0 0 0 0 0 0 0 0 0 0 0 0 0 0 0 0 0 0 0 0 0 0 0 0 0 0 0 0 0 0 0 0 0 0 0 0 0 0 
8 0 0 0 0 0 0 0 0 416 0 0 0 0 9 591 737 5147 9113 782 1329 6 3010 5 327 6 0 0 0 230 705 3 1 3201 1 0 1776 0 0 81 96 0 0 0 0 0 0 0 0 0 0 0 0 0 0 10 0 0 0 0 2717 0 0 0 0 17 0 0 0 7 0 0 0 0 0 32 0 0 0 0 82 0 0 
1 0 0 0 0 0 0 0 0 340 0 0 0 0 2 411 588 4290 8637 353 0 0 2 0 0 0 0 0 230 0 397 4188 0 3293 0 0 36 0 0 0 0 0 0 0 0 0 0 0 0 0 0 0 0 0 0 0 0 0 0 0 1198 0 0 0 0 0 0 0 0 0 0 0 0 0 0 0 0 0 0 0 1 0 0 
0 0 0 0 0 0 0 0 0 62 0 0 0 0 0 847 1437 83 1661 0 0 0 4 0 0 0 0 0 705 397 0 976 0 147 0 0 0 0 0 0 0 0 0 0 0 0 0 0 0 0 0 0 0 0 0 0 0 0 0 0 0 0 0 0 0 0 0 0 0 0 0 0 0 0 0 0 0 0 0 0 0 0 0 
0 0 0 0 0 0 0 0 0 2 0 0 0 0 0 682 1331 5090 713 2 0 0 0 0 0 0 0 6 3 4188 976 0 800 325 0 0 0 0 0 0 0 0 0 0 0 0 0 0 0 0 0 0 0 0 0 6 0 0 0 0 2 0 0 0 0 0 0 0 0 0 0 0 0 0 0 0 0 0 0 0 0 0 0 
0 0 0 0 0 0 0 0 0 0 0 0 0 0 0 0 65 788 0 0 0 0 0 0 0 0 0 0 1 0 0 800 0 17 0 0 0 0 0 0 0 0 0 0 0 0 0 0 0 0 0 0 0 0 0 0 0 0 0 0 0 0 0 0 0 0 0 0 0 0 0 0 0 0 0 0 0 0 0 0 0 0 0 
2201 881 25 1 845 537 586 516 0 4372 0 0 11 0 1 1219 278 6044 2012 74 0 0 0 0 171 0 0 476 3201 3293 147 325 17 0 0 0 37 0 0 0 0 2 0 0 0 0 0 0 120 0 0 0 0 1 0 65 0 0 0 0 613 0 0 0 0 0 0 0 0 0 0 0 0 0 0 0 0 0 0 0 0 0 242 
0 0 0 0 0 0 1415 3884 0 16497 2190 0 363 18 0 3335 0 2900 0 15 0 0 0 0 0 0 0 0 1 0 0 0 0 0 0 1710 718 208 2 527 657 0 0 0 0 1 16 124 2872 0 4 1291 2 110 275 0 1 0 0 0 3 0 0 0 0 0 0 0 0 0 0 0 0 0 0 1 6 20 0 0 0 0 75 
0 0 0 0 0 0 5883 0 0 553 333 0 1259 23 0 49 0 8 0 0 0 0 0 0 0 0 0 0 0 0 0 0 0 0 1710 0 9 4 39 34 0 1 0 71 0 17 0 821 3018 0 0 0 4 1 19 0 6 0 0 0 0 0 0 0 0 0 0 0 0 0 0 0 0 0 0 12 83 41 0 0 0 0 350 
1596 1009 695 0 4391 1431 18163 10550 0 32574 3 1 1904 256 131 2239 7 5733 118 577 0 0 0 0 111 0 0 0 1776 36 0 0 0 37 718 9 0 0 0 0 0 0 0 4 0 0 70 258 4713 0 0 28 0 254 15 78 1 0 4 0 1521 0 0 0 0 0 0 0 0 0 0 0 0 0 0 759 0 16 0 0 61 0 2161 
0 0 0 0 3 0 914 81 0 0 0 0 73 0 0 0 0 0 0 0 0 0 0 0 0 0 0 0 0 0 0 0 0 0 208 4 0 0 0 0 0 0 0 0 0 0 0 0 20 0 0 0 0 0 0 0 0 0 0 0 0 0 0 0 0 0 0 0 0 0 0 0 0 0 0 0 0 1 0 0 0 0 8158 
0 0 1 6 0 0 49 0 0 0 0 4 0 0 0 0 0 0 0 0 0 0 0 0 0 0 0 0 0 0 0 0 0 0 2 39 0 0 0 0 0 228 0 98 0 0 0 376 205 0 0 0 0 0 0 0 0 0 0 0 0 0 0 0 0 0 0 0 0 0 0 0 0 0 0 0 1 0 0 0 0 0 0 
0 0 0 0 0 0 0 0 0 0 0 0 0 0 10 10 0 183 0 264 0 0 0 0 50 9 0 0 81 0 0 0 0 0 527 34 0 0 0 0 0 0 0 0 0 0 0 0 1 0 1 0 0 0 0 558 11 0 23 0 2996 0 0 0 0 0 0 0 0 0 0 0 0 0 0 591 0 0 0 0 551 0 0 
0 0 0 0 0 0 0 0 0 0 0 0 0 0 60 0 0 1042 0 127 0 0 0 0 3 0 0 0 96 0 0 0 0 0 657 0 0 0 0 0 0 0 0 0 0 0 0 0 0 0 0 0 0 0 0 0 0 0 0 0 456 0 0 0 0 0 0 0 0 0 0 0 0 0 0 222 0 0 0 0 0 0 34 
627 0 795 271 0 0 841 3 0 0 0 50 11 0 0 0 0 0 0 0 0 0 0 0 0 0 0 0 0 0 0 0 0 2 0 1 0 0 228 0 0 0 761 0 939 113 0 73 1 0 0 0 1351 0 0 0 0 0 0 6 0 0 0 0 0 8 0 0 10 88 64 0 139 0 1179 16 1298 4617 0 213 0 0 21 
0 0 0 0 0 0 0 0 0 0 0 0 0 0 0 0 0 0 0 0 0 0 0 0 0 0 0 0 0 0 0 0 0 0 0 0 0 0 0 0 0 761 0 0 0 397 0 0 0 0 0 0 0 0 0 0 0 0 0 0 0 0 0 0 0 0 0 0 0 0 0 0 0 0 94 2 8 1767 0 0 0 0 0 
53 0 134 0 0 0 900 0 0 0 0 0 3 0 0 0 0 0 0 0 0 0 0 0 0 0 0 0 0 0 0 0 0 0 0 71 4 0 98 0 0 0 0 0 224 0 0 31 71 0 0 0 1317 0 0 0 0 0 0 0 0 0 0 0 0 0 0 0 0 0 0 0 0 0 0 0 114 0 0 0 0 0 1 
0 0 0 0 0 0 2 0 0 0 0 8 0 0 0 0 0 0 0 0 0 0 0 0 0 0 0 0 0 0 0 0 0 0 0 0 0 0 0 0 0 939 0 224 0 0 0 74 124 0 0 0 179 0 0 0 0 0 0 0 0 0 0 0 0 0 0 0 0 0 0 0 0 0 10 6 0 13 0 0 0 0 348 
0 0 0 0 0 0 0 0 0 0 0 0 0 0 0 0 0 0 0 0 0 0 0 0 0 0 0 0 0 0 0 0 0 0 1 17 0 0 0 0 0 113 397 0 0 0 218 126 63 0 3 0 7 124 0 0 0 0 0 0 0 0 0 0 0 0 0 0 0 0 0 0 0 0 1560 133 2055 3658 2 0 0 0 1 
0 0 0 0 0 0 0 0 0 0 0 0 33 0 0 0 0 0 0 0 0 0 0 0 0 0 0 0 0 0 0 0 0 0 16 0 70 0 0 0 0 0 0 0 0 218 0 59 8253 1523 2472 0 0 715 0 0 625 0 10 0 0 0 0 0 0 0 0 0 0 0 0 0 0 0 872 2103 2722 7023 5 0 0 0 0 
648 0 1289 170 0 0 3208 0 0 29 3 3 16 0 0 17 0 1 0 0 0 0 0 0 0 0 0 0 0 0 0 0 0 0 124 821 258 0 376 0 0 73 0 31 74 126 59 0 14975 3951 917 0 550 974 0 0 67 0 0 0 0 0 0 0 0 0 0 0 0 0 0 0 0 0 52 371 4602 3570 0 6 0 0 225 
136 0 482 0 72 44 1572 2704 0 165 15 0 359 0 0 67 0 6 0 0 0 0 0 0 0 0 0 0 0 0 0 0 0 120 2872 3018 4713 20 205 1 0 1 0 71 124 63 8253 14975 0 233 2624 345 2805 6105 3423 0 869 0 0 0 0 0 0 0 0 0 0 0 0 0 0 0 0 0 15 9183 2849 20044 0 0 0 0 67 
0 0 0 0 0 0 0 0 0 0 0 0 0 0 0 0 0 0 0 0 0 0 0 0 0 0 0 0 0 0 0 0 0 0 0 0 0 0 0 0 0 0 0 0 0 0 1523 3951 233 0 3037 0 0 0 0 0 130 0 0 0 0 0 0 0 0 0 0 0 0 0 0 0 0 0 0 0 0 8 0 0 0 0 0 
0 0 0 0 0 0 0 0 0 7 80 0 0 2 0 2 0 0 0 0 0 0 0 0 0 0 0 0 0 0 0 0 0 0 4 0 0 0 0 1 0 0 0 0 0 3 2472 917 2624 3037 0 603 0 0 151 0 3914 9805 2947 0 0 0 0 0 0 0 0 0 0 0 0 0 0 0 2438 16809 2881 26205 0 0 0 0 364 
0 0 0 0 0 0 0 98 0 34 104 0 0 2 0 1 0 12 0 0 0 0 0 0 0 0 0 0 0 0 0 0 0 0 1291 0 28 0 0 0 0 0 0 0 0 0 0 0 345 0 603 0 0 0 1754 0 219 0 0 0 0 0 0 0 0 0 0 0 0 0 0 0 0 0 0 442 1110 0 0 0 0 0 0 
0 0 4 2 0 0 89 0 0 4 0 7 0 0 0 0 0 0 0 0 0 0 0 0 0 0 0 0 0 0 0 0 0 0 2 4 0 0 0 0 0 1351 0 1317 179 7 0 550 2805 0 0 0 0 0 0 0 0 0 0 0 0 0 0 0 0 0 0 0 0 0 0 0 0 0 12 5 67 2 0 5 0 0 0 
0 0 0 0 0 16 0 373 0 0 0 0 0 0 0 0 0 0 0 0 0 0 0 0 0 0 0 0 0 0 0 0 0 1 110 1 254 0 0 0 0 0 0 0 0 124 715 974 6105 0 0 0 0 0 75 0 0 0 0 0 0 0 0 0 0 0 0 0 0 0 0 0 0 0 0 1 0 0 0 0 0 0 0 
0 0 0 0 0 0 0 688 0 185 760 0 0 32 0 13 0 24 0 13 0 0 0 0 0 0 0 0 0 0 0 0 0 0 275 19 15 0 0 0 0 0 0 0 0 0 0 0 3423 0 151 1754 0 75 0 192 62 0 1 0 1870 0 0 0 0 0 0 0 0 0 0 0 0 0 0 0 0 1 0 0 0 0 0 
0 0 0 0 0 0 0 0 0 0 0 0 0 0 4 0 0 19 0 1048 0 0 0 0 0 0 0 0 10 0 0 6 0 65 0 0 78 0 0 558 0 0 0 0 0 0 0 0 0 0 0 0 0 0 192 0 0 0 3184 1364 13069 4113 535 0 16 100 0 0 0 23 0 0 0 0 0 0 0 0 0 0 7 0 0 
0 0 0 0 0 0 0 0 0 54 174 0 0 1 0 2 0 21 0 5 0 0 0 0 0 0 0 0 0 0 0 0 0 0 1 6 1 0 0 11 0 0 0 0 0 0 625 67 869 130 3914 219 0 0 62 0 0 3775 2850 0 0 0 0 0 0 0 0 0 0 5 572 223 1 0 1314 2952 955 5027 0 0 3 0 517 
0 0 0 0 0 0 0 0 0 0 0 0 0 0 0 0 0 12 0 2 0 0 0 0 0 0 0 0 0 0 0 0 0 0 0 0 0 0 0 0 0 0 0 0 0 0 0 0 0 0 9805 0 0 0 0 0 3775 0 826 921 0 0 0 140 0 1775 0 0 0 2432 2752 889 86 1 2242 1118 0 993 22 0 1460 865 53 
0 0 0 0 0 0 0 0 0 0 0 0 0 0 227 12 0 171 0 1 0 0 0 0 0 0 0 0 0 0 0 0 0 0 0 0 4 0 0 23 0 0 0 0 0 0 10 0 0 0 2947 0 0 0 1 3184 2850 826 0 9183 27 142 0 561 0 76 34 0 0 39 0 0 0 0 324 5077 142 1441 0 0 1344 337 931 
0 0 0 0 0 0 0 0 0 0 0 0 0 0 461 0 0 420 0 10 0 0 0 0 0 0 0 0 0 0 0 0 0 0 0 0 0 0 0 0 0 6 0 0 0 0 0 0 0 0 0 0 0 0 0 1364 0 921 9183 0 672 59 0 2480 0 3461 0 0 0 2840 745 1 118 0 29 10 0 227 0 0 1925 1 0 
0 0 0 0 0 0 0 0 0 0 0 0 0 0 527 34 0 3129 7 1471 15 0 5 0 1 0 0 0 2717 1198 0 2 0 613 3 0 1521 0 0 2996 456 0 0 0 0 0 0 0 0 0 0 0 0 0 1870 13069 0 0 27 672 0 2 2 38 0 364 36 0 0 303 0 0 0 0 0 5370 1 0 0 0 981 3 69 
0 0 0 0 0 0 0 0 0 0 0 0 0 0 273 0 0 0 0 0 0 0 0 0 0 0 0 0 0 0 0 0 0 0 0 0 0 0 0 0 0 0 0 0 0 0 0 0 0 0 0 0 0 0 0 4113 0 0 142 59 2 0 1 239 628 1383 19 0 0 829 0 0 0 0 0 0 0 0 0 0 1 0 0 
0 0 0 0 0 0 0 0 0 0 0 0 0 0 0 0 0 0 0 0 0 0 0 0 0 0 0 0 0 0 0 0 0 0 0 0 0 0 0 0 0 0 0 0 0 0 0 0 0 0 0 0 0 0 0 535 0 0 0 0 2 1 0 0 2665 362 87 0 0 0 0 0 0 0 0 0 0 0 0 0 112 0 0 
0 0 0 0 0 0 0 0 0 0 0 0 0 0 3 0 0 6 0 3 4 0 0 0 0 0 0 0 0 0 0 0 0 0 0 0 0 0 0 0 0 0 0 0 0 0 0 0 0 0 0 0 0 0 0 0 0 140 561 2480 38 239 0 0 386 9499 0 0 0 1353 0 0 0 0 1 0 0 271 0 0 67 0 0 
0 0 0 0 0 0 0 0 0 0 0 0 0 0 0 0 0 0 0 0 7 0 0 0 0 0 0 0 0 0 0 0 0 0 0 0 0 0 0 0 0 0 0 0 0 0 0 0 0 0 0 0 0 0 0 16 0 0 0 0 0 628 2665 386 0 2808 103 0 0 0 0 0 0 0 0 0 0 0 0 0 114 0 0 
0 0 0 0 0 0 0 0 0 0 0 0 0 0 13 0 0 543 0 106 101 0 7 0 0 0 0 0 17 0 0 0 0 0 0 0 0 0 0 0 0 8 0 0 0 0 0 0 0 0 0 0 0 0 0 100 0 1775 76 3461 364 1383 362 9499 2808 0 38 0 0 6309 27 0 12 0 563 16 0 1584 23 0 147 281 0 
0 0 0 0 0 0 0 0 0 0 0 0 0 0 0 0 0 0 0 0 0 0 0 0 0 0 0 0 0 0 0 0 0 0 0 0 0 0 0 0 0 0 0 0 0 0 0 0 0 0 0 0 0 0 0 0 0 0 34 0 36 19 87 0 103 38 0 0 0 0 0 0 0 0 0 0 0 0 0 0 17 0 0 
0 0 0 0 0 0 0 0 0 0 0 0 0 0 0 0 0 0 0 0 0 0 0 0 0 0 0 0 0 0 0 0 0 0 0 0 0 0 0 0 0 0 0 0 0 0 0 0 0 0 0 0 0 0 0 0 0 0 0 0 0 0 0 0 0 0 0 0 0 0 0 0 0 0 0 0 0 0 0 0 0 0 0 
0 0 0 0 0 0 0 0 0 0 0 0 0 0 0 0 0 0 0 0 0 0 0 0 0 0 0 0 0 0 0 0 0 0 0 0 0 0 0 0 0 10 0 0 0 0 0 0 0 0 0 0 0 0 0 0 0 0 0 0 0 0 0 0 0 0 0 0 0 0 0 0 137 0 307 0 0 0 0 0 0 0 0 
0 0 0 0 0 0 0 0 0 0 0 0 0 0 15 0 0 1492 0 382 348 0 27 0 0 0 0 0 7 0 0 0 0 0 0 0 0 0 0 0 0 88 0 0 0 0 0 0 0 0 0 0 0 0 0 23 5 2432 39 2840 303 829 0 1353 0 6309 0 0 0 0 1268 21 2213 1 629 40 0 414 11 0 44 421 4 
0 0 0 0 0 0 0 0 0 0 0 0 0 0 0 0 0 0 0 0 0 0 0 0 0 0 0 0 0 0 0 0 0 0 0 0 0 0 0 0 0 64 0 0 0 0 0 0 0 0 0 0 0 0 0 0 572 2752 0 745 0 0 0 0 0 27 0 0 0 1268 0 0 3770 10 529 13 0 748 16 0 248 85 2 
0 0 0 0 0 0 0 0 0 0 0 0 0 0 0 0 0 0 0 0 0 0 0 0 0 0 0 0 0 0 0 0 0 0 0 0 0 0 0 0 0 0 0 0 0 0 0 0 0 0 0 0 0 0 0 0 223 889 0 1 0 0 0 0 0 0 0 0 0 21 0 0 2874 0 195 0 0 62 1 0 9 4 0 
0 0 0 0 0 0 0 0 0 0 0 0 0 0 0 0 0 0 0 0 0 0 0 0 0 0 0 0 0 0 0 0 0 0 0 0 0 0 0 0 0 139 0 0 0 0 0 0 0 0 0 0 0 0 0 0 1 86 0 118 0 0 0 0 0 12 0 0 137 2213 3770 2874 0 1372 457 0 0 227 0 0 0 3 0 
0 0 0 0 0 0 0 0 0 0 0 0 0 0 0 0 0 0 0 0 0 0 0 0 0 0 0 0 0 0 0 0 0 0 0 0 0 0 0 0 0 0 0 0 0 0 0 0 0 0 0 0 0 0 0 0 0 1 0 0 0 0 0 0 0 0 0 0 0 1 10 0 1372 0 10 0 0 0 15 0 0 3 0 
0 0 0 0 0 0 0 0 0 0 0 0 0 0 0 0 0 0 0 0 0 0 0 0 0 0 0 0 0 0 0 0 0 0 0 0 0 0 0 0 0 1179 94 0 10 1560 872 52 15 0 2438 0 12 0 0 0 1314 2242 324 29 0 0 0 1 0 563 0 0 307 629 529 195 457 10 0 2 43 191 33 0 1 11 0 
0 0 0 0 0 0 0 0 0 0 0 0 9 0 0 0 0 10 0 5 0 0 0 0 0 0 0 0 32 0 0 0 0 0 1 12 759 0 0 591 222 16 2 0 6 133 2103 371 9183 0 16809 442 5 1 0 0 2952 1118 5077 10 5370 0 0 0 0 16 0 0 0 40 13 0 0 0 2 0 2042 88 147 0 313 189 30 
0 0 0 0 0 0 0 1 0 10 2 0 2 0 0 1 0 0 0 0 0 0 0 0 0 0 0 0 0 0 0 0 0 0 6 83 0 0 1 0 0 1298 8 114 0 2055 2722 4602 2849 0 2881 1110 67 0 0 0 955 0 142 0 1 0 0 0 0 0 0 0 0 0 0 0 0 0 43 2042 0 379 0 23 0 0 90 
0 0 0 0 2 0 0 0 0 0 1 0 0 0 0 0 0 110 0 40 24 0 1 0 0 0 0 0 0 0 0 0 0 0 20 41 16 1 0 0 0 4617 1767 0 13 3658 7023 3570 20044 8 26205 0 2 0 1 0 5027 993 1441 227 0 0 0 271 0 1584 0 0 0 414 748 62 227 0 191 88 379 0 4 29 380 25 4662 
0 0 0 0 0 0 0 0 0 0 0 0 0 0 0 0 0 0 0 0 0 0 0 0 0 0 0 0 0 0 0 0 0 0 0 0 0 0 0 0 0 0 0 0 0 2 5 0 0 0 0 0 0 0 0 0 0 22 0 0 0 0 0 0 0 23 0 0 0 11 16 1 0 15 33 147 0 4 0 0 6 0 3978 
2 0 0 0 0 0 0 0 0 0 0 3 0 0 0 0 0 0 0 0 0 0 0 0 0 0 0 0 0 0 0 0 0 0 0 0 0 0 0 0 0 213 0 0 0 0 0 6 0 0 0 0 5 0 0 0 0 0 0 0 0 0 0 0 0 0 0 0 0 0 0 0 0 0 0 0 23 29 0 0 0 0 0 
0 0 0 0 0 0 0 0 0 0 0 0 0 0 1 0 0 59 0 11 5 0 0 0 0 0 0 0 82 1 0 0 0 0 0 0 61 0 0 551 0 0 0 0 0 0 0 0 0 0 0 0 0 0 0 7 3 1460 1344 1925 981 1 112 67 114 147 17 0 0 44 248 9 0 0 1 313 0 380 6 0 0 0 0 
0 0 0 0 0 0 0 0 0 0 0 0 0 0 0 0 0 0 0 0 0 0 0 0 0 0 0 0 0 0 0 0 0 0 0 0 0 0 0 0 0 0 0 0 0 0 0 0 0 0 0 0 0 0 0 0 0 865 337 1 3 0 0 0 0 281 0 0 0 421 85 4 3 3 11 189 0 25 0 0 0 0 0 
0 0 0 0 0 0 685 546 0 527 0 0 1 0 2 342 0 2765 0 0 0 0 0 0 0 0 0 0 0 0 0 0 0 242 75 350 2161 8158 0 0 34 21 0 1 348 1 0 225 67 0 364 0 0 0 0 0 517 53 931 0 69 0 0 0 0 0 0 0 0 4 2 0 0 0 0 30 90 4662 3978 0 0 0 0 
