0 1319 2062 1417 1043 0 8069 0 0 0 0 12 0 0 0 0 0 0 0 0 0 0 0 0 0 0 0 1 0 0 0 0 0 529 324 139 0 0 82 0 0 0 0 0 4 0 0 30 3 0 0 0 0 0 0 0 0 0 0 0 0 0 0 0 0 0 0 0 0 0 0 0 0 0 0 0 0 0 0 0 0 0 119 
1319 0 0 0 84 0 0 0 0 0 0 0 0 0 0 0 0 0 0 0 0 0 0 0 0 0 0 0 0 0 0 0 0 2352 0 0 0 0 0 0 0 0 0 0 0 0 0 0 0 0 0 0 0 0 0 0 0 0 0 0 0 0 0 0 0 0 0 0 0 0 0 0 0 0 0 0 0 0 0 0 0 0 0 
2062 0 0 963 0 0 0 0 0 0 0 10 0 0 0 0 0 0 0 0 0 0 0 0 0 0 0 181 0 0 0 378 0 1655 0 2520 722 0 58 0 0 16 0 61 2 0 0 3517 360 0 0 0 0 0 0 0 0 0 0 0 0 0 0 0 0 0 0 0 0 0 0 0 0 0 0 0 0 0 0 0 0 0 0 
1417 0 963 0 0 0 0 446 0 0 0 0 0 0 0 0 0 0 0 0 0 0 0 0 0 0 0 0 0 0 0 0 0 1 0 427 1 0 92 0 0 762 0 34 54 0 0 3443 295 0 0 0 0 0 0 0 0 0 0 0 0 0 0 0 0 0 0 0 0 0 0 0 0 0 0 0 0 0 0 0 0 0 0 
1043 84 0 0 0 137 214 1100 3236 1422 0 0 0 0 0 12 0 3 0 0 1 56 0 0 0 0 0 0 0 1 0 197 0 5218 0 0 151 0 0 5 0 0 0 0 0 0 0 0 0 0 0 0 0 0 0 0 0 0 5 0 61 0 0 0 0 0 0 0 0 0 0 0 0 0 0 0 0 0 0 0 0 0 0 
0 0 0 0 137 0 0 346 914 2083 0 0 0 0 0 10 0 0 0 0 0 0 0 0 0 0 0 0 0 0 0 0 0 3 0 0 0 0 0 0 0 0 0 0 0 0 0 0 0 0 0 0 0 0 0 0 0 0 0 0 0 0 0 0 0 0 0 0 0 0 0 0 0 0 0 0 0 0 0 0 0 0 0 
8069 0 0 0 214 0 0 3733 8958 2002 0 148 266 0 0 30 7 0 0 0 22 390 9 0 0 0 0 121 0 3 0 4916 0 12306 7 11307 10651 2303 0 269 0 0 0 0 0 0 0 5388 2601 0 0 0 0 0 0 0 0 0 15 0 280 0 0 0 0 0 0 0 0 0 0 0 0 0 0 0 0 0 0 0 0 0 3627 
0 0 0 446 1100 346 3733 0 226 194 495 1785 15952 3195 0 95 10 232 18 551 0 232 0 0 0 0 0 0 0 102 2 33 0 2503 568 288 5509 596 0 0 0 0 0 1 0 0 0 5573 34871 0 957 19 0 324 835 0 0 0 1 0 57 0 0 0 0 0 0 0 0 0 0 0 0 0 0 1 0 0 0 0 0 0 1319 
0 0 0 0 3236 914 8958 226 0 754 0 0 71 0 0 9 0 0 1 0 0 6 0 0 0 0 0 0 0 0 0 0 0 279 1328 390 1088 145 0 0 0 0 0 0 0 0 0 18 4484 0 0 0 0 66 0 0 0 0 0 0 0 0 0 0 0 0 0 0 0 0 0 0 0 0 0 0 0 0 0 0 0 0 932 
0 0 0 0 1422 2083 2002 194 754 0 2250 0 1 3900 0 3834 6980 90 3566 0 0 0 0 0 0 0 0 0 0 5466 873 511 0 1888 6652 74 8654 892 0 0 0 0 0 0 0 0 0 1 808 0 7874 3032 0 0 1103 0 1026 0 341 0 73 0 0 0 0 0 0 0 0 0 0 0 0 0 0 79 24 0 0 0 0 0 4483 
0 0 0 0 0 0 0 495 0 2250 0 0 12 1062 0 0 0 1 0 152 0 0 0 0 0 0 0 0 0 0 0 0 0 0 269 0 0 0 0 0 0 0 0 0 0 0 0 0 0 0 6 7 0 0 30 0 52 0 498 0 60 0 0 0 0 0 0 0 0 0 0 0 0 0 0 1 7 0 0 0 0 0 0 
12 0 10 0 0 0 148 1785 0 0 0 0 158 0 0 0 0 0 0 0 0 0 0 0 0 0 0 0 0 0 0 0 0 0 0 26 0 0 6 0 0 259 0 8 27 0 0 321 22 0 0 0 0 0 0 0 0 0 0 0 0 0 0 0 0 0 0 0 0 0 0 0 0 0 0 0 0 0 0 0 0 0 0 
0 0 0 0 0 0 266 15952 71 1 12 158 0 284 0 0 0 99 0 175 0 0 0 0 0 0 0 0 0 0 0 0 0 0 0 0 0 0 0 0 0 0 0 0 0 0 0 1001 1263 0 0 0 0 0 0 0 0 0 0 0 0 0 0 0 0 0 0 0 0 0 0 0 0 0 0 0 0 0 0 0 0 0 0 
0 0 0 0 0 0 0 3195 0 3900 1062 0 284 0 958 683 0 6855 0 15167 0 0 0 0 0 0 0 0 0 0 0 0 0 0 13 0 0 0 0 0 0 0 0 0 0 0 0 0 3 0 19 17 0 0 0 0 0 0 6 0 1 0 0 0 0 0 0 0 0 0 0 0 0 0 0 0 0 0 0 0 0 0 0 
0 0 0 0 0 0 0 0 0 0 0 0 0 958 0 0 0 728 0 10603 60 1 0 0 0 323 20 0 0 0 0 0 0 0 0 0 0 0 0 54 0 0 0 0 0 0 0 0 0 0 0 0 0 0 12 2 0 0 0 0 5 0 0 0 0 0 0 0 0 0 0 0 0 0 0 0 0 0 0 0 0 0 0 
0 0 0 0 12 10 30 95 9 3834 0 0 0 683 0 0 4950 62 6337 0 0 0 0 0 0 0 0 0 0 173 216 147 0 805 5152 4 10766 45 0 2 0 0 0 0 0 0 0 0 0 0 107 53 0 0 68 0 258 0 1035 0 458 0 0 0 0 0 0 0 0 0 0 0 0 0 0 1 2 0 0 0 0 0 3384 
0 0 0 0 0 0 7 10 0 6980 0 0 0 0 0 4950 0 2780 2149 0 0 0 0 0 0 0 0 0 1 996 101 512 1 162 0 0 3 0 0 0 0 0 0 0 0 0 0 0 0 0 0 0 0 0 0 0 0 0 0 0 0 0 0 0 0 0 0 0 0 0 0 0 0 0 0 0 0 0 0 0 0 0 0 
0 0 0 0 3 0 0 232 0 90 1 0 99 6855 728 62 2780 0 13906 406 0 267 1759 0 796 3 1 0 1274 5161 0 4259 1352 2639 13889 33 13081 974 0 126 8 0 0 0 0 0 0 0 0 0 4 4 0 0 268 1038 33 0 1251 0 13250 0 0 0 0 0 0 0 0 0 0 0 0 0 0 0 0 708 0 0 0 0 6731 
0 0 0 0 0 0 0 18 1 3566 0 0 0 0 0 6337 2149 13906 0 0 0 0 1271 0 19 0 0 0 7494 4819 856 2933 916 509 0 0 216 0 0 0 0 0 0 0 0 0 0 0 0 0 0 0 0 0 0 0 0 0 0 0 0 0 0 0 0 0 0 0 0 0 0 0 0 0 0 0 0 0 0 0 0 0 0 
0 0 0 0 0 0 0 551 0 0 152 0 175 15167 10603 0 0 406 0 0 153 47 0 1 0 66 21 0 0 9 0 21 0 0 454 0 235 5 0 251 0 0 0 0 0 0 0 0 0 0 0 0 0 0 53 2275 0 0 28 0 5373 0 0 0 0 0 0 0 0 0 0 0 0 0 0 0 0 11 0 0 0 0 540 
0 0 0 0 1 0 22 0 0 0 0 0 0 0 60 0 0 0 0 153 0 1237 0 1413 0 3 4 0 0 0 0 2031 0 45 0 0 392 0 0 252 0 0 0 0 0 0 0 0 0 0 0 0 0 0 0 126 0 0 0 0 3687 11 347 3 0 0 0 0 0 0 0 0 0 0 0 0 0 0 0 0 0 0 0 
0 0 0 0 56 0 390 232 6 0 0 0 0 0 1 0 0 267 0 47 1237 0 1 624 0 55 0 0 0 97 0 6638 0 1402 0 0 1527 0 0 300 0 0 0 0 0 0 0 2 11 0 0 0 0 0 0 3 0 0 63 0 398 29 0 0 1 0 0 0 0 0 0 0 0 0 0 0 0 0 0 0 0 0 0 
0 0 0 0 0 0 9 0 0 0 0 0 0 0 0 0 0 1759 1271 0 0 1 0 94 859 0 0 0 2367 6095 0 8895 106 532 0 0 2993 20 0 5 0 0 0 0 0 0 0 0 0 0 0 0 0 0 0 0 0 0 0 0 2042 0 0 0 0 0 0 0 0 0 0 0 0 0 0 0 0 0 0 0 0 0 0 
0 0 0 0 0 0 0 0 0 0 0 0 0 0 0 0 0 0 0 1 1413 624 94 0 13 37 2 1 5 15 0 4459 0 0 0 0 0 0 0 585 0 0 0 0 0 0 0 0 0 0 0 0 0 0 0 0 0 0 0 0 0 0 0 0 37 1 0 0 0 0 0 0 187 0 22 0 0 0 0 0 0 0 0 
0 0 0 0 0 0 0 0 0 0 0 0 0 0 0 0 0 796 19 0 0 0 859 13 0 67 0 15 2746 3264 0 6293 0 0 0 0 3 0 0 951 0 0 0 0 0 0 0 0 0 0 0 0 0 0 0 0 0 0 0 0 1 0 0 0 0 0 0 0 0 0 0 0 0 0 0 0 0 0 0 0 0 0 0 
0 0 0 0 0 0 0 0 0 0 0 0 0 0 323 0 0 3 0 66 3 55 0 37 67 0 81 3 57 0 0 0 0 0 0 0 0 0 0 235 0 0 0 0 0 0 0 0 0 0 0 0 0 0 0 0 0 0 0 0 3 0 0 0 0 0 0 0 0 0 0 0 0 0 0 0 0 0 0 0 0 0 0 
0 0 0 0 0 0 0 0 0 0 0 0 0 0 20 0 0 1 0 21 4 0 0 2 0 81 0 0 0 0 0 0 0 0 0 0 0 0 0 0 1 0 0 0 0 0 0 0 0 0 0 0 0 0 0 1 0 0 0 0 0 0 0 0 0 0 0 0 0 0 0 0 0 0 0 0 0 0 0 0 0 0 0 
1 0 181 0 0 0 121 0 0 0 0 0 0 0 0 0 0 0 0 0 0 0 0 1 15 3 0 0 19 0 0 0 0 2 1 0 2298 0 0 1177 28 0 0 0 0 0 0 0 0 0 0 0 0 0 0 0 0 0 0 0 0 0 0 0 0 0 0 0 0 0 0 0 0 0 0 0 0 0 0 0 0 0 0 
0 0 0 0 0 0 0 0 0 0 0 0 0 0 0 0 1 1274 7494 0 0 0 2367 5 2746 57 0 19 0 924 0 36 83 2 0 0 226 0 0 148 0 0 0 0 0 0 0 0 0 0 0 0 0 0 0 0 0 0 0 0 0 0 0 0 0 0 0 0 0 0 0 0 0 0 0 0 0 0 0 0 0 0 165 
0 0 0 0 1 0 3 102 0 5466 0 0 0 0 0 173 996 5161 4819 9 0 97 6095 15 3264 0 0 0 924 0 200 225 95 2541 1 0 409 15 0 269 0 0 0 0 0 0 0 0 0 0 0 0 0 0 0 0 0 0 0 0 81 0 0 0 0 0 0 0 0 0 0 0 0 0 0 0 0 0 0 0 0 0 266 
0 0 0 0 0 0 0 2 0 873 0 0 0 0 0 216 101 0 856 0 0 0 0 0 0 0 0 0 0 200 0 179 0 52 0 0 6 0 0 0 0 0 0 0 0 0 0 0 0 0 0 0 0 0 0 0 0 0 0 0 0 0 0 0 0 0 0 0 0 0 0 0 0 0 0 0 0 0 0 0 0 0 0 
0 0 378 0 197 0 4916 33 0 511 0 0 0 0 0 147 512 4259 2933 21 2031 6638 8895 4459 6293 0 0 0 36 225 179 0 75 860 104 0 828 6 0 2549 0 0 0 0 0 0 0 0 0 0 0 0 0 0 0 0 0 0 2 0 622 0 0 0 0 0 0 0 0 0 0 0 0 0 0 0 0 0 0 0 0 0 21 
0 0 0 0 0 0 0 0 0 0 0 0 0 0 0 0 1 1352 916 0 0 0 106 0 0 0 0 0 83 95 0 75 0 14 0 0 18 0 0 0 0 0 0 0 0 0 0 0 0 0 0 0 0 0 0 0 0 0 0 0 0 0 0 0 0 0 0 0 0 0 0 0 0 0 0 0 0 0 0 0 0 0 0 
529 2352 1655 1 5218 3 12306 2503 279 1888 0 0 0 0 0 805 162 2639 509 0 45 1402 532 0 0 0 0 2 2 2541 52 860 14 0 1 20 209 0 0 4 0 0 0 0 0 0 0 18 132 0 0 0 0 0 0 0 0 0 6 0 207 0 0 0 0 0 0 0 0 0 0 0 0 0 0 0 0 0 0 0 0 0 0 
324 0 0 0 0 0 7 568 1328 6652 269 0 0 13 0 5152 0 13889 0 454 0 0 0 0 0 0 0 1 0 1 0 104 0 1 0 422 1132 106 0 0 241 0 0 0 2 0 0 229 600 0 33 1 0 0 1 280 0 0 204 0 5884 3 16 0 5 0 0 0 0 0 0 0 0 0 0 1518 5 2364 0 0 28 0 346 
139 0 2520 427 0 0 11307 288 390 74 0 26 0 0 0 4 0 33 0 0 0 0 0 0 0 0 0 0 0 0 0 0 0 20 422 0 160 40 46 0 0 0 0 0 0 0 0 115 287 0 3 0 0 0 1 0 0 0 18 0 87 0 0 0 0 0 0 0 0 0 0 0 0 0 0 27 3 66 0 0 0 0 1313 
0 0 722 1 151 0 10651 5509 1088 8654 0 0 0 0 0 10766 3 13081 216 235 392 1527 2993 0 3 0 0 2298 226 409 6 828 18 209 1132 160 0 0 0 238 0 0 0 0 0 0 0 611 2633 0 578 119 0 0 0 1 0 0 11 0 4313 0 0 0 0 0 0 0 0 0 0 0 0 1 0 0 0 1 0 0 0 0 2181 
0 0 0 0 0 0 2303 596 145 892 0 0 0 0 0 45 0 974 0 5 0 0 20 0 0 0 0 0 0 15 0 6 0 0 106 40 0 0 0 0 0 0 0 0 0 0 0 47 180 0 5 2 0 0 0 3 0 0 0 0 2072 0 0 0 0 0 0 0 0 0 0 0 0 0 0 0 0 0 0 0 0 0 4286 
82 0 58 92 0 0 0 0 0 0 0 6 0 0 0 0 0 0 0 0 0 0 0 0 0 0 0 0 0 0 0 0 0 0 0 46 0 0 0 0 0 0 0 0 4 0 0 0 0 0 0 0 0 0 0 0 0 0 0 0 0 0 0 0 0 0 0 0 0 0 0 0 0 0 0 0 0 0 0 0 0 0 0 
0 0 0 0 5 0 269 0 0 0 0 0 0 0 54 2 0 126 0 251 252 300 5 585 951 235 0 1177 148 269 0 2549 0 4 0 0 238 0 0 0 4 0 0 0 0 0 0 0 0 0 0 0 0 0 0 689 0 0 0 0 2426 90 21 0 3 0 0 0 0 0 0 0 0 0 0 0 0 0 0 0 10 0 0 
0 0 0 0 0 0 0 0 0 0 0 0 0 0 0 0 0 8 0 0 0 0 0 0 0 0 1 28 0 0 0 0 0 0 241 0 0 0 0 4 0 0 0 0 0 0 0 0 0 0 0 0 0 0 0 0 0 0 0 0 50 0 0 0 0 0 0 0 0 0 0 0 0 0 0 0 0 0 0 0 0 0 34 
0 0 16 762 0 0 0 0 0 0 0 259 0 0 0 0 0 0 0 0 0 0 0 0 0 0 0 0 0 0 0 0 0 0 0 0 0 0 0 0 0 0 776 0 2201 238 0 4085 1 0 0 0 55 0 0 0 0 0 0 0 0 0 0 0 0 0 0 0 0 0 0 0 296 0 915 99 86 61 0 49 54 0 0 
0 0 0 0 0 0 0 0 0 0 0 0 0 0 0 0 0 0 0 0 0 0 0 0 0 0 0 0 0 0 0 0 0 0 0 0 0 0 0 0 0 776 0 0 0 47 0 86 0 0 0 0 0 0 0 0 0 0 0 0 0 0 0 0 0 0 0 0 0 0 0 0 74 0 71 116 0 170 0 0 105 0 0 
0 0 61 34 0 0 0 1 0 0 0 8 0 0 0 0 0 0 0 0 0 0 0 0 0 0 0 0 0 0 0 0 0 0 0 0 0 0 0 0 0 0 0 0 34 0 0 0 0 0 0 0 105 0 0 0 0 0 0 0 0 0 0 0 0 0 0 0 0 0 0 0 0 0 0 0 46 0 0 0 0 0 0 
4 0 2 54 0 0 0 0 0 0 0 27 0 0 0 0 0 0 0 0 0 0 0 0 0 0 0 0 0 0 0 0 0 0 2 0 0 0 4 0 0 2201 0 34 0 0 0 13 0 0 0 0 124 0 0 0 0 0 0 0 0 0 0 0 0 0 0 0 0 0 0 0 0 0 134 113 0 12 30 0 1 0 22 
0 0 0 0 0 0 0 0 0 0 0 0 0 0 0 0 0 0 0 0 0 0 0 0 0 0 0 0 0 0 0 0 0 0 0 0 0 0 0 0 0 238 47 0 0 0 71 45 1 2 0 0 0 0 0 0 0 0 0 0 0 0 0 0 0 0 0 0 0 0 0 0 667 0 4756 31 0 581 0 0 88 0 0 
0 0 0 0 0 0 0 0 0 0 0 0 0 0 0 0 0 0 0 0 0 0 0 0 0 0 0 0 0 0 0 0 0 0 0 0 0 0 0 0 0 0 0 0 0 71 0 921 2613 10499 941 0 0 0 0 0 304 0 4940 0 0 0 0 0 0 0 0 0 0 0 0 0 1 0 2251 0 6 816 0 0 0 0 0 
30 0 3517 3443 0 0 5388 5573 18 1 0 321 1001 0 0 0 0 0 0 0 0 2 0 0 0 0 0 0 0 0 0 0 0 18 229 115 611 47 0 0 0 4085 86 0 13 45 921 0 2911 4318 0 0 55 221 0 0 0 0 0 0 0 0 3 0 0 1 0 0 0 0 0 0 870 0 3716 745 15910 21577 360 315 751 0 177 
3 0 360 295 0 0 2601 34871 4484 808 0 22 1263 3 0 0 0 0 0 0 0 11 0 0 0 0 0 0 0 0 0 0 0 132 600 287 2633 180 0 0 0 1 0 0 0 1 2613 2911 0 1802 1224 48 2217 6980 1846 0 435 0 393 0 0 0 0 0 0 0 0 0 0 0 0 0 0 0 6182 5235 3029 11841 262 5 0 0 4384 
0 0 0 0 0 0 0 0 0 0 0 0 0 0 0 0 0 0 0 0 0 0 0 0 0 0 0 0 0 0 0 0 0 0 0 0 0 0 0 0 0 0 0 0 0 2 10499 4318 1802 0 8763 0 0 0 0 0 113 0 49 0 0 0 0 0 0 0 0 0 0 0 0 0 0 0 857 0 0 13 0 0 0 0 0 
0 0 0 0 0 0 0 957 0 7874 6 0 0 19 0 107 0 4 0 0 0 0 0 0 0 0 0 0 0 0 0 0 0 0 33 3 578 5 0 0 0 0 0 0 0 0 941 0 1224 8763 0 87 0 0 220 0 4834 1075 4247 7 0 0 153 16 0 143 0 0 0 14 1787 4997 2499 0 2158 10789 1669 13521 0 0 0 0 1916 
0 0 0 0 0 0 0 19 0 3032 7 0 0 17 0 53 0 4 0 0 0 0 0 0 0 0 0 0 0 0 0 0 0 0 1 0 119 2 0 0 0 0 0 0 0 0 0 0 48 0 87 0 0 0 1612 0 27 0 189 0 56 0 0 0 0 0 0 0 0 0 0 0 0 0 0 248 47 0 0 0 0 0 19 
0 0 0 0 0 0 0 0 0 0 0 0 0 0 0 0 0 0 0 0 0 0 0 0 0 0 0 0 0 0 0 0 0 0 0 0 0 0 0 0 0 55 0 105 124 0 0 55 2217 0 0 0 0 0 0 0 0 0 0 0 0 0 0 0 0 0 0 0 0 0 0 0 0 0 51 0 0 0 0 0 0 0 0 
0 0 0 0 0 0 0 324 66 0 0 0 0 0 0 0 0 0 0 0 0 0 0 0 0 0 0 0 0 0 0 0 0 0 0 0 0 0 0 0 0 0 0 0 0 0 0 221 6980 0 0 0 0 0 5 46 0 0 0 0 14 0 0 0 0 0 0 0 0 0 0 0 0 0 0 0 0 0 0 0 0 0 0 
0 0 0 0 0 0 0 835 0 1103 30 0 0 0 12 68 0 268 0 53 0 0 0 0 0 0 0 0 0 0 0 0 0 0 1 1 0 0 0 0 0 0 0 0 0 0 0 0 1846 0 220 1612 0 5 0 2751 104 0 355 0 5889 0 0 0 0 0 0 0 0 0 0 0 0 0 0 0 0 0 0 0 41 0 0 
0 0 0 0 0 0 0 0 0 0 0 0 0 0 2 0 0 1038 0 2275 126 3 0 0 0 0 1 0 0 0 0 0 0 0 280 0 1 3 0 689 0 0 0 0 0 0 0 0 0 0 0 0 0 46 2751 0 0 0 0 0 2408 0 1 0 2 0 0 0 0 0 0 0 0 0 0 0 0 0 0 0 361 3 23 
0 0 0 0 0 0 0 0 0 1026 52 0 0 0 0 258 0 33 0 0 0 0 0 0 0 0 0 0 0 0 0 0 0 0 0 0 0 0 0 0 0 0 0 0 0 0 304 0 435 113 4834 27 0 0 104 0 0 4966 269 2 40 0 18 2 0 5 0 0 0 0 3726 2488 189 0 3178 2223 142 11074 0 0 0 0 0 
0 0 0 0 0 0 0 0 0 0 0 0 0 0 0 0 0 0 0 0 0 0 0 0 0 0 0 0 0 0 0 0 0 0 0 0 0 0 0 0 0 0 0 0 0 0 0 0 0 0 1075 0 0 0 0 0 4966 0 353 295 0 0 80 29 0 24 0 0 0 90 7401 4720 1864 0 0 0 0 0 0 0 0 0 0 
0 0 0 0 5 0 15 1 0 341 498 0 0 6 0 1035 0 1251 0 28 0 63 0 0 0 0 0 0 0 0 0 2 0 6 204 18 11 0 0 0 0 0 0 0 0 0 4940 0 393 49 4247 189 0 0 355 0 269 353 0 12528 228 111 232 157 5 2957 0 0 0 1134 867 1365 7162 5098 8556 2967 259 10785 0 0 0 0 1 
0 0 0 0 0 0 0 0 0 0 0 0 0 0 0 0 0 0 0 0 0 0 0 0 0 0 0 0 0 0 0 0 0 0 0 0 0 0 0 0 0 0 0 0 0 0 0 0 0 0 7 0 0 0 0 0 2 295 12528 0 2 0 115 2861 0 3377 0 0 0 3634 3707 679 1126 95 0 0 0 0 0 0 0 0 0 
0 0 0 0 61 0 280 57 0 73 60 0 0 1 5 458 0 13250 0 5373 3687 398 2042 0 1 3 0 0 0 81 0 622 0 207 5884 87 4313 2072 0 2426 50 0 0 0 0 0 0 0 0 0 0 56 0 14 5889 2408 40 0 228 2 0 58 26 0 0 1 0 0 0 0 0 0 1050 2276 1034 422 35 7499 0 0 271 0 287 
0 0 0 0 0 0 0 0 0 0 0 0 0 0 0 0 0 0 0 0 11 29 0 0 0 0 0 0 0 0 0 0 0 0 3 0 0 0 0 90 0 0 0 0 0 0 0 0 0 0 0 0 0 0 0 0 0 0 111 0 58 0 679 19 5 0 0 0 0 0 0 0 79 1 0 0 0 0 0 0 0 0 0 
0 0 0 0 0 0 0 0 0 0 0 0 0 0 0 0 0 0 0 0 347 0 0 0 0 0 0 0 0 0 0 0 0 0 16 0 0 0 0 21 0 0 0 0 0 0 0 3 0 0 153 0 0 0 0 1 18 80 232 115 26 679 0 1559 658 114 184 0 0 53 1071 10 11955 169 547 0 0 61 0 0 21 0 0 
0 0 0 0 0 0 0 0 0 0 0 0 0 0 0 0 0 0 0 0 3 0 0 0 0 0 0 0 0 0 0 0 0 0 0 0 0 0 0 0 0 0 0 0 0 0 0 0 0 0 16 0 0 0 0 0 2 29 157 2861 0 19 1559 0 587 3804 0 0 0 2147 3711 9 3108 54 30 0 0 10 0 0 2 0 0 
0 0 0 0 0 0 0 0 0 0 0 0 0 0 0 0 0 0 0 0 0 1 0 37 0 0 0 0 0 0 0 0 0 0 5 0 0 0 0 3 0 0 0 0 0 0 0 0 0 0 0 0 0 0 0 2 0 0 5 0 0 5 658 587 0 251 103 0 0 121 8018 0 6368 0 33 0 0 4 0 0 331 0 0 
0 0 0 0 0 0 0 0 0 0 0 0 0 0 0 0 0 0 0 0 0 0 0 1 0 0 0 0 0 0 0 0 0 0 0 0 0 0 0 0 0 0 0 0 0 0 0 1 0 0 143 0 0 0 0 0 5 24 2957 3377 1 0 114 3804 251 0 4 60 163 2262 10431 107 11365 320 32 0 0 195 0 0 193 0 0 
0 0 0 0 0 0 0 0 0 0 0 0 0 0 0 0 0 0 0 0 0 0 0 0 0 0 0 0 0 0 0 0 0 0 0 0 0 0 0 0 0 0 0 0 0 0 0 0 0 0 0 0 0 0 0 0 0 0 0 0 0 0 184 0 103 4 0 116 0 0 0 0 0 0 0 0 0 0 0 0 379 50 0 
0 0 0 0 0 0 0 0 0 0 0 0 0 0 0 0 0 0 0 0 0 0 0 0 0 0 0 0 0 0 0 0 0 0 0 0 0 0 0 0 0 0 0 0 0 0 0 0 0 0 0 0 0 0 0 0 0 0 0 0 0 0 0 0 0 60 116 0 0 0 0 0 0 0 0 0 0 0 0 0 0 0 0 
0 0 0 0 0 0 0 0 0 0 0 0 0 0 0 0 0 0 0 0 0 0 0 0 0 0 0 0 0 0 0 0 0 0 0 0 0 0 0 0 0 0 0 0 0 0 0 0 0 0 0 0 0 0 0 0 0 0 0 0 0 0 0 0 0 163 0 0 0 0 0 0 0 0 0 0 0 89 0 0 1007 129 0 
0 0 0 0 0 0 0 0 0 0 0 0 0 0 0 0 0 0 0 0 0 0 0 0 0 0 0 0 0 0 0 0 0 0 0 0 0 0 0 0 0 0 0 0 0 0 0 0 0 0 14 0 0 0 0 0 0 90 1134 3634 0 0 53 2147 121 2262 0 0 0 0 4890 605 3111 195 0 0 0 0 0 0 53 0 0 
0 0 0 0 0 0 0 0 0 0 0 0 0 0 0 0 0 0 0 0 0 0 0 0 0 0 0 0 0 0 0 0 0 0 0 0 0 0 0 0 0 0 0 0 0 0 0 0 0 0 1787 0 0 0 0 0 3726 7401 867 3707 0 0 1071 3711 8018 10431 0 0 0 4890 0 744 439 19 1 0 0 0 0 0 1680 0 0 
0 0 0 0 0 0 0 0 0 0 0 0 0 0 0 0 0 0 0 0 0 0 0 0 0 0 0 0 0 0 0 0 0 0 0 0 0 0 0 0 0 0 0 0 0 0 0 0 0 0 4997 0 0 0 0 0 2488 4720 1365 679 0 0 10 9 0 107 0 0 0 605 744 0 1131 0 0 0 0 0 0 0 0 0 0 
0 0 0 0 0 0 0 0 0 0 0 0 0 0 0 0 0 0 0 0 0 0 0 187 0 0 0 0 0 0 0 0 0 0 0 0 0 0 0 0 0 296 74 0 0 667 1 870 0 0 2499 0 0 0 0 0 189 1864 7162 1126 1050 79 11955 3108 6368 11365 0 0 0 3111 439 1131 0 1 240 235 0 789 0 0 3238 0 0 
0 0 0 0 0 0 0 0 0 0 0 0 0 0 0 0 0 0 0 0 0 0 0 0 0 0 0 0 0 0 0 0 0 0 0 0 1 0 0 0 0 0 0 0 0 0 0 0 0 0 0 0 0 0 0 0 0 0 5098 95 2276 1 169 54 0 320 0 0 0 195 19 0 1 0 0 0 0 0 0 0 0 0 0 
0 0 0 0 0 0 0 0 0 0 0 0 0 0 0 0 0 0 0 0 0 0 0 22 0 0 0 0 0 0 0 0 0 0 0 0 0 0 0 0 0 915 71 0 134 4756 2251 3716 6182 857 2158 0 51 0 0 0 3178 0 8556 0 1034 0 547 30 33 32 0 0 0 0 1 0 240 0 0 1 90 167 0 17 15 0 0 
0 0 0 0 0 0 0 1 0 79 1 0 0 0 0 1 0 0 0 0 0 0 0 0 0 0 0 0 0 0 0 0 0 0 1518 27 0 0 0 0 0 99 116 0 113 31 0 745 5235 0 10789 248 0 0 0 0 2223 0 2967 0 422 0 0 0 0 0 0 0 0 0 0 0 235 0 1 0 422 54 10 0 3 359 3593 
0 0 0 0 0 0 0 0 0 24 7 0 0 0 0 2 0 0 0 0 0 0 0 0 0 0 0 0 0 0 0 0 0 0 5 3 0 0 0 0 0 86 0 46 0 0 6 15910 3029 0 1669 47 0 0 0 0 142 0 259 0 35 0 0 0 0 0 0 0 0 0 0 0 0 0 90 422 0 91 2 0 0 0 1951 
0 0 0 0 0 0 0 0 0 0 0 0 0 0 0 0 0 708 0 11 0 0 0 0 0 0 0 0 0 0 0 0 0 0 2364 66 1 0 0 0 0 61 170 0 12 581 816 21577 11841 13 13521 0 0 0 0 0 11074 0 10785 0 7499 0 61 10 4 195 0 0 89 0 0 0 789 0 167 54 91 0 0 1 186 0 3675 
0 0 0 0 0 0 0 0 0 0 0 0 0 0 0 0 0 0 0 0 0 0 0 0 0 0 0 0 0 0 0 0 0 0 0 0 0 0 0 0 0 0 0 0 30 0 0 360 262 0 0 0 0 0 0 0 0 0 0 0 0 0 0 0 0 0 0 0 0 0 0 0 0 0 0 10 2 0 0 0 0 0 271 
0 0 0 0 0 0 0 0 0 0 0 0 0 0 0 0 0 0 0 0 0 0 0 0 0 0 0 0 0 0 0 0 0 0 0 0 0 0 0 0 0 49 0 0 0 0 0 315 5 0 0 0 0 0 0 0 0 0 0 0 0 0 0 0 0 0 0 0 0 0 0 0 0 0 17 0 0 1 0 0 0 0 0 
0 0 0 0 0 0 0 0 0 0 0 0 0 0 0 0 0 0 0 0 0 0 0 0 0 0 0 0 0 0 0 0 0 0 28 0 0 0 0 10 0 54 105 0 1 88 0 751 0 0 0 0 0 0 41 361 0 0 0 0 271 0 21 2 331 193 379 0 1007 53 1680 0 3238 0 15 3 0 186 0 0 0 34 1 
0 0 0 0 0 0 0 0 0 0 0 0 0 0 0 0 0 0 0 0 0 0 0 0 0 0 0 0 0 0 0 0 0 0 0 0 0 0 0 0 0 0 0 0 0 0 0 0 0 0 0 0 0 0 0 3 0 0 0 0 0 0 0 0 0 0 50 0 129 0 0 0 0 0 0 359 0 0 0 0 34 0 2 
119 0 0 0 0 0 3627 1319 932 4483 0 0 0 0 0 3384 0 6731 0 540 0 0 0 0 0 0 0 0 165 266 0 21 0 0 346 1313 2181 4286 0 0 34 0 0 0 22 0 0 177 4384 0 1916 19 0 0 0 23 0 0 1 0 287 0 0 0 0 0 0 0 0 0 0 0 0 0 0 3593 1951 3675 271 0 1 2 0 
