0 75 0 62 0 0 4 0 0 0 0 395 4 0 0 0 0 0 0 0 0 0 18 0 3 2 1 1106 48 224 0 6251 0 1525 104 2259 2266 106 162 0 0 2861 0 246 162 0 0 3412 599 0 0 0 68 0 0 0 0 0 0 0 0 0 0 0 0 0 0 0 43 0 2 0 5 0 69 0 37 0 0 36 0 1 0 
75 0 0 0 23 0 92 0 0 0 0 0 0 0 0 4 0 32 5 0 50 25 337 104 1 0 0 0 1 432 0 1684 0 1320 486 416 6586 83 0 0 0 0 0 0 0 0 0 0 0 0 0 0 0 0 0 0 0 0 0 0 0 0 0 0 0 0 0 0 0 0 0 0 0 0 0 0 0 0 0 0 0 0 0 
0 0 0 28 0 0 0 0 0 0 0 2 0 0 0 0 0 0 0 0 0 0 0 0 0 0 0 0 0 0 0 0 0 0 0 1 0 0 0 0 0 0 0 0 0 0 0 0 0 0 0 0 0 0 0 0 0 0 0 0 0 0 0 0 0 0 0 0 0 0 0 0 0 0 0 0 0 0 0 0 0 0 0 
62 0 28 0 0 0 233 609 0 0 0 203 609 0 0 0 0 0 0 0 0 0 0 0 0 0 0 0 0 0 0 0 0 0 0 13 0 0 34 0 0 1032 0 139 119 0 0 693 109 0 0 0 54 0 0 0 0 0 0 0 0 0 0 0 0 0 0 0 15 0 0 0 1 0 11 0 10 0 0 7 0 0 0 
0 23 0 0 0 496 53 35 11 235 0 0 0 0 0 287 77 12 0 0 0 0 17 0 0 0 0 0 467 81 0 0 0 2806 203 18 4076 0 0 0 0 0 0 0 0 0 0 0 6 0 0 0 0 0 0 0 0 0 0 0 0 0 0 0 0 0 0 0 0 0 0 0 0 0 0 0 0 0 0 0 0 0 0 
0 0 0 0 496 0 94 490 2577 736 0 0 0 0 0 1 3 0 0 0 0 0 0 0 0 0 0 0 24 1 0 0 0 280 0 0 16 0 0 0 0 0 0 0 0 0 0 0 16 0 0 0 0 0 0 0 0 0 0 0 0 0 0 0 0 0 0 0 0 0 0 0 0 0 0 0 0 0 0 0 0 0 0 
4 92 0 233 53 94 0 2788 1660 254 0 597 3047 0 0 178 221 2 0 0 6 1 0 1 0 0 0 0 338 424 2 1350 0 208 3644 8590 6809 152 0 0 0 187 0 4 10 40 0 9676 6561 41 0 0 0 3 0 0 0 0 0 0 0 0 0 0 0 0 0 0 0 0 0 0 0 0 0 94 63 2228 1 0 0 0 176 
0 0 0 609 35 490 2788 0 3440 7404 1419 623 6227 9080 0 118 9 4 0 2044 0 0 0 0 0 0 0 0 184 22 0 0 0 31 11147 249 5855 2 0 0 0 0 0 0 184 0 0 405 22779 0 0 56 2 4 837 0 0 0 79 0 98 0 0 0 0 0 0 0 0 0 0 0 0 0 0 86 1 4 13 0 0 0 159 
0 0 0 0 11 2577 1660 3440 0 4223 0 0 6 0 0 0 0 0 0 0 0 0 0 0 0 0 0 0 18 1 0 0 0 6 0 0 8 0 0 0 0 0 0 0 0 0 0 0 39 0 0 0 0 0 0 0 0 0 0 0 0 0 0 0 0 0 0 0 0 0 0 0 0 0 0 0 0 0 0 0 0 0 0 
0 0 0 0 235 736 254 7404 4223 0 750 0 0 271 0 7472 10131 1073 4147 0 0 0 0 0 0 0 0 0 595 1524 0 0 0 2846 24839 198 8960 0 0 73 0 0 0 0 1342 0 0 0 2264 0 91 10639 0 0 129 0 129 0 535 0 0 0 0 0 0 0 0 0 0 0 0 0 0 0 0 36 0 0 21 0 0 0 10734 
0 0 0 0 0 0 0 1419 0 750 0 0 0 3442 0 452 0 0 0 33 0 0 0 0 0 0 0 0 0 0 0 0 0 0 1077 22 0 0 0 0 0 0 0 0 11 0 0 0 1533 0 0 3617 0 0 52 0 344 0 4279 0 0 0 0 0 0 0 0 0 0 0 0 0 0 0 0 186 3 0 0 0 0 0 0 
395 0 2 203 0 0 597 623 0 0 0 0 239 0 0 0 0 0 0 0 0 0 0 0 0 0 0 0 0 0 0 0 0 0 0 10 0 0 35 0 0 0 0 10 0 0 0 29 228 0 0 0 3 0 0 0 0 0 0 0 0 0 0 0 0 0 0 0 0 0 0 0 0 0 0 0 0 0 0 0 0 0 0 
4 0 0 609 0 0 3047 6227 6 0 0 239 0 189 0 0 0 0 0 2 0 0 0 0 0 0 0 0 0 0 0 0 0 0 29 0 66 0 0 0 0 0 0 8 1 0 0 98 1169 0 0 0 0 0 0 0 0 0 0 0 0 0 0 0 0 0 0 0 0 0 0 0 0 0 0 0 0 0 0 0 0 0 0 
0 0 0 0 0 0 0 9080 0 271 3442 0 189 0 252 1840 0 85 0 4630 0 0 0 55 0 0 0 0 0 0 0 0 0 0 0 0 0 0 0 0 0 0 0 0 0 0 0 0 308 0 0 12 0 0 1 0 5 0 92 0 12 0 0 0 0 0 0 0 0 0 0 0 0 0 0 0 0 0 0 0 0 0 0 
0 0 0 0 0 0 0 0 0 0 0 0 0 252 0 0 0 1685 0 4816 84 8 0 359 4 194 0 0 0 0 0 0 0 0 0 0 0 0 0 6 0 0 0 0 0 0 0 0 0 0 0 1 0 0 14 3 0 0 157 0 435 0 0 0 0 0 0 0 0 0 0 0 0 0 0 0 0 0 0 0 0 0 0 
0 4 0 0 287 1 178 118 0 7472 452 0 0 1840 0 0 6640 2241 2078 0 0 0 1 0 0 0 0 0 77 360 258 324 2 1294 2943 129 7268 0 0 7 0 0 0 0 0 0 0 0 11 0 0 2 0 0 0 0 57 0 2194 0 54 0 0 0 0 0 0 0 0 0 0 0 0 0 0 887 0 0 0 0 0 0 1706 
0 0 0 0 77 3 221 9 0 10131 0 0 0 0 0 6640 0 2227 3025 0 0 0 0 0 0 0 0 0 1450 4755 2686 427 227 1923 2 0 313 0 0 0 0 0 0 0 0 0 0 0 10 0 0 0 0 0 0 0 0 0 0 0 0 0 0 0 0 0 0 0 0 0 0 0 0 0 0 0 0 0 0 0 0 0 0 
0 32 0 0 12 0 2 4 0 1073 0 0 0 85 1685 2241 2227 0 15484 26 115 35 1690 5 493 1177 0 0 789 2456 1870 4319 495 1170 9254 223 9886 8 0 318 0 0 0 0 0 0 0 1 0 0 0 0 0 0 0 5 0 0 17811 437 7916 556 0 126 0 0 0 0 0 0 0 0 2 0 0 926 0 634 160 0 4 0 2714 
0 5 0 0 0 0 0 0 0 4147 0 0 0 0 0 2078 3025 15484 0 1664 0 0 3336 0 435 0 0 0 3428 11772 1712 451 42 216 0 0 1815 0 0 0 0 0 0 0 0 0 0 0 1 0 0 0 0 0 0 0 0 0 83 3 17 1 0 8 0 0 0 0 0 0 0 0 0 0 0 0 0 2 0 0 0 0 0 
0 0 0 0 0 0 0 2044 0 0 33 0 2 4630 4816 0 0 26 1664 0 51 272 15 923 18 4234 0 0 18 0 0 0 0 5 20 0 703 1 0 202 0 0 0 0 0 0 0 0 21 0 0 0 0 0 7 63 5 0 8148 122 7040 1458 8 3 42 3 0 0 0 1 0 0 0 0 0 6 0 101 0 0 0 0 61 
0 50 0 0 0 0 6 0 0 0 0 0 0 0 84 0 0 115 0 51 0 1544 279 143 15 7 0 0 77 19 0 32 0 32 1 0 2589 1 0 0 0 0 0 0 0 0 0 0 0 0 0 0 0 0 0 0 0 0 3592 36 142 1022 1 241 4 4 0 0 0 17 3 0 3 0 0 1 0 3 0 0 0 0 0 
0 25 0 0 0 0 1 0 0 0 0 0 0 0 8 0 0 35 0 272 1544 0 317 393 170 178 0 0 864 381 0 1 0 0 0 0 600 0 0 0 0 0 0 0 0 0 0 62 0 0 0 0 0 0 0 0 0 0 44 0 1 55 4 38 831 429 15 0 0 427 33 0 11 0 0 0 0 6 0 0 0 0 0 
18 337 0 0 17 0 0 0 0 0 0 0 0 0 0 1 0 1690 3336 15 279 317 0 8 2851 0 0 0 9099 1368 0 1277 0 856 0 0 4471 0 0 0 0 0 0 0 0 0 0 0 0 0 0 0 0 0 0 0 0 0 517 0 12 12 0 185 0 0 0 0 0 0 0 0 1 0 0 0 0 2 0 0 0 0 0 
0 104 0 0 0 0 1 0 0 0 0 0 0 55 359 0 0 5 0 923 143 393 8 0 1660 816 0 0 2815 1050 0 36 0 0 0 0 653 5 0 0 0 0 0 0 0 0 0 61 0 0 0 0 0 0 0 0 0 0 45 0 2 12 0 20 24 1 3 0 0 5 13 0 21 0 0 0 0 7 0 0 0 0 0 
3 1 0 0 0 0 0 0 0 0 0 0 0 0 4 0 0 493 435 18 15 170 2851 1660 0 112 0 0 426 78 0 179 1 87 1 0 1808 496 1 105 0 0 0 0 0 0 0 0 0 0 0 0 0 0 0 0 0 0 3 0 2 0 0 0 0 0 0 0 0 0 0 0 0 0 0 0 0 0 0 0 0 0 0 
2 0 0 0 0 0 0 0 0 0 0 0 0 0 194 0 0 1177 0 4234 7 178 0 816 112 0 19 0 0 0 0 0 0 70 6 0 10 14 0 267 1 0 0 0 0 0 0 0 0 0 0 0 0 0 0 0 0 0 786 0 225 235 2 0 14 1 0 0 0 2 1 0 0 0 0 0 0 0 0 0 0 0 0 
1 0 0 0 0 0 0 0 0 0 0 0 0 0 0 0 0 0 0 0 0 0 0 0 0 19 0 0 0 0 0 0 0 57 0 0 257 349 1 1 18 0 0 0 0 0 0 0 0 0 0 0 0 0 0 0 0 0 0 0 0 0 0 0 0 0 0 0 0 0 0 0 0 0 0 0 0 0 0 0 0 0 0 
1106 0 0 0 0 0 0 0 0 0 0 0 0 0 0 0 0 0 0 0 0 0 0 0 0 0 0 0 0 0 0 0 0 134 0 0 1805 119 1 0 7 0 0 0 0 0 0 0 0 0 0 0 0 0 0 0 0 0 0 0 0 0 0 0 0 0 0 0 0 0 0 0 0 0 0 0 0 0 0 0 0 0 0 
48 1 0 0 467 24 338 184 18 595 0 0 0 0 0 77 1450 789 3428 18 77 864 9099 2815 426 0 0 0 0 482 5 655 11 862 35 1 5566 139 0 7 0 0 0 0 0 0 0 0 60 0 0 0 0 0 0 0 0 0 1 0 0 0 0 12 3 0 0 0 0 0 0 0 0 0 0 0 0 0 0 0 0 0 0 
224 432 0 0 81 1 424 22 1 1524 0 0 0 0 0 360 4755 2456 11772 0 19 381 1368 1050 78 0 0 0 482 0 491 18 0 115 2 0 2677 45 0 0 0 0 0 0 0 0 0 0 11 0 0 0 0 0 0 0 0 0 1 0 0 0 0 2 0 0 0 0 0 0 0 0 0 0 0 0 0 0 0 0 0 0 0 
0 0 0 0 0 0 2 0 0 0 0 0 0 0 0 258 2686 1870 1712 0 0 0 0 0 0 0 0 0 5 491 0 21 0 4 0 0 1 0 0 0 0 0 0 0 0 0 0 0 0 0 0 0 0 0 0 0 0 0 0 0 0 0 0 0 0 0 0 0 0 0 0 0 0 0 0 0 0 0 0 0 0 0 0 
6251 1684 0 0 0 0 1350 0 0 0 0 0 0 0 0 324 427 4319 451 0 32 1 1277 36 179 0 0 0 655 18 21 0 85 1329 0 0 1123 7 0 0 1 0 0 0 0 0 0 0 0 0 0 0 0 0 0 0 0 0 6 0 0 0 0 2 0 0 0 0 0 0 0 0 0 0 0 0 0 0 0 0 0 0 0 
0 0 0 0 0 0 0 0 0 0 0 0 0 0 0 2 227 495 42 0 0 0 0 0 1 0 0 0 11 0 0 85 0 3 0 0 0 0 0 0 0 0 0 0 0 0 0 0 0 0 0 0 0 0 0 0 0 0 0 0 0 0 0 0 0 0 0 0 0 0 0 0 0 0 0 0 0 0 0 0 0 0 0 
1525 1320 0 0 2806 280 208 31 6 2846 0 0 0 0 0 1294 1923 1170 216 5 32 0 856 0 87 70 57 134 862 115 4 1329 3 0 4 0 296 6 0 0 33 0 0 0 0 0 0 0 8 0 0 0 0 0 0 0 0 0 4 0 1 0 0 0 0 0 0 0 0 0 0 0 0 0 0 0 0 0 0 0 0 0 0 
104 486 0 0 203 0 3644 11147 0 24839 1077 0 29 0 0 2943 2 9254 0 20 1 0 0 0 1 6 0 0 35 2 0 0 0 4 0 7 728 147 0 262 348 0 0 0 0 0 0 0 1164 2 0 0 0 0 0 0 0 0 801 1 717 0 0 0 0 0 0 0 0 0 0 0 0 0 0 230 1 736 44 0 13 0 1046 
2259 416 1 13 18 0 8590 249 0 198 22 10 0 0 0 129 0 223 0 0 0 0 0 0 0 0 0 0 1 0 0 0 0 0 7 0 5 0 32 0 0 4 0 0 0 0 0 0 14 0 0 0 0 0 0 0 0 0 38 0 0 0 0 0 0 0 0 0 0 0 0 0 1 0 0 633 13 9 2 0 0 0 5 
2266 6586 0 0 4076 16 6809 5855 8 8960 0 0 66 0 0 7268 313 9886 1815 703 2589 600 4471 653 1808 10 257 1805 5566 2677 1 1123 0 296 728 5 0 0 6 3 0 0 0 0 0 0 0 34 3844 128 1 0 0 0 0 0 0 0 3088 999 781 22 0 623 0 0 0 0 0 1 9 0 37 0 4 39 0 5672 96 0 37 0 2637 
106 83 0 0 0 0 152 2 0 0 0 0 0 0 0 0 0 8 0 1 1 0 0 5 496 14 349 119 139 45 0 7 0 6 147 0 0 0 0 0 0 0 0 0 1 0 0 0 0 0 0 0 0 0 0 0 0 0 1 3 29 0 0 0 0 0 0 0 0 0 0 0 2 0 0 1 0 123 41 0 1 0 3916 
162 0 0 34 0 0 0 0 0 0 0 35 0 0 0 0 0 0 0 0 0 0 0 0 1 0 1 1 0 0 0 0 0 0 0 32 6 0 0 0 0 20 0 2 2 0 0 0 0 0 0 0 1 0 0 0 0 0 0 0 0 0 0 0 0 0 0 0 0 0 0 0 0 0 0 0 1 0 0 0 0 0 0 
0 0 0 0 0 0 0 0 0 73 0 0 0 0 6 7 0 318 0 202 0 0 0 0 105 267 1 0 7 0 0 0 0 0 262 0 3 0 0 0 11 0 0 0 0 0 0 1 0 0 0 0 0 0 0 0 0 0 260 2 113 40 7 15 19 6 6 0 0 11 2 0 7 0 0 0 0 694 2 0 37 0 1 
0 0 0 0 0 0 0 0 0 0 0 0 0 0 0 0 0 0 0 0 0 0 0 0 0 1 18 7 0 0 0 1 0 33 348 0 0 0 0 11 0 0 0 0 0 0 0 0 0 0 0 0 0 0 0 0 0 0 0 0 0 0 0 0 0 0 0 0 0 0 0 0 0 0 0 0 0 0 0 0 0 0 0 
2861 0 0 1032 0 0 187 0 0 0 0 0 0 0 0 0 0 0 0 0 0 0 0 0 0 0 0 0 0 0 0 0 0 0 0 4 0 0 20 0 0 0 700 0 39 30 0 637 0 0 0 0 79 0 0 0 0 0 0 0 0 0 0 68 0 0 0 0 424 12 118 0 1352 0 1484 0 1144 533 4 21 0 16 0 
0 0 0 0 0 0 0 0 0 0 0 0 0 0 0 0 0 0 0 0 0 0 0 0 0 0 0 0 0 0 0 0 0 0 0 0 0 0 0 0 0 700 0 0 0 27 2 0 0 0 0 0 0 0 0 0 0 0 0 0 0 0 0 13 0 0 0 0 0 0 0 0 1634 0 924 3 3 2933 0 0 0 0 0 
246 0 0 139 0 0 4 0 0 0 0 10 8 0 0 0 0 0 0 0 0 0 0 0 0 0 0 0 0 0 0 0 0 0 0 0 0 0 2 0 0 0 0 0 318 0 0 0 0 0 0 0 833 0 0 0 0 0 0 0 0 0 0 0 0 0 0 0 0 0 0 0 0 0 0 0 0 0 0 0 0 0 0 
162 0 0 119 0 0 10 184 0 1342 11 0 1 0 0 0 0 0 0 0 0 0 0 0 0 0 0 0 0 0 0 0 0 0 0 0 0 1 2 0 0 39 0 318 0 0 0 20 2708 0 21 541 244 1 1 0 0 0 0 0 0 0 0 0 0 0 0 0 45 8 5 0 15 0 28 0 0 22 0 1 0 6 0 
0 0 0 0 0 0 40 0 0 0 0 0 0 0 0 0 0 0 0 0 0 0 0 0 0 0 0 0 0 0 0 0 0 0 0 0 0 0 0 0 0 30 27 0 0 0 1432 537 6 0 84 0 0 0 0 0 10 0 0 0 0 0 0 0 0 0 0 0 0 0 0 0 704 0 1024 45 10 3332 0 0 0 0 6 
0 0 0 0 0 0 0 0 0 0 0 0 0 0 0 0 0 0 0 0 0 0 0 0 0 0 0 0 0 0 0 0 0 0 0 0 0 0 0 0 0 0 2 0 0 1432 0 574 1385 1616 2620 0 0 0 0 0 0 3 2 0 0 0 0 0 0 0 0 0 0 2 12 0 2 0 497 0 0 686 0 0 0 0 0 
3412 0 0 693 0 0 9676 405 0 0 0 29 98 0 0 0 0 1 0 0 0 62 0 61 0 0 0 0 0 0 0 0 0 0 0 0 34 0 0 1 0 637 0 0 20 537 574 0 4993 96 120 0 186 1 0 0 35 0 39 0 0 251 125 808 0 1 0 0 17 1 36 0 2156 0 608 1520 9601 9124 212 0 0 0 61 
599 0 0 109 6 16 6561 22779 39 2264 1533 228 1169 308 0 11 10 0 1 21 0 0 0 0 0 0 0 0 60 11 0 0 0 8 1164 14 3844 0 0 0 0 0 0 0 2708 6 1385 4993 0 9850 15136 150 1532 834 4042 0 1245 1229 498 87 474 0 0 0 0 0 0 0 0 302 870 35 0 0 133 9713 1193 6464 4 1 0 0 4094 
0 0 0 0 0 0 41 0 0 0 0 0 0 0 0 0 0 0 0 0 0 0 0 0 0 0 0 0 0 0 0 0 0 0 2 0 128 0 0 0 0 0 0 0 0 0 1616 96 9850 0 1187 0 0 0 0 0 11 32 23 0 0 0 0 0 0 0 0 0 0 0 2 0 0 0 13 0 0 26 0 0 0 0 0 
0 0 0 0 0 0 0 0 0 91 0 0 0 0 0 0 0 0 0 0 0 0 0 0 0 0 0 0 0 0 0 0 0 0 0 0 1 0 0 0 0 0 0 0 21 84 2620 120 15136 1187 0 5 0 0 0 0 6680 5339 2499 469 0 0 0 2 0 0 0 0 0 651 889 24 44 63 895 14592 1058 25266 1 0 1 0 5679 
0 0 0 0 0 0 0 56 0 10639 3617 0 0 12 1 2 0 0 0 0 0 0 0 0 0 0 0 0 0 0 0 0 0 0 0 0 0 0 0 0 0 0 0 0 541 0 0 0 150 0 5 0 0 0 1075 0 87 0 181 0 950 0 0 0 0 0 0 0 0 0 0 0 0 0 0 8401 56 876 0 0 3 0 1177 
68 0 0 54 0 0 0 2 0 0 0 3 0 0 0 0 0 0 0 0 0 0 0 0 0 0 0 0 0 0 0 0 0 0 0 0 0 0 1 0 0 79 0 833 244 0 0 186 1532 0 0 0 0 0 0 0 0 0 0 0 0 0 0 0 0 0 0 0 53 1 3 0 11 0 4 0 0 1 0 14 0 0 0 
0 0 0 0 0 0 3 4 0 0 0 0 0 0 0 0 0 0 0 0 0 0 0 0 0 0 0 0 0 0 0 0 0 0 0 0 0 0 0 0 0 0 0 0 1 0 0 1 834 0 0 0 0 0 85 0 0 0 0 0 30 0 0 0 0 0 0 0 0 0 0 0 0 0 0 0 0 0 0 0 0 0 0 
0 0 0 0 0 0 0 837 0 129 52 0 0 1 14 0 0 0 0 7 0 0 0 0 0 0 0 0 0 0 0 0 0 0 0 0 0 0 0 0 0 0 0 0 1 0 0 0 4042 0 0 1075 0 85 0 28 9 0 158 0 1974 0 0 0 0 0 0 0 0 0 0 0 0 0 0 0 0 0 0 0 0 0 0 
0 0 0 0 0 0 0 0 0 0 0 0 0 0 3 0 0 5 0 63 0 0 0 0 0 0 0 0 0 0 0 0 0 0 0 0 0 0 0 0 0 0 0 0 0 0 0 0 0 0 0 0 0 0 28 0 0 0 845 0 3522 835 42 0 317 2 52 0 0 0 1 0 0 0 0 0 0 0 0 0 0 0 0 
0 0 0 0 0 0 0 0 0 129 344 0 0 5 0 57 0 0 0 5 0 0 0 0 0 0 0 0 0 0 0 0 0 0 0 0 0 0 0 0 0 0 0 0 0 10 0 35 1245 11 6680 87 0 0 9 0 0 12360 8800 155 81 0 0 0 0 0 0 0 0 11 92 55 250 24 2618 1304 1 3295 0 0 2 0 623 
0 0 0 0 0 0 0 0 0 0 0 0 0 0 0 0 0 0 0 0 0 0 0 0 0 0 0 0 0 0 0 0 0 0 0 0 0 0 0 0 0 0 0 0 0 0 3 0 1229 32 5339 0 0 0 0 0 12360 0 509 1 0 0 0 3 0 0 0 0 0 563 2686 1631 3096 32 868 0 0 73 0 0 0 0 0 
0 0 0 0 0 0 0 79 0 535 4279 0 0 92 157 2194 0 17811 83 8148 3592 44 517 45 3 786 0 0 1 1 0 6 0 4 801 38 3088 1 0 260 0 0 0 0 0 0 2 39 498 23 2499 181 0 0 158 845 8800 509 0 15296 614 211 32 8217 28 12 60 0 0 2214 3425 323 8353 1774 1331 3602 12 10232 6 0 20 0 2116 
0 0 0 0 0 0 0 0 0 0 0 0 0 0 0 0 0 437 3 122 36 0 0 0 0 0 0 0 0 0 0 0 0 0 1 0 999 3 0 2 0 0 0 0 0 0 0 0 87 0 469 0 0 0 0 0 155 1 15296 0 1488 0 0 15357 0 1 0 0 0 1355 9880 9913 2652 11 59 1 0 847 1 0 0 0 14 
0 0 0 0 0 0 0 98 0 0 0 0 0 12 435 54 0 7916 17 7040 142 1 12 2 2 225 0 0 0 0 0 0 0 1 717 0 781 29 0 113 0 0 0 0 0 0 0 0 474 0 0 950 0 30 1974 3522 81 0 614 1488 0 326 101 189 1454 6 742 0 0 52 1277 0 4414 258 141 68 0 5206 577 0 180 0 660 
0 0 0 0 0 0 0 0 0 0 0 0 0 0 0 0 0 556 1 1458 1022 55 12 12 0 235 0 0 0 0 0 0 0 0 0 0 22 0 0 40 0 0 0 0 0 0 0 251 0 0 0 0 0 0 0 835 0 0 211 0 326 0 743 10 1186 48 304 0 0 319 455 0 357 0 0 0 0 24 0 0 43 0 0 
0 0 0 0 0 0 0 0 0 0 0 0 0 0 0 0 0 0 0 8 1 4 0 0 0 2 0 0 0 0 0 0 0 0 0 0 0 0 0 7 0 0 0 0 0 0 0 125 0 0 0 0 0 0 0 42 0 0 32 0 101 743 0 5 1019 111 504 0 0 541 345 0 266 0 0 0 0 41 0 0 0 0 0 
0 0 0 0 0 0 0 0 0 0 0 0 0 0 0 0 0 126 8 3 241 38 185 20 0 0 0 0 12 2 0 2 0 0 0 0 623 0 0 15 0 68 13 0 0 0 0 808 0 0 2 0 0 0 0 0 0 3 8217 15357 189 10 5 0 1137 7573 29 0 0 9819 5271 4 2780 0 3 0 0 4013 0 0 0 0 0 
0 0 0 0 0 0 0 0 0 0 0 0 0 0 0 0 0 0 0 42 4 831 0 24 0 14 0 0 3 0 0 0 0 0 0 0 0 0 0 19 0 0 0 0 0 0 0 0 0 0 0 0 0 0 0 317 0 0 28 0 1454 1186 1019 1137 0 1000 83 0 0 83 3 0 1 0 0 0 0 0 0 0 29 0 0 
0 0 0 0 0 0 0 0 0 0 0 0 0 0 0 0 0 0 0 3 4 429 0 1 0 1 0 0 0 0 0 0 0 0 0 0 0 0 0 6 0 0 0 0 0 0 0 1 0 0 0 0 0 0 0 2 0 0 12 1 6 48 111 7573 1000 0 486 75 0 225 73 0 103 0 0 15 0 409 8 0 39 63 0 
0 0 0 0 0 0 0 0 0 0 0 0 0 0 0 0 0 0 0 0 0 15 0 3 0 0 0 0 0 0 0 0 0 0 0 0 0 0 0 6 0 0 0 0 0 0 0 0 0 0 0 0 0 0 0 52 0 0 60 0 742 304 504 29 83 486 0 46 0 75 5 0 0 0 58 0 0 0 0 0 492 277 0 
0 0 0 0 0 0 0 0 0 0 0 0 0 0 0 0 0 0 0 0 0 0 0 0 0 0 0 0 0 0 0 0 0 0 0 0 0 0 0 0 0 0 0 0 0 0 0 0 0 0 0 0 0 0 0 0 0 0 0 0 0 0 0 0 0 75 46 0 3 1 0 0 0 0 90 0 0 3 0 0 13 139 0 
43 0 0 15 0 0 0 0 0 0 0 0 0 0 0 0 0 0 0 0 0 0 0 0 0 0 0 0 0 0 0 0 0 0 0 0 0 0 0 0 0 424 0 0 45 0 0 17 0 0 0 0 53 0 0 0 0 0 0 0 0 0 0 0 0 0 0 3 0 1 0 0 0 0 267 0 8 1080 1891 199 0 1332 0 
0 0 0 0 0 0 0 0 0 0 0 0 0 0 0 0 0 0 0 1 17 427 0 5 0 2 0 0 0 0 0 0 0 0 0 0 1 0 0 11 0 12 0 0 8 0 2 1 302 0 651 0 1 0 0 0 11 563 2214 1355 52 319 541 9819 83 225 75 1 1 0 2548 57 91 0 83 4 0 561 614 5 12 50 0 
2 0 0 0 0 0 0 0 0 0 0 0 0 0 0 0 0 0 0 0 3 33 0 13 0 1 0 0 0 0 0 0 0 0 0 0 9 0 0 2 0 118 0 0 5 0 12 36 870 2 889 0 3 0 0 1 92 2686 3425 9880 1277 455 345 5271 3 73 5 0 0 2548 0 1855 1041 1 869 297 6 937 164 22 15 0 0 
0 0 0 0 0 0 0 0 0 0 0 0 0 0 0 0 0 0 0 0 0 0 0 0 0 0 0 0 0 0 0 0 0 0 0 0 0 0 0 0 0 0 0 0 0 0 0 0 35 0 24 0 0 0 0 0 55 1631 323 9913 0 0 0 4 0 0 0 0 0 57 1855 0 1655 1 139 0 0 24 0 0 0 0 0 
5 0 0 1 0 0 0 0 0 0 0 0 0 0 0 0 0 2 0 0 3 11 1 21 0 0 0 0 0 0 0 0 0 0 0 1 37 2 0 7 0 1352 1634 0 15 704 2 2156 0 0 44 0 11 0 0 0 250 3096 8353 2652 4414 357 266 2780 1 103 0 0 0 91 1041 1655 0 310 3226 70 26 6429 253 159 5 1 3 
0 0 0 0 0 0 0 0 0 0 0 0 0 0 0 0 0 0 0 0 0 0 0 0 0 0 0 0 0 0 0 0 0 0 0 0 0 0 0 0 0 0 0 0 0 0 0 0 0 0 63 0 0 0 0 0 24 32 1774 11 258 0 0 0 0 0 0 0 0 0 1 1 310 0 161 0 0 1 0 0 0 0 0 
69 0 0 11 0 0 0 0 0 0 0 0 0 0 0 0 0 0 0 0 0 0 0 0 0 0 0 0 0 0 0 0 0 0 0 0 4 0 0 0 0 1484 924 0 28 1024 497 608 133 13 895 0 4 0 0 0 2618 868 1331 59 141 0 0 3 0 0 58 90 267 83 869 139 3226 161 0 0 0 40 12 13 0 4 0 
0 0 0 0 0 0 94 86 0 36 186 0 0 0 0 887 0 926 0 6 1 0 0 0 0 0 0 0 0 0 0 0 0 0 230 633 39 1 0 0 0 0 3 0 0 45 0 1520 9713 0 14592 8401 0 0 0 0 1304 0 3602 1 68 0 0 0 0 15 0 0 0 4 297 0 70 0 0 0 699 276 156 0 205 482 2041 
37 0 0 10 0 0 63 1 0 0 3 0 0 0 0 0 0 0 0 0 0 0 0 0 0 0 0 0 0 0 0 0 0 0 1 13 0 0 1 0 0 1144 3 0 0 10 0 9601 1193 0 1058 56 0 0 0 0 1 0 12 0 0 0 0 0 0 0 0 0 8 0 6 0 26 0 0 699 0 21 0 3 0 0 8 
0 0 0 0 0 0 2228 4 0 0 0 0 0 0 0 0 0 634 2 101 3 6 2 7 0 0 0 0 0 0 0 0 0 0 736 9 5672 123 0 694 0 533 2933 0 22 3332 686 9124 6464 26 25266 876 1 0 0 0 3295 73 10232 847 5206 24 41 4013 0 409 0 3 1080 561 937 24 6429 1 40 276 21 0 7 10 7 0 4683 
0 0 0 0 0 0 1 13 0 21 0 0 0 0 0 0 0 160 0 0 0 0 0 0 0 0 0 0 0 0 0 0 0 0 44 2 96 41 0 2 0 4 0 0 0 0 0 212 4 0 1 0 0 0 0 0 0 0 6 1 577 0 0 0 0 8 0 0 1891 614 164 0 253 0 12 156 0 7 0 0 0 0 5130 
36 0 0 7 0 0 0 0 0 0 0 0 0 0 0 0 0 0 0 0 0 0 0 0 0 0 0 0 0 0 0 0 0 0 0 0 0 0 0 0 0 21 0 0 1 0 0 0 1 0 0 0 14 0 0 0 0 0 0 0 0 0 0 0 0 0 0 0 199 5 22 0 159 0 13 0 3 10 0 0 0 0 0 
0 0 0 0 0 0 0 0 0 0 0 0 0 0 0 0 0 4 0 0 0 0 0 0 0 0 0 0 0 0 0 0 0 0 13 0 37 1 0 37 0 0 0 0 0 0 0 0 0 0 1 3 0 0 0 0 2 0 20 0 180 43 0 0 29 39 492 13 0 12 15 0 5 0 0 205 0 7 0 0 0 184 0 
1 0 0 0 0 0 0 0 0 0 0 0 0 0 0 0 0 0 0 0 0 0 0 0 0 0 0 0 0 0 0 0 0 0 0 0 0 0 0 0 0 16 0 0 6 0 0 0 0 0 0 0 0 0 0 0 0 0 0 0 0 0 0 0 0 63 277 139 1332 50 0 0 1 0 4 482 0 0 0 0 184 0 0 
0 0 0 0 0 0 176 159 0 10734 0 0 0 0 0 1706 0 2714 0 61 0 0 0 0 0 0 0 0 0 0 0 0 0 0 1046 5 2637 3916 0 1 0 0 0 0 0 6 0 61 4094 0 5679 1177 0 0 0 0 623 0 2116 14 660 0 0 0 0 0 0 0 0 0 0 0 3 0 0 2041 8 4683 5130 0 0 0 0 
