0 427 0 409 1 0 354 0 0 876 0 276 0 0 0 43 54 160 0 0 0 0 0 0 2 0 0 686 15 19 0 1076 61 3321 0 394 2506 0 1 0 0 842 0 0 0 0 0 0 0 0 0 0 47 0 0 0 0 0 0 0 0 0 0 0 0 0 0 0 0 0 0 0 0 0 0 0 34 0 0 0 0 0 0 
427 0 0 0 0 0 29 0 0 340 0 0 0 0 0 0 0 0 0 0 0 0 0 0 0 0 0 0 0 0 0 0 0 605 25 85 3360 0 0 0 0 0 0 0 0 0 0 0 0 0 0 0 0 0 0 0 0 0 0 0 0 0 0 0 0 0 0 0 0 0 0 0 0 0 0 0 0 0 0 0 0 0 0 
0 0 0 1551 0 0 0 0 0 0 0 450 0 0 0 0 0 0 0 0 0 0 0 0 0 0 0 0 0 0 0 0 0 0 0 44 68 0 0 0 0 398 0 12 3 0 0 92 20 0 0 0 30 0 0 0 0 0 0 0 0 0 0 0 0 0 0 0 0 0 0 0 0 0 0 0 0 0 0 0 0 0 0 
409 0 1551 0 0 0 609 1556 0 11 0 2 0 0 0 0 0 0 0 0 0 0 0 0 0 0 0 0 0 0 0 0 0 0 0 2 0 0 0 0 0 8 0 0 1 0 0 0 1 0 0 0 2 0 0 0 0 0 0 0 0 0 0 0 0 0 0 0 0 0 0 0 0 0 0 0 0 0 0 0 0 0 0 
1 0 0 0 0 344 197 336 507 195 0 0 0 0 0 0 0 0 0 0 0 0 0 0 0 0 0 0 0 0 0 0 0 1627 80 93 9686 16 0 0 0 0 0 0 0 0 0 0 0 0 0 0 0 0 0 0 0 0 0 0 0 0 0 0 0 0 0 0 0 0 0 0 0 0 0 0 0 0 0 0 0 0 3 
0 0 0 0 344 0 28 1218 2347 2149 0 0 0 0 0 1393 0 15 3 0 0 0 0 0 0 0 0 0 0 0 0 0 0 634 0 0 545 0 0 0 0 0 0 0 0 0 0 0 0 0 0 0 0 0 0 0 0 0 0 0 0 0 0 0 0 0 0 0 0 0 0 0 0 0 0 0 0 0 0 0 0 0 0 
354 29 0 609 197 28 0 394 2391 425 0 2885 604 1 0 1 0 0 0 0 0 0 0 0 0 0 0 0 0 0 0 0 0 254 3938 11353 13064 281 0 0 0 1443 0 158 10 268 2 5472 1268 0 0 0 175 78 0 0 0 0 0 0 0 0 0 0 0 0 0 0 0 0 0 0 0 0 0 1 28 0 0 0 0 0 161 
0 0 0 1556 336 1218 394 0 4 1515 46 3606 15905 3238 0 36 0 3 0 0 0 0 0 0 0 0 0 0 0 0 0 0 0 416 20787 2279 6459 1 0 0 0 0 0 0 9 234 46 1034 20106 35 385 12 3 57 0 0 0 0 0 0 0 0 0 0 0 0 0 0 0 0 0 0 0 0 66 1201 1035 1461 0 0 0 0 1212 
0 0 0 0 507 2347 2391 4 0 4804 0 0 0 0 0 270 0 6 2 0 0 0 0 0 0 0 0 0 0 0 0 0 0 672 65 0 2951 0 0 0 0 0 0 0 0 0 0 0 0 0 0 0 0 0 0 0 0 0 0 0 0 0 0 0 0 0 0 0 0 0 0 0 0 0 0 0 0 0 0 0 0 0 4 
876 340 0 11 195 2149 425 1515 4804 0 1260 0 366 11004 0 4050 37 4639 3195 0 0 0 22 0 0 0 0 0 2135 6898 11 0 0 9741 29224 1876 11252 234 0 0 0 0 0 0 0 0 0 0 2695 0 3939 127 0 0 31 0 2 0 0 0 0 0 0 0 0 0 0 0 0 0 0 0 0 0 0 0 0 0 0 0 0 0 6563 
0 0 0 0 0 0 0 46 0 1260 0 0 46 40 0 1599 0 243 0 861 0 0 0 0 0 0 0 0 0 0 0 0 0 0 0 0 0 0 0 0 0 0 0 0 0 0 0 0 0 0 0 0 0 0 0 0 0 0 0 0 0 0 0 0 0 0 0 0 0 0 0 0 0 0 0 0 0 0 0 0 0 0 0 
276 0 450 2 0 0 2885 3606 0 0 0 0 448 5 0 0 0 0 0 0 0 0 0 0 0 0 0 0 0 0 0 0 0 0 0 0 0 0 20 0 0 203 0 0 2 1 0 37 39 0 0 0 2 0 0 0 0 0 0 0 0 0 0 0 0 0 0 0 0 0 0 0 0 0 0 0 1 0 0 0 0 0 0 
0 0 0 0 0 0 604 15905 0 366 46 448 0 176 0 0 0 0 0 0 0 0 0 0 0 0 0 0 0 0 0 0 0 0 0 1 0 0 0 0 0 0 0 0 0 0 2 568 1793 0 0 0 11 17 0 0 0 0 0 0 0 0 0 0 0 0 0 0 0 0 0 0 0 0 2 7 3 10 0 0 0 0 0 
0 0 0 0 0 0 1 3238 0 11004 40 5 176 0 42 523 0 2325 0 1728 0 0 0 0 0 0 0 0 0 0 0 0 0 0 7 580 0 0 0 0 0 0 0 0 0 0 0 0 190 0 915 40 0 2 12 0 35 0 248 0 0 0 0 0 0 0 0 0 0 0 0 0 0 0 0 0 0 0 0 0 0 0 0 
0 0 0 0 0 0 0 0 0 0 0 0 0 42 0 0 0 3013 123 7290 731 0 52 37 0 2 0 0 25 11 0 11 0 9 44 89 416 148 0 12 0 0 0 0 0 0 0 0 0 0 0 0 0 0 0 113 0 0 474 87 20 41 0 0 0 1 0 0 0 11 62 0 152 0 109 5 1 198 2 0 0 0 1 
43 0 0 0 0 1393 1 36 270 4050 1599 0 0 523 0 0 1989 3605 3529 0 0 0 9 0 0 0 0 0 943 5901 1236 171 13 902 5483 362 2273 0 0 0 0 0 0 0 0 0 0 0 0 0 0 0 0 0 0 0 0 0 6 0 0 0 0 0 0 0 0 0 0 0 0 0 0 0 0 0 0 0 0 0 0 0 59 
54 0 0 0 0 0 0 0 0 37 0 0 0 0 0 1989 0 2191 6199 0 0 0 6 0 0 0 0 0 162 1152 1173 1170 0 64 0 0 7 0 0 0 0 0 0 0 0 0 0 0 0 0 0 0 0 0 0 0 0 0 0 0 0 0 0 0 0 0 0 0 0 0 0 0 0 0 0 0 0 0 0 0 0 0 0 
160 0 0 0 0 15 0 3 6 4639 243 0 0 2325 3013 3605 2191 0 3869 1344 464 39 3062 9 49 37 0 0 2251 7797 919 2432 32 60 6656 325 3992 1572 0 0 0 0 0 0 0 0 0 0 0 0 0 0 0 0 88 463 0 0 3900 109 271 1057 8 9 4 2 1 0 0 6 11 0 14 0 123 20 2 403 40 0 0 0 1009 
0 0 0 0 0 3 0 0 2 3195 0 0 0 0 123 3529 6199 3869 0 418 106 0 2205 0 209 21 0 0 42 3054 143 90 0 0 0 0 1 0 0 0 0 0 0 0 0 0 0 0 0 0 0 0 0 0 0 91 0 0 939 42 9 0 0 0 0 0 0 0 0 0 0 0 0 0 0 0 0 0 0 0 0 0 0 
0 0 0 0 0 0 0 0 0 0 861 0 0 1728 7290 0 0 1344 418 0 67 0 983 6 58 8 0 0 28 488 0 102 0 15 16 205 484 146 0 7 0 0 0 0 0 0 0 0 0 0 0 0 0 0 5 305 0 0 3358 460 171 28 0 2 0 65 0 0 0 71 93 0 71 0 80 26 4 382 6 0 0 0 0 
0 0 0 0 0 0 0 0 0 0 0 0 0 0 731 0 0 464 106 67 0 527 2192 389 110 0 0 0 1903 850 0 109 0 0 1 0 1 0 0 0 0 0 0 0 0 0 0 0 0 0 0 0 0 0 0 313 0 0 936 287 652 2481 14 35 0 58 0 0 0 45 18 0 7 0 395 0 0 0 0 0 0 0 0 
0 0 0 0 0 0 0 0 0 0 0 0 0 0 0 0 0 39 0 0 527 0 645 755 5114 0 0 0 7924 86 0 7 0 0 0 0 37 0 0 1 0 0 0 0 0 0 0 0 0 0 0 0 0 0 0 0 0 0 1 0 0 0 0 0 0 0 0 0 0 0 0 0 0 0 0 0 0 0 0 0 0 0 0 
0 0 0 0 0 0 0 0 0 22 0 0 0 0 52 9 6 3062 2205 983 2192 645 0 159 4270 0 0 0 8784 1106 6 669 0 1 0 0 8 0 0 0 0 0 0 0 0 0 0 0 0 0 0 0 0 0 0 50 0 0 192 33 128 674 0 5 0 0 0 0 0 0 0 0 2 0 79 0 0 0 0 0 0 0 0 
0 0 0 0 0 0 0 0 0 0 0 0 0 0 37 0 0 9 0 6 389 755 159 0 1293 0 0 0 611 61 0 5 0 0 0 0 0 0 0 1 0 0 0 0 0 0 0 0 0 0 0 0 0 0 0 10 0 0 1 0 0 1 0 0 0 0 0 0 0 0 0 0 0 0 0 0 0 0 0 0 0 0 0 
2 0 0 0 0 0 0 0 0 0 0 0 0 0 0 0 0 49 209 58 110 5114 4270 1293 0 48 1 35 1129 20 0 57 0 231 9 0 1397 2 0 510 0 0 0 0 0 0 0 0 0 0 0 0 0 0 0 7 0 0 36 0 1 0 0 0 0 0 0 0 0 0 0 0 2 0 0 1 0 0 0 0 0 0 0 
0 0 0 0 0 0 0 0 0 0 0 0 0 0 2 0 0 37 21 8 0 0 0 0 48 0 0 0 21 0 0 0 0 0 0 0 1 0 0 4 0 0 0 0 0 0 0 0 0 0 0 0 0 0 0 0 0 0 0 0 0 0 0 0 0 0 0 0 0 0 0 0 0 0 0 0 0 0 0 0 0 0 0 
0 0 0 0 0 0 0 0 0 0 0 0 0 0 0 0 0 0 0 0 0 0 0 0 1 0 0 6 0 0 0 6 0 357 0 0 9 2 0 23 0 0 0 0 0 0 0 0 0 0 0 0 0 0 0 0 0 0 0 0 0 0 0 0 0 0 0 0 0 0 0 0 0 0 0 0 0 0 0 0 0 0 0 
686 0 0 0 0 0 0 0 0 0 0 0 0 0 0 0 0 0 0 0 0 0 0 0 35 0 6 0 49 0 0 14 0 483 0 0 52 0 0 0 0 0 0 0 0 0 0 0 0 0 0 0 0 0 0 0 0 0 0 0 0 0 0 0 0 0 0 0 0 0 0 0 0 0 0 0 0 0 0 0 0 0 0 
15 0 0 0 0 0 0 0 0 2135 0 0 0 0 25 943 162 2251 42 28 1903 7924 8784 611 1129 21 0 49 0 660 34 43 0 41 189 0 1949 0 0 37 0 0 0 0 0 0 0 0 0 0 0 0 0 0 0 138 0 0 93 0 3 0 0 0 0 0 0 0 0 3 10 0 33 0 0 26 1 1 0 0 0 0 0 
19 0 0 0 0 0 0 0 0 6898 0 0 0 0 11 5901 1152 7797 3054 488 850 86 1106 61 20 0 0 0 660 0 1203 488 72 115 0 4 221 0 0 4 0 0 0 0 0 0 0 0 0 0 0 0 0 0 0 21 0 0 290 262 1 1 0 1 0 15 0 0 0 3 181 0 257 0 463 147 3 2 0 0 0 0 0 
0 0 0 0 0 0 0 0 0 11 0 0 0 0 0 1236 1173 919 143 0 0 0 6 0 0 0 0 0 34 1203 0 365 0 1 0 0 0 0 0 0 0 0 0 0 0 0 0 0 0 0 0 0 0 0 0 0 0 0 0 0 0 0 0 0 0 0 0 0 0 0 0 0 0 0 0 0 0 0 0 0 0 0 0 
1076 0 0 0 0 0 0 0 0 0 0 0 0 0 11 171 1170 2432 90 102 109 7 669 5 57 0 6 14 43 488 365 0 1354 1289 1 0 248 0 0 4 0 0 0 0 0 0 0 0 0 0 0 0 0 0 0 1 0 0 88 65 2 0 0 0 0 1 0 0 0 1 222 0 493 0 316 127 0 15 0 0 0 0 0 
61 0 0 0 0 0 0 0 0 0 0 0 0 0 0 13 0 32 0 0 0 0 0 0 0 0 0 0 0 72 0 1354 0 1 0 0 6 0 0 0 0 0 0 0 0 0 0 0 0 0 0 0 0 0 0 0 0 0 0 0 0 0 0 0 0 0 0 0 0 0 0 0 0 0 0 0 0 0 0 0 0 0 0 
3321 605 0 0 1627 634 254 416 672 9741 0 0 0 0 9 902 64 60 0 15 0 0 1 0 231 0 357 483 41 115 1 1289 1 0 0 0 127 0 0 1 0 0 0 0 0 0 0 0 0 0 0 0 0 0 0 0 0 0 0 0 0 0 0 0 0 0 0 0 0 0 0 0 0 0 0 1 0 0 0 0 0 0 26 
0 25 0 0 80 0 3938 20787 65 29224 0 0 0 7 44 5483 0 6656 0 16 1 0 0 0 9 0 0 0 189 0 0 1 0 0 0 170 1733 88 0 195 65 0 0 0 0 0 0 0 2 0 136 0 0 0 0 39 0 0 159 32 6 0 0 0 0 1 0 0 0 0 28 0 219 0 79 3 0 8 0 0 0 0 428 
394 85 44 2 93 0 11353 2279 0 1876 0 0 1 580 89 362 0 325 0 205 0 0 0 0 0 0 0 0 0 4 0 0 0 0 170 0 335 0 12 149 0 0 0 0 0 0 0 0 95 0 1062 10 0 0 3 78 173 0 269 0 0 0 0 0 0 0 0 0 0 1 11 0 40 0 12 34 8 47 0 0 0 0 0 
2506 3360 68 0 9686 545 13064 6459 2951 11252 0 0 0 0 416 2273 7 3992 1 484 1 37 8 0 1397 1 9 52 1949 221 0 248 6 127 1733 335 0 0 8 61 0 0 0 0 0 0 0 0 0 0 0 0 0 0 0 203 0 1 248 5 20 0 0 0 0 0 0 0 0 14 158 0 604 0 27 960 12 125 0 0 0 0 3772 
0 0 0 0 16 0 281 1 0 234 0 0 0 0 148 0 0 1572 0 146 0 0 0 0 2 0 2 0 0 0 0 0 0 0 88 0 0 0 0 0 0 0 0 0 0 0 0 0 0 0 0 0 0 0 0 6 0 0 0 0 8 0 0 0 0 0 0 0 0 0 6 0 0 0 0 0 0 30 0 0 0 0 4513 
1 0 0 0 0 0 0 0 0 0 0 20 0 0 0 0 0 0 0 0 0 0 0 0 0 0 0 0 0 0 0 0 0 0 0 12 8 0 0 0 0 0 0 0 0 0 0 0 0 0 0 0 0 0 0 0 0 0 0 0 0 0 0 0 0 0 0 0 0 0 0 0 0 0 0 0 0 0 0 0 0 0 0 
0 0 0 0 0 0 0 0 0 0 0 0 0 0 12 0 0 0 0 7 0 1 0 1 510 4 23 0 37 4 0 4 0 1 195 149 61 0 0 0 35 0 0 0 0 0 0 0 0 0 0 0 0 0 0 5 0 0 0 0 0 0 0 0 0 0 0 0 0 24 58 0 0 0 0 36 1 97 0 0 0 0 1 
0 0 0 0 0 0 0 0 0 0 0 0 0 0 0 0 0 0 0 0 0 0 0 0 0 0 0 0 0 0 0 0 0 0 65 0 0 0 0 35 0 0 0 0 0 0 0 0 0 0 0 0 0 0 0 0 0 0 0 0 0 0 0 0 0 0 0 0 0 0 0 0 0 0 0 0 0 0 0 0 0 0 0 
842 0 398 8 0 0 1443 0 0 0 0 203 0 0 0 0 0 0 0 0 0 0 0 0 0 0 0 0 0 0 0 0 0 0 0 0 0 0 0 0 0 0 16 0 150 35 0 9 0 0 0 0 876 0 0 0 0 0 0 0 0 0 0 0 0 0 0 0 0 0 0 0 2 3 1526 0 2742 4933 0 20 0 0 0 
0 0 0 0 0 0 0 0 0 0 0 0 0 0 0 0 0 0 0 0 0 0 0 0 0 0 0 0 0 0 0 0 0 0 0 0 0 0 0 0 0 16 0 0 0 0 0 7 0 0 0 0 0 0 0 0 0 0 0 0 0 0 0 0 0 0 0 0 0 0 0 0 0 0 58 0 2488 5996 22 0 0 0 4 
0 0 12 0 0 0 158 0 0 0 0 0 0 0 0 0 0 0 0 0 0 0 0 0 0 0 0 0 0 0 0 0 0 0 0 0 0 0 0 0 0 0 0 0 618 0 0 1 0 0 0 0 532 0 0 0 0 0 0 0 0 0 0 0 0 0 0 0 0 0 0 0 0 0 0 0 8 0 0 0 0 0 0 
0 0 3 1 0 0 10 9 0 0 0 2 0 0 0 0 0 0 0 0 0 0 0 0 0 0 0 0 0 0 0 0 0 0 0 0 0 0 0 0 0 150 0 618 0 0 0 0 311 0 1 0 88 8 0 0 0 0 0 0 0 0 0 0 0 0 0 0 0 0 0 0 0 0 0 0 0 0 0 0 0 0 404 
0 0 0 0 0 0 268 234 0 0 0 1 0 0 0 0 0 0 0 0 0 0 0 0 0 0 0 0 0 0 0 0 0 0 0 0 0 0 0 0 0 35 0 0 0 0 66 141 33 6 0 0 0 0 0 0 0 0 0 0 0 0 0 0 0 0 0 0 0 0 0 0 0 0 314 1286 7217 8901 659 0 0 0 271 
0 0 0 0 0 0 2 46 0 0 0 0 2 0 0 0 0 0 0 0 0 0 0 0 0 0 0 0 0 0 0 0 0 0 0 0 0 0 0 0 0 0 0 0 0 66 0 802 3289 4080 1443 0 0 0 0 0 2556 0 12 0 0 0 0 0 0 0 0 0 0 0 0 1 0 0 1850 59 3 3909 29 0 0 0 0 
0 0 92 0 0 0 5472 1034 0 0 0 37 568 0 0 0 0 0 0 0 0 0 0 0 0 0 0 0 0 0 0 0 0 0 0 0 0 0 0 0 0 9 7 1 0 141 802 0 3241 6199 165 0 910 1585 0 0 1 0 0 0 0 0 0 0 0 0 0 0 0 0 0 0 0 0 12 501 6968 978 218 0 0 0 16 
0 0 20 1 0 0 1268 20106 0 2695 0 39 1793 190 0 0 0 0 0 0 0 0 0 0 0 0 0 0 0 0 0 0 0 0 2 95 0 0 0 0 0 0 0 0 311 33 3289 3241 0 68 526 1083 5978 8585 1226 0 4 0 500 0 1 0 0 0 0 0 0 0 0 0 0 0 0 0 925 6718 1823 7209 0 0 0 0 2286 
0 0 0 0 0 0 0 35 0 0 0 0 0 0 0 0 0 0 0 0 0 0 0 0 0 0 0 0 0 0 0 0 0 0 0 0 0 0 0 0 0 0 0 0 0 6 4080 6199 68 0 4626 0 0 0 0 0 282 12 73 0 0 0 0 0 0 0 0 0 0 0 0 2 0 0 1686 3062 162 2709 0 0 0 0 568 
0 0 0 0 0 0 0 385 0 3939 0 0 0 915 0 0 0 0 0 0 0 0 0 0 0 0 0 0 0 0 0 0 0 0 136 1062 0 0 0 0 0 0 0 0 1 0 1443 165 526 4626 0 833 0 0 474 0 14418 279 3820 0 0 0 0 0 0 0 0 0 0 1 1015 4835 0 0 1412 15362 2660 12308 0 0 0 0 2323 
0 0 0 0 0 0 0 12 0 127 0 0 0 40 0 0 0 0 0 0 0 0 0 0 0 0 0 0 0 0 0 0 0 0 0 10 0 0 0 0 0 0 0 0 0 0 0 0 1083 0 833 0 0 0 1111 0 11 0 958 0 4 0 0 0 0 0 0 0 0 0 0 0 0 0 0 0 0 0 0 0 0 0 0 
47 0 30 2 0 0 175 3 0 0 0 2 11 0 0 0 0 0 0 0 0 0 0 0 0 0 0 0 0 0 0 0 0 0 0 0 0 0 0 0 0 876 0 532 88 0 0 910 5978 0 0 0 0 118 0 0 0 0 0 0 0 0 0 0 0 0 0 0 0 0 0 0 0 0 4 0 4 0 0 0 0 0 0 
0 0 0 0 0 0 78 57 0 0 0 0 17 2 0 0 0 0 0 0 0 0 0 0 0 0 0 0 0 0 0 0 0 0 0 0 0 0 0 0 0 0 0 0 8 0 0 1585 8585 0 0 0 118 0 445 0 0 0 0 0 0 0 0 0 0 0 0 0 0 0 0 0 0 0 0 0 0 0 0 0 0 0 0 
0 0 0 0 0 0 0 0 0 31 0 0 0 12 0 0 0 88 0 5 0 0 0 0 0 0 0 0 0 0 0 0 0 0 0 3 0 0 0 0 0 0 0 0 0 0 0 0 1226 0 474 1111 0 445 0 793 7 0 5388 0 4982 0 0 0 0 0 0 0 0 0 0 0 0 0 0 0 0 22 4 0 0 0 0 
0 0 0 0 0 0 0 0 0 0 0 0 0 0 113 0 0 463 91 305 313 0 50 10 7 0 0 0 138 21 0 1 0 0 39 78 203 6 0 5 0 0 0 0 0 0 0 0 0 0 0 0 0 0 793 0 0 0 3822 12 2520 765 0 0 7 0 178 0 0 7 21 0 7 0 3 0 0 202 7 0 0 0 0 
0 0 0 0 0 0 0 0 0 2 0 0 0 35 0 0 0 0 0 0 0 0 0 0 0 0 0 0 0 0 0 0 0 0 0 173 0 0 0 0 0 0 0 0 0 0 2556 1 4 282 14418 11 0 0 7 0 0 7031 3121 0 0 0 0 0 0 0 0 0 0 0 385 3844 19 30 3515 5831 471 11257 0 0 0 0 208 
0 0 0 0 0 0 0 0 0 0 0 0 0 0 0 0 0 0 0 0 0 0 0 0 0 0 0 0 0 0 0 0 0 0 0 0 1 0 0 0 0 0 0 0 0 0 0 0 0 12 279 0 0 0 0 0 7031 0 1554 2652 0 0 0 0 0 0 0 0 0 0 56 5164 266 18 161 0 0 12 0 0 0 0 0 
0 0 0 0 0 0 0 0 0 0 0 0 0 248 474 6 0 3900 939 3358 936 1 192 1 36 0 0 0 93 290 0 88 0 0 159 269 248 0 0 0 0 0 0 0 0 0 12 0 500 73 3820 958 0 0 5388 3822 3121 1554 0 3696 5072 634 1335 7375 31 50 455 0 0 1423 4909 1992 2366 2 340 3373 551 5258 593 0 3 0 568 
0 0 0 0 0 0 0 0 0 0 0 0 0 0 87 0 0 109 42 460 287 0 33 0 0 0 0 0 0 262 0 65 0 0 32 0 5 0 0 0 0 0 0 0 0 0 0 0 0 0 0 0 0 0 0 12 0 2652 3696 0 1 22 0 6888 0 61 0 0 0 883 3062 107 238 0 462 0 0 20 0 0 0 0 0 
0 0 0 0 0 0 0 0 0 0 0 0 0 0 20 0 0 271 9 171 652 0 128 0 1 0 0 0 3 1 0 2 0 0 6 0 20 8 0 0 0 0 0 0 0 0 0 0 1 0 0 4 0 0 4982 2520 0 0 5072 1 0 9 0 0 0 0 210 0 0 7 56 0 44 0 30 0 0 336 0 0 0 0 0 
0 0 0 0 0 0 0 0 0 0 0 0 0 0 41 0 0 1057 0 28 2481 0 674 1 0 0 0 0 0 1 0 0 0 0 0 0 0 0 0 0 0 0 0 0 0 0 0 0 0 0 0 0 0 0 0 765 0 0 634 22 9 0 243 453 412 0 35 0 0 925 74 0 28 0 3 1 0 0 0 0 4 0 0 
0 0 0 0 0 0 0 0 0 0 0 0 0 0 0 0 0 8 0 0 14 0 0 0 0 0 0 0 0 0 0 0 0 0 0 0 0 0 0 0 0 0 0 0 0 0 0 0 0 0 0 0 0 0 0 0 0 0 1335 0 0 243 0 306 1052 790 1 0 0 4161 60 0 0 0 0 0 0 0 0 0 0 0 0 
0 0 0 0 0 0 0 0 0 0 0 0 0 0 0 0 0 9 0 2 35 0 5 0 0 0 0 0 0 1 0 0 0 0 0 0 0 0 0 0 0 0 0 0 0 0 0 0 0 0 0 0 0 0 0 0 0 0 7375 6888 0 453 306 0 46 1282 0 0 0 6198 4732 0 365 0 301 0 0 0 0 0 0 0 0 
0 0 0 0 0 0 0 0 0 0 0 0 0 0 0 0 0 4 0 0 0 0 0 0 0 0 0 0 0 0 0 0 0 0 0 0 0 0 0 0 0 0 0 0 0 0 0 0 0 0 0 0 0 0 0 7 0 0 31 0 0 412 1052 46 0 220 11 0 0 418 1 0 0 0 0 1 0 0 0 0 1 0 0 
0 0 0 0 0 0 0 0 0 0 0 0 0 0 1 0 0 2 0 65 58 0 0 0 0 0 0 0 0 15 0 1 0 0 1 0 0 0 0 0 0 0 0 0 0 0 0 0 0 0 0 0 0 0 0 0 0 0 50 61 0 0 790 1282 220 0 34 0 0 3186 567 0 23 0 382 578 0 782 91 0 471 908 0 
0 0 0 0 0 0 0 0 0 0 0 0 0 0 0 0 0 1 0 0 0 0 0 0 0 0 0 0 0 0 0 0 0 0 0 0 0 0 0 0 0 0 0 0 0 0 0 0 0 0 0 0 0 0 0 178 0 0 455 0 210 35 1 0 11 34 0 30 0 15 0 0 0 0 0 0 0 0 0 0 1174 4 0 
0 0 0 0 0 0 0 0 0 0 0 0 0 0 0 0 0 0 0 0 0 0 0 0 0 0 0 0 0 0 0 0 0 0 0 0 0 0 0 0 0 0 0 0 0 0 0 0 0 0 0 0 0 0 0 0 0 0 0 0 0 0 0 0 0 0 30 0 1 0 0 0 0 0 20 0 0 0 0 0 24 2 0 
0 0 0 0 0 0 0 0 0 0 0 0 0 0 0 0 0 0 0 0 0 0 0 0 0 0 0 0 0 0 0 0 0 0 0 0 0 0 0 0 0 0 0 0 0 0 0 0 0 0 0 0 0 0 0 0 0 0 0 0 0 0 0 0 0 0 0 1 0 0 0 0 0 0 1308 0 0 0 0 0 0 27 0 
0 0 0 0 0 0 0 0 0 0 0 0 0 0 11 0 0 6 0 71 45 0 0 0 0 0 0 0 3 3 0 1 0 0 0 1 14 0 0 24 0 0 0 0 0 0 0 0 0 0 1 0 0 0 0 7 0 0 1423 883 7 925 4161 6198 418 3186 15 0 0 0 708 67 93 0 449 620 0 743 23 0 81 1 0 
0 0 0 0 0 0 0 0 0 0 0 0 0 0 62 0 0 11 0 93 18 0 0 0 0 0 0 0 10 181 0 222 0 0 28 11 158 6 0 58 0 0 0 0 0 0 0 0 0 0 1015 0 0 0 0 21 385 56 4909 3062 56 74 60 4732 1 567 0 0 0 708 0 390 991 1 389 96 0 605 0 0 1 0 0 
0 0 0 0 0 0 0 0 0 0 0 0 0 0 0 0 0 0 0 0 0 0 0 0 0 0 0 0 0 0 0 0 0 0 0 0 0 0 0 0 0 0 0 0 0 0 1 0 0 2 4835 0 0 0 0 0 3844 5164 1992 107 0 0 0 0 0 0 0 0 0 67 390 0 947 2 138 0 0 60 0 0 0 0 0 
0 0 0 0 0 0 0 0 0 0 0 0 0 0 152 0 0 14 0 71 7 0 2 0 2 0 0 0 33 257 0 493 0 0 219 40 604 0 0 0 0 2 0 0 0 0 0 0 0 0 0 0 0 0 0 7 19 266 2366 238 44 28 0 365 0 23 0 0 0 93 991 947 0 757 2283 0 0 51 1 0 0 0 0 
0 0 0 0 0 0 0 0 0 0 0 0 0 0 0 0 0 0 0 0 0 0 0 0 0 0 0 0 0 0 0 0 0 0 0 0 0 0 0 0 0 3 0 0 0 0 0 0 0 0 0 0 0 0 0 0 30 18 2 0 0 0 0 0 0 0 0 0 0 0 1 2 757 0 37 0 0 0 0 0 0 0 0 
0 0 0 0 0 0 0 66 0 0 0 0 2 0 109 0 0 123 0 80 395 0 79 0 0 0 0 0 0 463 0 316 0 0 79 12 27 0 0 0 0 1526 58 0 0 314 1850 12 925 1686 1412 0 4 0 0 3 3515 161 340 462 30 3 0 301 0 382 0 20 1308 449 389 138 2283 37 0 2 0 426 0 0 0 0 0 
0 0 0 0 0 0 1 1201 0 0 0 0 7 0 5 0 0 20 0 26 0 0 0 0 1 0 0 0 26 147 0 127 0 1 3 34 960 0 0 36 0 0 0 0 0 1286 59 501 6718 3062 15362 0 0 0 0 0 5831 0 3373 0 0 1 0 0 1 578 0 0 0 620 96 0 0 0 2 0 313 826 26 0 35 215 389 
34 0 0 0 0 0 28 1035 0 0 0 1 3 0 1 0 0 2 0 4 0 0 0 0 0 0 0 0 1 3 0 0 0 0 0 8 12 0 0 1 0 2742 2488 8 0 7217 3 6968 1823 162 2660 0 4 0 0 0 471 0 551 0 0 0 0 0 0 0 0 0 0 0 0 0 0 0 0 313 0 112 2 0 0 0 60 
0 0 0 0 0 0 0 1461 0 0 0 0 10 0 198 0 0 403 0 382 0 0 0 0 0 0 0 0 1 2 0 15 0 0 8 47 125 30 0 97 0 4933 5996 0 0 8901 3909 978 7209 2709 12308 0 0 0 22 202 11257 12 5258 20 336 0 0 0 0 782 0 0 0 743 605 60 51 0 426 826 112 0 0 0 0 0 5124 
0 0 0 0 0 0 0 0 0 0 0 0 0 0 2 0 0 40 0 6 0 0 0 0 0 0 0 0 0 0 0 0 0 0 0 0 0 0 0 0 0 0 22 0 0 659 29 218 0 0 0 0 0 0 4 7 0 0 593 0 0 0 0 0 0 91 0 0 0 23 0 0 1 0 0 26 2 0 0 0 0 0 5515 
0 0 0 0 0 0 0 0 0 0 0 0 0 0 0 0 0 0 0 0 0 0 0 0 0 0 0 0 0 0 0 0 0 0 0 0 0 0 0 0 0 20 0 0 0 0 0 0 0 0 0 0 0 0 0 0 0 0 0 0 0 0 0 0 0 0 0 0 0 0 0 0 0 0 0 0 0 0 0 0 0 0 0 
0 0 0 0 0 0 0 0 0 0 0 0 0 0 0 0 0 0 0 0 0 0 0 0 0 0 0 0 0 0 0 0 0 0 0 0 0 0 0 0 0 0 0 0 0 0 0 0 0 0 0 0 0 0 0 0 0 0 3 0 0 4 0 0 1 471 1174 24 0 81 1 0 0 0 0 35 0 0 0 0 0 64 19 
0 0 0 0 0 0 0 0 0 0 0 0 0 0 0 0 0 0 0 0 0 0 0 0 0 0 0 0 0 0 0 0 0 0 0 0 0 0 0 0 0 0 0 0 0 0 0 0 0 0 0 0 0 0 0 0 0 0 0 0 0 0 0 0 0 908 4 2 27 1 0 0 0 0 0 215 0 0 0 0 64 0 150 
0 0 0 0 3 0 161 1212 4 6563 0 0 0 0 1 59 0 1009 0 0 0 0 0 0 0 0 0 0 0 0 0 0 0 26 428 0 3772 4513 0 1 0 0 4 0 404 271 0 16 2286 568 2323 0 0 0 0 0 208 0 568 0 0 0 0 0 0 0 0 0 0 0 0 0 0 0 0 389 60 5124 5515 0 19 150 0 
