0 490 12 294 9 0 1126 0 0 0 0 54 506 0 0 0 0 0 0 0 0 0 0 0 0 0 48 293 0 4 0 1913 0 4481 0 188 341 0 403 0 0 299 0 0 31 0 0 477 0 0 0 0 91 0 0 0 0 0 0 0 0 0 0 0 0 0 0 0 0 0 0 0 84 0 9 0 201 0 0 24 0 0 0 
490 0 0 0 0 0 3 0 0 0 0 0 0 0 0 2 18 0 0 0 0 0 286 0 0 0 0 0 0 60 0 323 7 5954 0 46 692 0 0 0 0 0 0 0 0 0 0 0 0 0 0 0 0 0 0 0 0 0 0 0 0 0 0 0 0 0 0 0 0 0 0 0 0 0 0 0 0 0 0 0 0 0 0 
12 0 0 6 0 0 0 4 0 0 0 2 566 0 0 0 0 0 0 0 0 0 0 0 0 0 2 31 0 0 0 160 0 233 0 63 22 0 92 0 0 37 0 0 3 0 0 330 0 0 0 0 10 0 0 0 0 0 0 0 0 0 0 0 0 0 0 0 0 0 0 0 6 0 0 0 25 0 0 7 0 0 0 
294 0 6 0 0 0 0 5 0 0 0 8 257 0 0 0 0 0 0 0 0 0 0 0 0 0 0 0 0 0 0 0 0 41 0 0 0 0 0 0 0 5 0 0 0 0 0 15 1 0 0 0 1 0 0 0 0 0 0 0 0 0 0 0 0 0 0 0 0 0 0 0 2 0 0 0 2 0 0 0 0 0 0 
9 0 0 0 0 1501 709 623 210 398 0 0 0 0 0 14 81 62 232 0 0 0 33 0 0 0 0 0 0 0 0 1 382 8479 0 0 2605 0 0 0 0 0 0 0 0 0 0 0 0 0 0 0 0 0 0 5 0 0 0 0 1 0 0 0 0 0 0 0 0 0 0 0 0 0 0 0 0 0 0 0 0 0 0 
0 0 0 0 1501 0 76 137 60 2767 0 0 0 0 0 144 1648 12 98 0 0 0 0 0 0 0 0 0 0 0 0 15 215 840 0 0 242 0 0 0 0 0 0 0 0 0 0 0 0 0 0 0 0 0 0 1 0 0 0 0 0 0 0 0 0 0 0 0 0 0 0 0 0 0 0 0 0 0 0 0 0 0 0 
1126 3 0 0 709 76 0 1967 1368 12 0 30 5721 0 0 47 66 49 137 0 0 47 889 0 0 0 213 359 32 1116 0 4191 286 4663 166 11603 12548 302 160 0 0 222 0 0 9 0 0 9015 922 0 0 0 46 0 0 1 0 0 0 0 2 0 0 1 0 0 0 0 0 0 0 0 6 0 1 0 18 3 0 9 0 0 0 
0 0 4 5 623 137 1967 0 2071 3253 164 288 11664 7662 0 15 0 4 0 0 0 0 0 0 0 0 0 0 0 0 0 0 0 0 10909 1952 8308 162 0 0 0 0 0 0 1 0 0 489 16391 0 279 185 0 353 126 0 0 0 0 0 0 0 0 0 0 0 0 0 0 0 0 0 0 0 0 0 0 0 0 0 0 0 696 
0 0 0 0 210 60 1368 2071 0 3590 0 0 0 0 0 0 0 0 0 0 0 0 0 0 0 0 0 0 0 0 0 0 0 0 14 0 53 0 0 0 0 0 0 0 0 0 0 0 0 0 0 0 0 0 0 0 0 0 0 0 0 0 0 0 0 0 0 0 0 0 0 0 0 0 0 0 0 0 0 0 0 0 1 
0 0 0 0 398 2767 12 3253 3590 0 2058 0 0 2576 0 5909 1369 11 185 39 0 0 0 0 0 0 0 0 0 289 0 0 9 734 22139 3544 10281 446 0 0 0 0 0 0 0 0 0 0 135 0 1436 1418 0 0 1674 0 1600 0 0 0 29 0 0 0 0 0 0 0 0 0 0 0 0 0 0 0 0 0 0 0 0 0 4902 
0 0 0 0 0 0 0 164 0 2058 0 0 0 1786 0 439 0 1 0 439 0 0 0 0 0 0 0 0 0 0 0 0 0 0 12 44 0 0 0 0 0 0 0 0 0 0 0 0 1 0 2 0 0 0 342 4 80 0 0 0 0 0 0 0 0 0 0 0 0 0 0 0 0 0 0 0 0 0 0 0 0 0 0 
54 0 2 8 0 0 30 288 0 0 0 0 0 0 0 0 0 0 0 0 0 0 0 0 0 0 0 0 0 0 0 0 0 264 0 0 0 0 0 0 0 0 0 0 0 0 0 0 0 0 0 0 4 0 0 0 0 0 0 0 0 0 0 0 0 0 0 0 0 0 0 0 0 0 0 0 7 0 0 18 0 0 0 
506 0 566 257 0 0 5721 11664 0 0 0 0 0 100 0 0 0 0 0 0 0 0 0 0 0 0 0 0 0 0 0 0 0 0 0 0 0 0 0 0 0 33 0 0 0 0 0 1588 449 0 0 0 0 1 0 0 0 0 0 0 0 0 0 0 0 0 0 0 0 0 0 0 1 0 0 0 0 0 0 0 0 0 0 
0 0 0 0 0 0 0 7662 0 2576 1786 0 100 0 386 194 0 1577 0 4082 0 0 0 0 0 0 0 0 0 0 0 0 0 0 0 3 0 0 0 0 0 0 0 0 0 0 0 0 8 0 0 0 0 0 1 5 0 0 0 0 0 0 0 0 0 0 0 0 0 0 0 0 0 0 0 0 0 0 0 0 0 0 0 
0 0 0 0 0 0 0 0 0 0 0 0 0 386 0 0 0 4086 0 4046 0 0 0 2 266 9 0 0 170 1 0 21 12 0 353 0 1793 13 0 196 49 0 0 0 0 0 0 0 0 0 0 0 0 0 168 39 0 0 0 0 34 0 0 0 0 0 0 0 0 0 0 0 0 0 0 0 0 0 0 0 0 0 601 
0 2 0 0 14 144 47 15 0 5909 439 0 0 194 0 0 9816 69 699 1 0 0 1 0 0 0 0 0 0 2785 1 61 6 2626 5598 322 9731 2 0 0 0 0 0 0 0 0 0 0 0 0 0 0 0 0 365 284 40 0 0 0 0 0 0 0 0 0 0 0 0 0 0 0 0 0 0 0 0 0 0 0 0 0 2584 
0 18 0 0 81 1648 66 0 0 1369 0 0 0 0 0 9816 0 3652 715 0 0 0 1 0 0 0 0 0 3 6309 763 1140 427 3863 0 0 8283 0 0 0 0 0 0 0 0 0 0 0 0 0 0 0 0 0 0 1 0 0 0 0 0 0 0 0 0 0 0 0 0 0 0 0 0 0 0 0 0 0 0 0 0 0 0 
0 0 0 0 62 12 49 4 0 11 1 0 0 1577 4086 69 3652 0 7161 305 1412 443 5669 3599 8504 119 0 0 8160 8046 2070 3663 1461 219 12806 120 6142 3 0 59 12 0 0 0 0 0 0 0 0 0 0 0 0 0 791 1887 0 0 496 255 1965 4 0 18 0 0 0 0 0 0 0 54 153 12 56 0 0 45 0 0 0 0 4327 
0 0 0 0 232 98 137 0 0 185 0 0 0 0 0 699 715 7161 0 0 0 0 3938 14 4334 0 0 0 2840 5576 339 2247 541 88 0 0 6729 0 0 18 0 0 0 0 0 0 0 0 0 0 0 0 0 0 0 18 0 0 2 0 343 0 0 0 0 0 0 0 0 0 0 0 0 0 0 0 0 0 0 0 0 0 0 
0 0 0 0 0 0 0 0 0 39 439 0 0 4082 4046 1 0 305 0 0 183 55 1 707 594 235 0 0 1121 190 0 81 34 2 0 0 628 0 0 205 0 0 0 0 0 0 0 0 0 0 0 0 0 0 277 523 0 0 819 213 666 0 0 0 0 0 0 0 0 0 0 61 302 0 0 0 0 0 0 0 0 0 0 
0 0 0 0 0 0 0 0 0 0 0 0 0 0 0 0 0 1412 0 183 0 2681 939 102 118 2 0 0 1515 847 0 222 255 61 0 0 496 0 0 128 0 0 0 0 0 0 0 0 0 0 0 0 0 0 0 623 0 0 1745 750 2758 312 82 87 49 0 26 0 0 74 137 125 680 4 88 0 0 67 0 0 7 0 0 
0 0 0 0 0 0 47 0 0 0 0 0 0 0 0 0 0 443 0 55 2681 0 1026 2824 1793 46 0 0 1376 1529 0 52 0 73 0 0 0 0 0 2902 0 0 0 0 0 0 0 0 0 0 0 0 0 0 0 1 0 0 0 0 85 306 299 1 2 0 0 0 0 0 1 1 1 0 2 0 0 1 0 0 0 0 0 
0 286 0 0 33 0 889 0 0 0 0 0 0 0 0 1 1 5669 3938 1 939 1026 0 115 1143 8 0 0 4539 4101 0 1692 18 1923 0 0 882 0 0 159 0 0 0 0 0 0 0 0 0 0 0 0 0 0 0 11 0 0 716 418 683 8 0 298 0 0 0 0 0 44 88 31 316 0 346 0 0 143 0 0 0 0 0 
0 0 0 0 0 0 0 0 0 0 0 0 0 0 2 0 0 3599 14 707 102 2824 115 0 229 34 0 0 7 7 0 1 0 0 0 0 0 0 0 575 0 0 0 0 0 0 0 0 0 0 0 0 0 0 0 343 0 0 4 0 1082 54 16 0 2 0 0 0 0 0 2 0 0 0 0 0 0 0 0 0 0 0 0 
0 0 0 0 0 0 0 0 0 0 0 0 0 0 266 0 0 8504 4334 594 118 1793 1143 229 0 35 0 0 809 4 0 2 0 0 20 5 1253 0 0 19 0 0 0 0 0 0 0 0 0 0 0 0 0 0 0 342 0 2 2 1 1319 15 1 0 0 0 0 0 0 0 0 0 43 9 1 246 0 583 0 0 0 0 48 
0 0 0 0 0 0 0 0 0 0 0 0 0 0 9 0 0 119 0 235 2 46 8 34 35 0 3 0 0 0 0 0 0 0 0 0 0 0 0 275 0 0 0 0 0 0 0 0 0 0 0 0 0 0 1 59 0 0 0 0 181 46 0 0 0 0 0 0 0 0 0 0 0 0 0 0 0 0 0 0 0 0 0 
48 0 2 0 0 0 213 0 0 0 0 0 0 0 0 0 0 0 0 0 0 0 0 0 0 3 0 0 0 0 0 0 0 0 0 0 2288 35 0 132 53 0 0 0 0 0 0 0 0 0 0 0 0 0 0 0 0 0 0 0 0 0 0 0 0 0 0 0 0 0 0 0 0 0 0 0 0 0 0 0 0 0 0 
293 0 31 0 0 0 359 0 0 0 0 0 0 0 0 0 0 0 0 0 0 0 0 0 0 0 0 0 0 0 0 0 0 2 0 0 1304 42 3 0 24 0 0 0 0 0 0 0 0 0 0 0 0 0 0 0 0 0 0 0 0 0 0 0 0 0 0 0 0 0 0 0 0 0 0 0 0 0 0 0 0 0 0 
0 0 0 0 0 0 32 0 0 0 0 0 0 0 170 0 3 8160 2840 1121 1515 1376 4539 7 809 0 0 0 0 1868 0 35 0 1 0 0 404 0 0 6 0 0 0 0 0 0 0 0 0 0 0 0 0 0 0 274 0 1 100 287 1451 0 0 7 0 0 0 0 0 1 0 84 515 23 262 101 0 1066 0 0 0 0 16 
4 60 0 0 0 0 1116 0 0 289 0 0 0 0 1 2785 6309 8046 5576 190 847 1529 4101 7 4 0 0 0 1868 0 564 181 0 17 0 0 571 0 0 6 0 0 0 0 0 0 0 0 0 0 0 0 0 0 0 5 0 0 3 29 18 0 0 2 0 0 0 0 0 0 0 26 107 1 23 0 0 34 0 0 0 0 0 
0 0 0 0 0 0 0 0 0 0 0 0 0 0 0 1 763 2070 339 0 0 0 0 0 0 0 0 0 0 564 0 2793 0 0 0 0 0 0 0 0 0 0 0 0 0 0 0 0 0 0 0 0 0 0 0 1 0 0 0 0 1 0 0 0 0 0 0 0 0 0 0 0 0 0 0 0 0 0 0 0 0 0 0 
1913 323 160 0 1 15 4191 0 0 0 0 0 0 0 21 61 1140 3663 2247 81 222 52 1692 1 2 0 0 0 35 181 2793 0 386 2088 0 0 403 0 24 4 0 0 0 0 0 0 0 0 0 0 0 0 0 0 0 67 0 0 0 0 44 0 0 0 0 0 0 0 0 0 0 0 0 0 0 0 0 0 0 0 0 0 0 
0 7 0 0 382 215 286 0 0 9 0 0 0 0 12 6 427 1461 541 34 255 0 18 0 0 0 0 0 0 0 0 386 0 29 0 0 131 0 0 0 0 0 0 0 0 0 0 0 0 0 0 0 0 0 0 18 0 0 0 0 6 0 0 0 0 0 0 0 0 0 0 0 0 0 0 0 0 0 0 0 0 0 0 
4481 5954 233 41 8479 840 4663 0 0 734 0 264 0 0 0 2626 3863 219 88 2 61 73 1923 0 0 0 0 2 1 17 0 2088 29 0 21 1 343 0 85 3 16 0 0 0 0 0 0 0 0 0 0 0 24 0 0 0 0 0 0 0 0 0 0 0 0 0 0 0 0 0 0 0 0 0 0 0 34 0 0 51 0 0 1 
0 0 0 0 0 0 166 10909 14 22139 12 0 0 0 353 5598 0 12806 0 0 0 0 0 0 20 0 0 0 0 0 0 0 0 21 0 653 940 16 0 363 341 0 0 0 0 0 0 1 543 0 0 1 0 4 9 26 0 0 0 0 898 4 0 0 0 0 0 0 0 0 0 0 0 0 0 53 0 138 0 0 0 0 374 
188 46 63 0 0 0 11603 1952 0 3544 44 0 0 3 0 322 0 120 0 0 0 0 0 0 5 0 0 0 0 0 0 0 0 1 653 0 87 2 0 1 0 0 0 0 0 0 0 0 79 0 0 18 0 0 8 0 56 0 1 0 250 0 0 0 0 0 0 0 0 0 0 0 0 0 0 1 0 0 0 0 0 0 325 
341 692 22 0 2605 242 12548 8308 53 10281 0 0 0 0 1793 9731 8283 6142 6729 628 496 0 882 0 1253 0 2288 1304 404 571 0 403 131 343 940 87 0 0 0 0 0 0 0 0 0 0 0 90 2322 0 0 0 0 58 0 1034 0 1 0 0 4148 0 0 0 0 0 0 0 0 0 0 0 17 2 1 148 6 492 0 0 0 0 2947 
0 0 0 0 0 0 302 162 0 446 0 0 0 0 13 2 0 3 0 0 0 0 0 0 0 0 35 42 0 0 0 0 0 0 16 2 0 0 0 0 0 0 0 0 0 0 0 1 24 0 0 0 0 1 0 1 0 0 0 0 0 0 0 0 0 0 0 0 0 0 0 0 0 0 0 0 0 0 0 0 0 0 5503 
403 0 92 0 0 0 160 0 0 0 0 0 0 0 0 0 0 0 0 0 0 0 0 0 0 0 0 3 0 0 0 24 0 85 0 0 0 0 0 0 0 0 0 0 0 0 0 0 0 0 0 0 7 0 0 0 0 0 0 0 0 0 0 0 0 0 0 0 0 0 0 0 0 0 0 0 4 0 0 22 0 0 0 
0 0 0 0 0 0 0 0 0 0 0 0 0 0 196 0 0 59 18 205 128 2902 159 575 19 275 132 0 6 6 0 4 0 3 363 1 0 0 0 0 298 0 0 0 0 0 0 0 0 0 0 0 0 0 1 651 0 3 42 66 5099 1341 10 0 0 0 0 0 0 0 0 0 163 20 32 473 0 2413 10 0 0 0 363 
0 0 0 0 0 0 0 0 0 0 0 0 0 0 49 0 0 12 0 0 0 0 0 0 0 0 53 24 0 0 0 0 0 16 341 0 0 0 0 298 0 0 0 0 0 0 0 0 0 0 0 0 0 0 0 16 0 0 0 0 55 0 0 0 0 0 0 0 0 0 0 0 0 0 0 0 0 1 0 0 0 0 18 
299 0 37 5 0 0 222 0 0 0 0 0 33 0 0 0 0 0 0 0 0 0 0 0 0 0 0 0 0 0 0 0 0 0 0 0 0 0 0 0 0 0 937 0 233 116 0 1412 0 0 0 0 1405 0 0 0 0 0 0 0 0 0 0 0 0 0 0 0 0 0 14 0 886 0 514 0 0 53 0 0 0 0 0 
0 0 0 0 0 0 0 0 0 0 0 0 0 0 0 0 0 0 0 0 0 0 0 0 0 0 0 0 0 0 0 0 0 0 0 0 0 0 0 0 0 937 0 0 0 46 0 11 0 0 0 0 0 0 0 0 0 0 0 0 0 0 0 0 0 0 0 0 0 0 0 0 0 0 1419 0 296 2038 16 0 0 0 0 
0 0 0 0 0 0 0 0 0 0 0 0 0 0 0 0 0 0 0 0 0 0 0 0 0 0 0 0 0 0 0 0 0 0 0 0 0 0 0 0 0 0 0 0 362 0 0 0 0 0 0 0 130 0 0 0 0 0 0 0 0 0 0 0 0 0 0 0 0 0 0 0 0 0 0 0 0 0 0 0 0 0 0 
31 0 3 0 0 0 9 1 0 0 0 0 0 0 0 0 0 0 0 0 0 0 0 0 0 0 0 0 0 0 0 0 0 0 0 0 0 0 0 0 0 233 0 362 0 0 0 109 0 0 5 1 293 0 0 0 0 0 0 0 0 0 0 0 0 0 0 0 17 0 27 0 514 0 28 22 0 1 0 0 0 0 20 
0 0 0 0 0 0 0 0 0 0 0 0 0 0 0 0 0 0 0 0 0 0 0 0 0 0 0 0 0 0 0 0 0 0 0 0 0 0 0 0 0 116 46 0 0 0 174 607 199 0 0 0 0 0 0 0 0 0 0 0 0 0 0 0 0 0 0 0 0 0 0 0 0 0 4731 0 231 3756 9 0 0 0 0 
0 0 0 0 0 0 0 0 0 0 0 0 0 0 0 0 0 0 0 0 0 0 0 0 0 0 0 0 0 0 0 0 0 0 0 0 0 0 0 0 0 0 0 0 0 174 0 53 4467 8340 3134 0 0 0 0 0 829 306 0 14 0 0 0 0 0 0 0 0 0 0 391 161 0 0 356 0 0 186 0 0 0 0 0 
477 0 330 15 0 0 9015 489 0 0 0 0 1588 0 0 0 0 0 0 0 0 0 0 0 0 0 0 0 0 0 0 0 0 0 1 0 90 1 0 0 0 1412 11 0 109 607 53 0 10739 1066 0 0 5517 3469 0 0 147 0 0 0 0 0 0 0 0 0 0 0 0 0 117 0 2655 0 857 2 15860 14185 413 476 0 0 0 
0 0 0 1 0 0 922 16391 0 135 1 0 449 8 0 0 0 0 0 0 0 0 0 0 0 0 0 0 0 0 0 0 0 0 543 79 2322 24 0 0 0 0 0 0 0 199 4467 10739 0 84 1927 63 735 7402 2964 0 29 74 0 0 14 0 0 0 0 0 0 0 0 0 1 0 0 0 383 10932 3500 14149 636 0 0 0 2670 
0 0 0 0 0 0 0 0 0 0 0 0 0 0 0 0 0 0 0 0 0 0 0 0 0 0 0 0 0 0 0 0 0 0 0 0 0 0 0 0 0 0 0 0 0 0 8340 1066 84 0 4969 0 0 0 0 0 815 98 0 0 0 0 0 0 0 0 0 0 0 0 3 0 0 0 59 0 0 22 0 0 0 0 0 
0 0 0 0 0 0 0 279 0 1436 2 0 0 0 0 0 0 0 0 0 0 0 0 0 0 0 0 0 0 0 0 0 0 0 0 0 0 0 0 0 0 0 0 0 5 0 3134 0 1927 4969 0 505 0 0 98 0 3066 7201 0 24 0 0 0 0 0 0 0 0 0 0 1662 4933 10 0 1210 9675 955 13240 1428 0 18 0 4314 
0 0 0 0 0 0 0 185 0 1418 0 0 0 0 0 0 0 0 0 0 0 0 0 0 0 0 0 0 0 0 0 0 0 0 1 18 0 0 0 0 0 0 0 0 1 0 0 0 63 0 505 0 0 0 998 0 253 1 0 0 2 0 0 0 0 0 0 0 0 0 0 0 1 0 1 19 0 34 0 0 0 0 0 
91 0 10 1 0 0 46 0 0 0 0 4 0 0 0 0 0 0 0 0 0 0 0 0 0 0 0 0 0 0 0 0 0 24 0 0 0 0 7 0 0 1405 0 130 293 0 0 5517 735 0 0 0 0 0 0 0 0 0 0 0 0 0 0 0 0 0 0 0 0 0 0 0 10 0 1 0 132 0 0 0 0 0 0 
0 0 0 0 0 0 0 353 0 0 0 0 1 0 0 0 0 0 0 0 0 0 0 0 0 0 0 0 0 0 0 0 0 0 4 0 58 1 0 0 0 0 0 0 0 0 0 3469 7402 0 0 0 0 0 3 0 0 0 0 0 0 0 0 0 0 0 0 0 0 0 0 0 0 0 0 0 0 0 0 0 0 0 0 
0 0 0 0 0 0 0 126 0 1674 342 0 0 1 168 365 0 791 0 277 0 0 0 0 0 1 0 0 0 0 0 0 0 0 9 8 0 0 0 1 0 0 0 0 0 0 0 0 2964 0 98 998 0 3 0 122 204 0 0 0 1172 0 0 0 0 0 0 0 0 0 0 0 0 0 0 0 0 0 0 0 0 0 0 
0 0 0 0 5 1 1 0 0 0 4 0 0 5 39 284 1 1887 18 523 623 1 11 343 342 59 0 0 274 5 1 67 18 0 26 0 1034 1 0 651 16 0 0 0 0 0 0 0 0 0 0 0 0 0 122 0 0 0 0 0 5508 813 0 0 1 0 0 0 0 0 0 0 0 0 0 0 0 0 0 0 0 0 28 
0 0 0 0 0 0 0 0 0 1600 80 0 0 0 0 40 0 0 0 0 0 0 0 0 0 0 0 0 0 0 0 0 0 0 0 56 0 0 0 0 0 0 0 0 0 0 829 147 29 815 3066 253 0 0 204 0 0 10030 2041 1984 55 0 0 0 0 0 0 0 0 31 1486 1878 191 2 3674 3381 64 5696 0 0 0 0 93 
0 0 0 0 0 0 0 0 0 0 0 0 0 0 0 0 0 0 0 0 0 0 0 0 2 0 0 0 1 0 0 0 0 0 0 0 1 0 0 3 0 0 0 0 0 0 306 0 74 98 7201 1 0 0 0 0 10030 0 1471 879 13 0 0 0 0 0 0 0 0 0 947 7634 470 1 102 0 0 0 0 0 0 0 0 
0 0 0 0 0 0 0 0 0 0 0 0 0 0 0 0 0 496 2 819 1745 0 716 4 2 0 0 0 100 3 0 0 0 0 0 1 0 0 0 42 0 0 0 0 0 0 0 0 0 0 0 0 0 0 0 0 2041 1471 0 27676 0 48 0 842 0 0 0 0 0 668 3931 999 2145 365 831 1637 24 5377 4 0 0 0 0 
0 0 0 0 0 0 0 0 0 0 0 0 0 0 0 0 0 255 0 213 750 0 418 0 1 0 0 0 287 29 0 0 0 0 0 0 0 0 0 66 0 0 0 0 0 0 14 0 0 0 24 0 0 0 0 0 1984 879 27676 0 11 1894 0 6140 0 6 0 0 0 91 1854 1056 393 0 793 0 0 129 0 0 0 0 0 
0 0 0 0 1 0 2 0 0 29 0 0 0 0 34 0 0 1965 343 666 2758 85 683 1082 1319 181 0 0 1451 18 1 44 6 0 898 250 4148 0 0 5099 55 0 0 0 0 0 0 0 14 0 0 2 0 0 1172 5508 55 13 0 11 0 183 34 0 1046 17 903 0 0 2 28 8 229 32 42 254 0 2955 3 0 1632 0 21 
0 0 0 0 0 0 0 0 0 0 0 0 0 0 0 0 0 4 0 0 312 306 8 54 15 46 0 0 0 0 0 0 0 0 4 0 0 0 0 1341 0 0 0 0 0 0 0 0 0 0 0 0 0 0 0 813 0 0 48 1894 183 0 375 1432 350 1 11 0 0 606 1029 238 1089 0 565 0 0 0 0 0 226 0 0 
0 0 0 0 0 0 0 0 0 0 0 0 0 0 0 0 0 0 0 0 82 299 0 16 1 0 0 0 0 0 0 0 0 0 0 0 0 0 0 10 0 0 0 0 0 0 0 0 0 0 0 0 0 0 0 0 0 0 0 0 34 375 0 199 1060 638 0 0 0 1341 6968 10 123 0 1 0 0 0 0 0 17 0 0 
0 0 0 0 0 0 1 0 0 0 0 0 0 0 0 0 0 18 0 0 87 1 298 0 0 0 0 0 7 2 0 0 0 0 0 0 0 0 0 0 0 0 0 0 0 0 0 0 0 0 0 0 0 0 0 0 0 0 842 6140 0 1432 199 0 215 1445 0 0 0 4964 4822 1923 1420 0 408 0 0 181 0 0 0 0 0 
0 0 0 0 0 0 0 0 0 0 0 0 0 0 0 0 0 0 0 0 49 2 0 2 0 0 0 0 0 0 0 0 0 0 0 0 0 0 0 0 0 0 0 0 0 0 0 0 0 0 0 0 0 0 0 1 0 0 0 0 1046 350 1060 215 0 800 35 0 0 51 1395 0 1 0 0 0 0 0 0 0 116 0 0 
0 0 0 0 0 0 0 0 0 0 0 0 0 0 0 0 0 0 0 0 0 0 0 0 0 0 0 0 0 0 0 0 0 0 0 0 0 0 0 0 0 0 0 0 0 0 0 0 0 0 0 0 0 0 0 0 0 0 0 6 17 1 638 1445 800 0 17 0 0 1841 508 635 216 0 59 68 0 1 0 0 573 445 0 
0 0 0 0 0 0 0 0 0 0 0 0 0 0 0 0 0 0 0 0 26 0 0 0 0 0 0 0 0 0 0 0 0 0 0 0 0 0 0 0 0 0 0 0 0 0 0 0 0 0 0 0 0 0 0 0 0 0 0 0 903 11 0 0 35 17 0 0 0 0 0 0 0 0 0 0 0 0 0 0 173 1 0 
0 0 0 0 0 0 0 0 0 0 0 0 0 0 0 0 0 0 0 0 0 0 0 0 0 0 0 0 0 0 0 0 0 0 0 0 0 0 0 0 0 0 0 0 0 0 0 0 0 0 0 0 0 0 0 0 0 0 0 0 0 0 0 0 0 0 0 0 0 0 0 0 0 0 0 0 0 0 0 0 54 0 0 
0 0 0 0 0 0 0 0 0 0 0 0 0 0 0 0 0 0 0 0 0 0 0 0 0 0 0 0 0 0 0 0 0 0 0 0 0 0 0 0 0 0 0 0 17 0 0 0 0 0 0 0 0 0 0 0 0 0 0 0 0 0 0 0 0 0 0 0 0 0 0 0 0 0 10 0 0 382 137 0 0 66 0 
0 0 0 0 0 0 0 0 0 0 0 0 0 0 0 0 0 0 0 0 74 0 44 0 0 0 0 0 1 0 0 0 0 0 0 0 0 0 0 0 0 0 0 0 0 0 0 0 0 0 0 0 0 0 0 0 31 0 668 91 2 606 1341 4964 51 1841 0 0 0 0 520 243 156 0 71 194 0 22 3 0 166 101 0 
0 0 0 0 0 0 0 0 0 0 0 0 0 0 0 0 0 0 0 0 137 1 88 2 0 0 0 0 0 0 0 0 0 0 0 0 0 0 0 0 0 14 0 0 27 0 391 117 1 3 1662 0 0 0 0 0 1486 947 3931 1854 28 1029 6968 4822 1395 508 0 0 0 520 0 465 92 0 273 1987 0 3498 62 3 1647 100 7 
0 0 0 0 0 0 0 0 0 0 0 0 0 0 0 0 0 54 0 61 125 1 31 0 0 0 0 0 84 26 0 0 0 0 0 0 0 0 0 0 0 0 0 0 0 0 161 0 0 0 4933 0 0 0 0 0 1878 7634 999 1056 8 238 10 1923 0 635 0 0 0 243 465 0 951 0 108 0 0 0 0 0 0 0 0 
84 0 6 2 0 0 6 0 0 0 0 0 1 0 0 0 0 153 0 302 680 1 316 0 43 0 0 0 515 107 0 0 0 0 0 0 17 0 0 163 0 886 0 0 514 0 0 2655 0 0 10 1 10 0 0 0 191 470 2145 393 229 1089 123 1420 1 216 0 0 0 156 92 951 0 704 905 2 0 1801 8 18 4 1 0 
0 0 0 0 0 0 0 0 0 0 0 0 0 0 0 0 0 12 0 0 4 0 0 0 9 0 0 0 23 1 0 0 0 0 0 0 2 0 0 20 0 0 0 0 0 0 0 0 0 0 0 0 0 0 0 0 2 1 365 0 32 0 0 0 0 0 0 0 0 0 0 0 704 0 67 0 0 0 0 0 0 0 0 
9 0 0 0 0 0 1 0 0 0 0 0 0 0 0 0 0 56 0 0 88 2 346 0 1 0 0 0 262 23 0 0 0 0 0 0 1 0 0 32 0 514 1419 0 28 4731 356 857 383 59 1210 1 1 0 0 0 3674 102 831 793 42 565 1 408 0 59 0 0 10 71 273 108 905 67 0 0 0 744 0 0 0 0 0 
0 0 0 0 0 0 0 0 0 0 0 0 0 0 0 0 0 0 0 0 0 0 0 0 246 0 0 0 101 0 0 0 0 0 53 1 148 0 0 473 0 0 0 0 22 0 0 2 10932 0 9675 19 0 0 0 0 3381 0 1637 0 254 0 0 0 0 68 0 0 0 194 1987 0 2 0 0 0 373 647 15 10 154 465 503 
201 0 25 2 0 0 18 0 0 0 0 7 0 0 0 0 0 0 0 0 0 0 0 0 0 0 0 0 0 0 0 0 0 34 0 0 6 0 4 0 0 0 296 0 0 231 0 15860 3500 0 955 0 132 0 0 0 64 0 24 0 0 0 0 0 0 0 0 0 0 0 0 0 0 0 0 373 0 87 0 14 0 0 167 
0 0 0 0 0 0 3 0 0 0 0 0 0 0 0 0 0 45 0 0 67 1 143 0 583 0 0 0 1066 34 0 0 0 0 138 0 492 0 0 2413 1 53 2038 0 1 3756 186 14185 14149 22 13240 34 0 0 0 0 5696 0 5377 129 2955 0 0 181 0 1 0 0 382 22 3498 0 1801 0 744 647 87 0 0 8 40 0 1683 
0 0 0 0 0 0 0 0 0 0 0 0 0 0 0 0 0 0 0 0 0 0 0 0 0 0 0 0 0 0 0 0 0 0 0 0 0 0 0 10 0 0 16 0 0 9 0 413 636 0 1428 0 0 0 0 0 0 0 4 0 3 0 0 0 0 0 0 0 137 3 62 0 8 0 0 15 0 0 0 0 0 0 1624 
24 0 7 0 0 0 9 0 0 0 0 18 0 0 0 0 0 0 0 0 0 0 0 0 0 0 0 0 0 0 0 0 0 51 0 0 0 0 22 0 0 0 0 0 0 0 0 476 0 0 0 0 0 0 0 0 0 0 0 0 0 0 0 0 0 0 0 0 0 0 3 0 18 0 0 10 14 8 0 0 0 0 5 
0 0 0 0 0 0 0 0 0 0 0 0 0 0 0 0 0 0 0 0 7 0 0 0 0 0 0 0 0 0 0 0 0 0 0 0 0 0 0 0 0 0 0 0 0 0 0 0 0 0 18 0 0 0 0 0 0 0 0 0 1632 226 17 0 116 573 173 54 0 166 1647 0 4 0 0 154 0 40 0 0 0 0 27 
0 0 0 0 0 0 0 0 0 0 0 0 0 0 0 0 0 0 0 0 0 0 0 0 0 0 0 0 0 0 0 0 0 0 0 0 0 0 0 0 0 0 0 0 0 0 0 0 0 0 0 0 0 0 0 0 0 0 0 0 0 0 0 0 0 445 1 0 66 101 100 0 1 0 0 465 0 0 0 0 0 0 81 
0 0 0 0 0 0 0 696 1 4902 0 0 0 0 601 2584 0 4327 0 0 0 0 0 0 48 0 0 0 16 0 0 0 0 1 374 325 2947 5503 0 363 18 0 0 0 20 0 0 0 2670 0 4314 0 0 0 0 28 93 0 0 0 21 0 0 0 0 0 0 0 0 0 7 0 0 0 0 503 167 1683 1624 5 27 81 0 
