0 375 62 695 11 0 2765 0 0 0 0 74 0 0 0 0 0 0 0 0 0 0 0 0 0 0 0 2 0 0 0 0 0 907 0 154 785 0 926 0 0 1396 0 574 328 0 0 635 1415 0 0 0 3 0 0 0 0 0 0 0 0 0 0 0 0 0 0 0 0 0 0 0 3 0 0 0 0 43 0 0 0 0 0 
375 0 0 0 356 0 4 0 0 0 0 0 0 0 0 0 0 0 0 0 0 0 0 0 0 0 0 0 0 0 0 0 0 2679 0 0 2752 0 0 0 0 0 0 0 0 0 0 0 0 0 0 0 0 0 0 0 0 0 0 0 0 0 0 0 0 0 0 0 0 0 0 0 2 0 1 0 0 126 0 0 0 0 0 
62 0 0 521 0 0 0 0 0 0 0 21 0 0 0 0 0 0 0 0 0 0 0 0 0 0 0 0 0 0 0 0 0 0 0 0 0 0 4 0 0 113 0 44 19 0 0 60 168 0 0 0 0 0 0 0 0 0 0 0 0 0 0 0 0 0 0 0 0 0 0 0 0 0 0 0 0 0 0 0 0 0 0 
695 0 521 0 0 0 109 758 0 0 0 75 0 0 0 0 0 0 0 0 0 0 0 0 0 0 0 0 0 0 0 0 0 3 2 0 1 0 0 0 0 88 0 16 5 0 0 17 2 0 0 0 0 0 0 0 0 0 0 0 0 0 0 0 0 0 0 0 0 0 0 0 0 0 0 0 0 0 0 0 0 0 0 
11 356 0 0 0 12 877 663 135 420 0 0 0 0 0 0 0 0 0 0 0 0 0 0 0 0 0 0 0 0 0 0 0 1649 0 0 1344 0 0 0 0 0 0 0 0 0 0 0 0 0 0 0 0 0 0 0 0 0 0 0 0 0 0 0 0 0 0 0 0 0 0 0 0 0 0 0 0 0 0 0 0 0 0 
0 0 0 0 12 0 1318 661 1447 5652 0 0 0 0 0 0 0 0 0 0 0 0 0 0 0 0 0 0 0 0 0 0 0 43 0 0 0 0 0 0 0 0 0 0 0 0 0 0 0 0 0 0 0 0 0 0 0 0 0 0 0 0 0 0 0 0 0 0 0 0 0 0 0 0 0 0 0 0 0 0 0 0 0 
2765 4 0 109 877 1318 0 511 3872 381 0 544 461 0 0 19 4 0 0 0 0 0 0 0 0 0 0 21 0 0 1 4 0 2020 1540 10691 16151 2553 55 0 0 689 0 1168 713 0 0 764 20326 0 0 0 39 166 0 0 0 0 1 0 0 0 0 0 0 0 0 0 0 0 0 0 1 0 0 0 0 214 0 0 0 0 9 
0 0 0 758 663 661 511 0 119 86 7 944 13787 3348 0 23 19 0 0 109 0 0 0 0 0 0 0 0 2 5 1 1 0 452 12061 2332 8247 635 0 0 0 0 0 53 48 0 0 33 15227 0 0 146 10 1511 433 0 0 0 0 0 0 0 0 0 0 0 0 0 0 0 0 0 0 0 0 0 0 0 0 0 0 0 618 
0 0 0 0 135 1447 3872 119 0 5613 0 0 0 0 0 101 173 0 0 0 0 0 0 0 0 0 0 0 0 6 0 3 0 540 0 0 1758 7 0 0 0 0 0 0 0 0 0 0 0 0 0 0 0 0 0 0 0 0 0 0 0 0 0 0 0 0 0 0 0 0 0 0 0 0 0 0 0 0 0 0 0 0 2 
0 0 0 0 420 5652 381 86 5613 0 452 0 0 5437 0 1439 2566 1 0 0 0 0 0 0 0 0 0 0 0 7 0 3 0 4380 16518 666 11692 15 0 0 0 0 0 0 0 0 0 0 1284 0 4470 2658 0 0 1411 0 14 0 0 0 0 0 0 0 0 0 0 0 0 0 0 0 0 0 0 1 0 0 0 0 0 0 3870 
0 0 0 0 0 0 0 7 0 452 0 0 0 1174 0 37 0 133 0 8 0 0 0 0 0 0 0 0 0 0 0 0 0 0 0 0 0 0 0 0 0 0 0 0 0 0 0 0 0 0 0 0 0 0 1 0 0 0 0 0 0 0 0 0 0 0 0 0 0 0 0 0 0 0 0 0 0 0 0 0 0 0 0 
74 0 21 75 0 0 544 944 0 0 0 0 31 58 0 0 0 0 0 0 0 0 0 0 0 0 0 0 0 0 0 0 0 0 0 0 0 0 0 0 0 532 0 0 17 0 0 0 1 0 0 0 1 0 0 0 0 0 0 0 0 0 0 0 0 0 0 0 0 0 0 0 0 0 0 0 0 0 0 0 0 0 0 
0 0 0 0 0 0 461 13787 0 0 0 31 0 397 0 0 0 0 0 51 0 0 0 0 0 0 0 0 0 0 0 0 0 0 0 0 0 0 0 0 0 0 0 0 0 0 0 0 5 0 0 0 0 0 0 0 0 0 0 0 0 0 0 0 0 0 0 0 0 0 0 0 0 0 0 0 0 0 0 0 0 0 0 
0 0 0 0 0 0 0 3348 0 5437 1174 58 397 0 4 2463 0 4792 0 4041 0 0 0 0 0 0 0 0 0 0 0 0 0 0 42 0 0 0 0 0 0 0 0 0 0 0 0 0 0 0 1 0 0 0 7 0 0 0 0 0 0 0 0 0 0 0 0 0 0 0 0 0 0 0 0 0 0 0 0 0 0 0 4 
0 0 0 0 0 0 0 0 0 0 0 0 0 4 0 0 0 93 0 9123 214 0 0 0 0 136 54 0 0 0 0 1 0 0 0 0 0 0 0 110 0 0 0 0 0 0 0 0 0 0 0 0 0 0 1 3 0 0 112 0 127 237 615 95 7 0 0 0 0 0 0 0 0 0 0 0 0 0 0 0 0 0 0 
0 0 0 0 0 0 19 23 101 1439 37 0 0 2463 0 0 3161 14 6 0 0 0 0 0 3 0 0 0 48 225 123 368 186 998 2982 17 9952 20 0 0 1 0 0 0 0 0 0 0 0 0 314 0 0 0 27 0 73 0 1 0 0 0 0 0 0 0 0 0 0 0 0 0 0 0 0 5 0 0 0 0 0 0 2365 
0 0 0 0 0 0 4 19 173 2566 0 0 0 0 0 3161 0 65 99 0 0 0 1 0 39 0 0 0 1294 1409 1595 797 1 1120 0 0 6794 0 0 0 0 0 0 0 0 0 0 0 0 0 0 0 0 0 0 0 0 0 0 0 0 0 0 0 0 0 0 0 0 0 0 0 0 0 0 0 0 0 0 0 0 0 0 
0 0 0 0 0 0 0 0 0 1 133 0 0 4792 93 14 65 0 4391 25 3 621 49 14 649 0 0 43 3446 1270 11 4911 392 1242 3755 0 7356 547 0 1408 0 0 0 0 0 0 0 0 0 0 84 0 0 0 293 818 208 0 3823 2957 4166 128 1 585 0 112 0 0 0 0 0 0 2670 173 611 0 0 2613 331 0 0 0 4442 
0 0 0 0 0 0 0 0 0 0 0 0 0 0 0 6 99 4391 0 2 0 0 1254 0 2181 0 0 10 4044 4234 825 546 0 0 0 0 0 0 0 0 0 0 0 0 0 0 0 0 0 0 0 0 0 0 0 0 0 0 60 0 155 0 0 0 0 0 0 0 0 0 0 0 69 13 0 0 0 20 0 0 0 0 0 
0 0 0 0 0 0 0 109 0 0 8 0 51 4041 9123 0 0 25 2 0 332 4 0 0 0 22 29 0 0 0 0 0 0 0 0 0 0 0 0 86 0 0 0 0 0 0 0 0 0 0 0 0 0 0 97 992 0 0 2077 1140 6045 146 13 6 0 0 0 0 0 0 0 0 576 37 55 0 0 675 1 0 0 0 0 
0 0 0 0 0 0 0 0 0 0 0 0 0 0 214 0 0 3 0 332 0 1687 486 267 0 50 0 1 0 6 0 43 0 1 0 0 0 0 0 38 0 0 0 0 0 0 0 0 0 0 0 0 0 0 0 48 0 0 4224 1438 1440 1255 496 1472 0 1 0 0 0 0 0 0 321 2 53 0 0 17 0 0 0 0 0 
0 0 0 0 0 0 0 0 0 0 0 0 0 0 0 0 0 621 0 4 1687 0 324 728 4 0 0 0 234 268 0 1640 0 335 0 0 0 0 0 0 0 0 0 0 0 0 0 0 0 0 0 0 0 0 0 0 0 0 597 0 17 12 87 516 0 0 0 0 0 0 0 0 0 0 0 0 0 0 0 0 0 0 0 
0 0 0 0 0 0 0 0 0 0 0 0 0 0 0 0 1 49 1254 0 486 324 0 242 2857 1 0 42 3574 1470 3 3754 0 351 0 0 2 0 0 0 0 0 0 0 0 0 0 0 0 0 0 0 0 0 0 0 0 0 2 21 0 0 0 0 0 0 0 0 0 0 0 0 401 2 61 0 0 589 0 0 0 0 0 
0 0 0 0 0 0 0 0 0 0 0 0 0 0 0 0 0 14 0 0 267 728 242 0 143 0 2 105 27 640 0 2313 0 482 17 0 0 0 0 24 0 0 0 0 0 0 0 0 0 0 0 0 0 0 0 0 0 0 1 0 220 298 802 19 29 0 0 0 0 0 0 0 0 0 0 44 0 0 0 0 132 0 0 
0 0 0 0 0 0 0 0 0 0 0 0 0 0 0 3 39 649 2181 0 0 4 2857 143 0 62 2 47 1139 260 0 1714 0 0 1 0 0 0 0 153 0 0 0 0 0 0 0 0 0 0 0 0 0 0 0 0 0 0 0 0 0 0 0 0 0 0 0 0 0 0 0 0 0 0 0 0 0 0 0 0 0 0 0 
0 0 0 0 0 0 0 0 0 0 0 0 0 0 136 0 0 0 0 22 50 0 1 0 62 0 17 0 0 0 0 0 0 0 0 0 0 0 0 132 0 0 0 0 0 0 0 0 0 0 0 0 0 0 0 0 0 0 0 0 1 6 7 0 2 0 0 0 0 0 0 0 0 0 0 0 0 0 0 0 3 0 0 
0 0 0 0 0 0 0 0 0 0 0 0 0 0 54 0 0 0 0 29 0 0 0 2 2 17 0 0 0 0 0 0 0 3 16 0 802 38 0 1 56 0 0 0 0 0 0 0 0 0 0 0 0 0 0 0 0 0 0 0 0 0 0 0 0 0 0 0 0 0 0 0 0 0 0 0 0 0 0 0 0 0 0 
2 0 0 0 0 0 21 0 0 0 0 0 0 0 0 0 0 43 10 0 1 0 42 105 47 0 0 0 387 0 0 0 0 117 910 0 1452 0 0 426 0 0 0 0 0 0 0 0 0 0 0 0 0 0 0 0 0 0 0 0 1 0 0 0 0 0 0 0 0 0 0 0 0 0 0 0 0 0 0 0 3 0 0 
0 0 0 0 0 0 0 2 0 0 0 0 0 0 0 48 1294 3446 4044 0 0 234 3574 27 1139 0 0 387 0 468 4 12 0 2 3 0 32 0 0 73 0 0 0 0 0 0 0 0 0 0 0 0 0 0 0 0 0 0 0 0 0 0 0 0 0 0 0 0 0 0 0 0 0 0 0 0 0 0 0 0 0 0 0 
0 0 0 0 0 0 0 5 6 7 0 0 0 0 0 225 1409 1270 4234 0 6 268 1470 640 260 0 0 0 468 0 547 100 0 6 0 0 136 0 0 11 0 0 0 0 0 0 0 0 0 0 0 0 0 0 0 0 0 0 0 0 2 1 6 0 0 0 0 0 0 0 0 0 0 0 0 0 0 93 0 0 2 0 0 
0 0 0 0 0 0 1 1 0 0 0 0 0 0 0 123 1595 11 825 0 0 0 3 0 0 0 0 0 4 547 0 13 0 6 0 0 34 0 0 0 0 0 0 0 0 0 0 0 0 0 0 0 0 0 0 0 0 0 0 0 0 0 0 0 0 0 0 0 0 0 0 0 0 0 0 0 0 0 0 0 0 0 0 
0 0 0 0 0 0 4 1 3 3 0 0 0 0 1 368 797 4911 546 0 43 1640 3754 2313 1714 0 0 0 12 100 13 0 45 912 176 0 440 0 0 32 0 0 0 0 0 0 0 0 0 0 1 0 0 0 0 6 0 0 2137 22 537 15 36 261 1 8 0 0 0 0 0 0 134 4 16 0 0 748 1 0 1 0 0 
0 0 0 0 0 0 0 0 0 0 0 0 0 0 0 186 1 392 0 0 0 0 0 0 0 0 0 0 0 0 0 45 0 2 0 0 0 0 0 0 0 0 0 0 0 0 0 0 0 0 0 0 0 0 0 0 0 0 0 0 0 0 0 0 0 0 0 0 0 0 0 0 0 0 0 0 0 0 0 0 0 0 0 
907 2679 0 3 1649 43 2020 452 540 4380 0 0 0 0 0 998 1120 1242 0 0 1 335 351 482 0 0 3 117 2 6 6 912 2 0 17 5 120 0 8 0 0 0 0 0 0 0 0 0 0 0 0 0 0 0 0 0 0 0 1191 8 44 2 0 133 0 3 0 0 0 0 0 0 162 0 29 2 0 3659 13 0 0 0 3 
0 0 0 2 0 0 1540 12061 0 16518 0 0 0 42 0 2982 0 3755 0 0 0 0 0 17 1 0 16 910 3 0 0 176 0 17 0 315 465 145 0 13 318 0 0 0 0 0 0 0 0 0 8 5 0 0 43 37 195 0 336 0 28 0 0 0 0 0 0 0 0 0 0 0 0 0 0 6 0 0 1 0 1 0 227 
154 0 0 0 0 0 10691 2332 0 666 0 0 0 0 0 17 0 0 0 0 0 0 0 0 0 0 0 0 0 0 0 0 0 5 315 0 31 31 0 0 0 0 0 0 0 0 0 0 0 0 0 0 0 0 0 0 0 0 0 0 0 0 0 0 0 0 0 0 0 0 0 0 0 0 0 0 0 0 0 0 0 0 0 
785 2752 0 1 1344 0 16151 8247 1758 11692 0 0 0 0 0 9952 6794 7356 0 0 0 0 2 0 0 0 802 1452 32 136 34 440 0 120 465 31 0 0 0 0 0 0 0 0 0 0 0 0 0 0 0 0 0 0 0 1 0 0 1623 0 179 0 0 0 0 0 0 0 0 0 0 0 17 0 0 23 0 4982 222 0 1 0 3249 
0 0 0 0 0 0 2553 635 7 15 0 0 0 0 0 20 0 547 0 0 0 0 0 0 0 0 38 0 0 0 0 0 0 0 145 31 0 0 0 0 0 0 0 0 0 0 0 0 0 0 0 0 0 0 0 0 2 0 4 0 1 0 0 0 0 0 0 0 0 0 0 0 0 0 0 47 0 386 313 0 0 0 6225 
926 0 4 0 0 0 55 0 0 0 0 0 0 0 0 0 0 0 0 0 0 0 0 0 0 0 0 0 0 0 0 0 0 8 0 0 0 0 0 0 1 0 0 0 0 0 0 0 0 0 0 0 0 0 0 0 0 0 0 0 0 0 0 0 0 0 0 0 0 0 0 0 0 0 0 0 0 0 0 0 0 0 0 
0 0 0 0 0 0 0 0 0 0 0 0 0 0 110 0 0 1408 0 86 38 0 0 24 153 132 1 426 73 11 0 32 0 0 13 0 0 0 0 0 0 0 0 0 0 0 0 0 0 0 0 0 0 0 1 0 0 0 3 0 3 7 12 0 3 0 0 0 0 0 0 0 0 0 0 25 0 43 46 0 31 0 17 
0 0 0 0 0 0 0 0 0 0 0 0 0 0 0 1 0 0 0 0 0 0 0 0 0 0 56 0 0 0 0 0 0 0 318 0 0 0 1 0 0 0 0 0 0 0 0 0 0 0 0 0 0 0 0 0 0 0 0 0 0 0 0 0 0 0 0 0 0 0 0 0 0 0 0 0 0 0 0 0 0 0 0 
1396 0 113 88 0 0 689 0 0 0 0 532 0 0 0 0 0 0 0 0 0 0 0 0 0 0 0 0 0 0 0 0 0 0 0 0 0 0 0 0 0 0 455 6 578 139 0 577 1 0 0 0 49 0 0 0 0 0 0 0 0 0 0 0 2 2 0 0 0 0 0 0 0 0 2921 0 30 1310 0 141 0 0 0 
0 0 0 0 0 0 0 0 0 0 0 0 0 0 0 0 0 0 0 0 0 0 0 0 0 0 0 0 0 0 0 0 0 0 0 0 0 0 0 0 0 455 0 0 0 289 0 1 0 0 0 0 0 0 0 0 0 0 0 0 0 0 0 0 0 0 0 0 0 0 0 0 0 0 2256 0 0 80 0 0 0 0 0 
574 0 44 16 0 0 1168 53 0 0 0 0 0 0 0 0 0 0 0 0 0 0 0 0 0 0 0 0 0 0 0 0 0 0 0 0 0 0 0 0 0 6 0 0 49 0 0 0 1 0 0 0 27 0 0 0 0 0 0 0 0 0 0 0 0 0 0 0 0 0 0 0 0 0 0 0 484 214 0 47 0 0 0 
328 0 19 5 0 0 713 48 0 0 0 17 0 0 0 0 0 0 0 0 0 0 0 0 0 0 0 0 0 0 0 0 0 0 0 0 0 0 0 0 0 578 0 49 0 0 0 3 106 0 0 0 14 0 0 0 0 0 0 0 0 0 0 0 0 0 0 0 0 0 0 0 0 0 2 9 82 13 0 2 0 0 1 
0 0 0 0 0 0 0 0 0 0 0 0 0 0 0 0 0 0 0 0 0 0 0 0 0 0 0 0 0 0 0 0 0 0 0 0 0 0 0 0 0 139 289 0 0 0 236 253 0 0 0 0 0 0 0 0 0 0 0 0 0 0 0 0 0 0 0 0 0 0 0 0 0 0 3025 0 0 5 0 0 0 0 0 
0 0 0 0 0 0 0 0 0 0 0 0 0 0 0 0 0 0 0 0 0 0 0 0 0 0 0 0 0 0 0 0 0 0 0 0 0 0 0 0 0 0 0 0 0 236 0 2147 179 301 6270 0 0 0 0 0 560 0 0 0 0 0 0 0 0 0 0 0 0 0 58 651 62 0 212 0 0 0 0 0 0 0 0 
635 0 60 17 0 0 764 33 0 0 0 0 0 0 0 0 0 0 0 0 0 0 0 0 0 0 0 0 0 0 0 0 0 0 0 0 0 0 0 0 0 577 1 0 3 253 2147 0 1184 1945 325 0 0 0 0 0 1 0 0 0 0 0 0 1 67 12 0 0 0 0 0 27 6 0 7451 0 5000 12171 36 81 0 0 0 
1415 0 168 2 0 0 20326 15227 0 1284 0 1 5 0 0 0 0 0 0 0 0 0 0 0 0 0 0 0 0 0 0 0 0 0 0 0 0 0 0 0 0 1 0 1 106 0 179 1184 0 6261 407 21 147 5283 2879 0 0 0 0 0 0 0 0 0 0 0 0 0 0 0 0 0 1 0 317 9422 6188 9554 461 2 0 0 346 
0 0 0 0 0 0 0 0 0 0 0 0 0 0 0 0 0 0 0 0 0 0 0 0 0 0 0 0 0 0 0 0 0 0 0 0 0 0 0 0 0 0 0 0 0 0 301 1945 6261 0 10092 0 0 0 0 0 206 42 102 37 0 0 0 0 0 0 0 0 0 1 97 709 62 0 396 7 0 1776 0 0 0 0 0 
0 0 0 0 0 0 0 0 0 4470 0 0 0 1 0 314 0 84 0 0 0 0 0 0 0 0 0 0 0 0 0 1 0 0 8 0 0 0 0 0 0 0 0 0 0 0 6270 325 407 10092 0 242 0 0 1749 0 2149 444 468 55 0 0 0 0 0 0 0 0 0 62 326 1038 18 0 1828 16823 1607 12750 3731 0 0 0 5463 
0 0 0 0 0 0 0 146 0 2658 0 0 0 0 0 0 0 0 0 0 0 0 0 0 0 0 0 0 0 0 0 0 0 0 5 0 0 0 0 0 0 0 0 0 0 0 0 0 21 0 242 0 0 53 2036 8 74 0 0 0 4 0 0 0 0 0 0 0 0 0 0 0 0 0 0 378 14 0 0 0 0 0 1 
3 0 0 0 0 0 39 10 0 0 0 1 0 0 0 0 0 0 0 0 0 0 0 0 0 0 0 0 0 0 0 0 0 0 0 0 0 0 0 0 0 49 0 27 14 0 0 0 147 0 0 0 0 0 0 0 0 0 0 0 0 0 0 0 0 0 0 0 0 0 0 0 0 0 0 0 0 0 0 0 0 0 0 
0 0 0 0 0 0 166 1511 0 0 0 0 0 0 0 0 0 0 0 0 0 0 0 0 0 0 0 0 0 0 0 0 0 0 0 0 0 0 0 0 0 0 0 0 0 0 0 0 5283 0 0 53 0 0 148 0 0 0 0 0 0 0 0 0 0 0 0 0 0 0 0 0 0 0 0 0 0 0 0 0 0 0 0 
0 0 0 0 0 0 0 433 0 1411 1 0 0 7 1 27 0 293 0 97 0 0 0 0 0 0 0 0 0 0 0 0 0 0 43 0 0 0 0 1 0 0 0 0 0 0 0 0 2879 0 1749 2036 0 148 0 704 1194 0 940 0 3135 0 0 0 0 0 0 0 0 0 0 0 0 0 0 0 0 0 0 0 0 0 28 
0 0 0 0 0 0 0 0 0 0 0 0 0 0 3 0 0 818 0 992 48 0 0 0 0 0 0 0 0 0 0 6 0 0 37 0 1 0 0 0 0 0 0 0 0 0 0 0 0 0 0 8 0 0 704 0 0 0 420 0 3945 724 558 0 45 0 59 6 0 0 0 0 0 0 0 0 0 0 0 0 15 0 14 
0 0 0 0 0 0 0 0 0 14 0 0 0 0 0 73 0 208 0 0 0 0 0 0 0 0 0 0 0 0 0 0 0 0 195 0 0 2 0 0 0 0 0 0 0 0 560 1 0 206 2149 74 0 0 1194 0 0 2000 4989 161 0 0 0 0 0 0 0 0 0 81 236 732 547 5 1329 5108 322 8998 2227 0 5 0 225 
0 0 0 0 0 0 0 0 0 0 0 0 0 0 0 0 0 0 0 0 0 0 0 0 0 0 0 0 0 0 0 0 0 0 0 0 0 0 0 0 0 0 0 0 0 0 0 0 0 42 444 0 0 0 0 0 2000 0 61 513 0 0 0 0 0 0 0 0 0 267 1018 5343 1197 0 76 0 0 613 0 0 0 0 0 
0 0 0 0 0 0 1 0 0 0 0 0 0 0 112 1 0 3823 60 2077 4224 597 2 1 0 0 0 0 0 0 0 2137 0 1191 336 0 1623 4 0 3 0 0 0 0 0 0 0 0 0 102 468 0 0 0 940 420 4989 61 0 6042 35 105 954 3 284 0 0 0 0 2 22 9 1568 151 548 1796 14 4872 703 0 12 0 1322 
0 0 0 0 0 0 0 0 0 0 0 0 0 0 0 0 0 2957 0 1140 1438 0 21 0 0 0 0 0 0 0 0 22 0 8 0 0 0 0 0 0 0 0 0 0 0 0 0 0 0 37 55 0 0 0 0 0 161 513 6042 0 32 0 0 590 0 56 0 0 0 3743 1213 786 4024 690 317 0 0 622 0 0 0 0 0 
0 0 0 0 0 0 0 0 0 0 0 0 0 0 127 0 0 4166 155 6045 1440 17 0 220 0 1 0 1 0 2 0 537 0 44 28 0 179 1 0 3 0 0 0 0 0 0 0 0 0 0 0 4 0 0 3135 3945 0 0 35 32 0 129 166 59 76 0 12 0 0 0 0 0 1 0 1 18 0 380 30 0 18 0 72 
0 0 0 0 0 0 0 0 0 0 0 0 0 0 237 0 0 128 0 146 1255 12 0 298 0 6 0 0 0 1 0 15 0 2 0 0 0 0 0 7 0 0 0 0 0 0 0 0 0 0 0 0 0 0 0 724 0 0 105 0 129 0 118 9 86 0 1 0 0 0 0 0 0 0 0 0 0 0 0 0 9 0 0 
0 0 0 0 0 0 0 0 0 0 0 0 0 0 615 0 0 1 0 13 496 87 0 802 0 7 0 0 0 6 0 36 0 0 0 0 0 0 0 12 0 0 0 0 0 0 0 0 0 0 0 0 0 0 0 558 0 0 954 0 166 118 0 1255 1466 0 0 5 0 0 0 0 27 0 0 0 0 0 0 0 21 0 0 
0 0 0 0 0 0 0 0 0 0 0 0 0 0 95 0 0 585 0 6 1472 516 0 19 0 0 0 0 0 0 0 261 0 133 0 0 0 0 0 0 0 0 0 0 0 0 0 1 0 0 0 0 0 0 0 0 0 0 3 590 59 9 1255 0 260 918 0 0 0 1785 447 1 680 1 73 0 0 4 0 0 0 0 0 
0 0 0 0 0 0 0 0 0 0 0 0 0 0 7 0 0 0 0 0 0 0 0 29 0 2 0 0 0 0 0 1 0 0 0 0 0 0 0 3 0 2 0 0 0 0 0 67 0 0 0 0 0 0 0 45 0 0 284 0 76 86 1466 260 0 31 43 15 0 0 7 0 1030 0 296 0 0 228 0 0 426 0 0 
0 0 0 0 0 0 0 0 0 0 0 0 0 0 0 0 0 112 0 0 1 0 0 0 0 0 0 0 0 0 0 8 0 3 0 0 0 0 0 0 0 2 0 0 0 0 0 12 0 0 0 0 0 0 0 0 0 0 0 56 0 0 0 918 31 0 127 39 28 3083 4734 0 7511 0 1047 48 0 142 0 0 208 0 0 
0 0 0 0 0 0 0 0 0 0 0 0 0 0 0 0 0 0 0 0 0 0 0 0 0 0 0 0 0 0 0 0 0 0 0 0 0 0 0 0 0 0 0 0 0 0 0 0 0 0 0 0 0 0 0 59 0 0 0 0 12 1 0 0 43 127 0 64 0 4 2 0 5 0 1 0 0 0 0 0 103 0 0 
0 0 0 0 0 0 0 0 0 0 0 0 0 0 0 0 0 0 0 0 0 0 0 0 0 0 0 0 0 0 0 0 0 0 0 0 0 0 0 0 0 0 0 0 0 0 0 0 0 0 0 0 0 0 0 6 0 0 0 0 0 0 5 0 15 39 64 0 0 0 1 0 0 0 1 0 0 0 0 0 135 12 0 
0 0 0 0 0 0 0 0 0 0 0 0 0 0 0 0 0 0 0 0 0 0 0 0 0 0 0 0 0 0 0 0 0 0 0 0 0 0 0 0 0 0 0 0 0 0 0 0 0 0 0 0 0 0 0 0 0 0 0 0 0 0 0 0 0 28 0 0 0 134 45 0 37 0 361 727 0 1139 1 0 218 133 0 
0 0 0 0 0 0 0 0 0 0 0 0 0 0 0 0 0 0 0 0 0 0 0 0 0 0 0 0 0 0 0 0 0 0 0 0 0 0 0 0 0 0 0 0 0 0 0 0 0 1 62 0 0 0 0 0 81 267 2 3743 0 0 0 1785 0 3083 4 0 134 0 1027 180 794 9 13 169 0 105 0 0 153 0 0 
0 0 0 0 0 0 0 0 0 0 0 0 0 0 0 0 0 0 0 0 0 0 0 0 0 0 0 0 0 0 0 0 0 0 0 0 0 0 0 0 0 0 0 0 0 0 58 0 0 97 326 0 0 0 0 0 236 1018 22 1213 0 0 0 447 7 4734 2 1 45 1027 0 854 827 25 141 0 0 440 0 0 22 0 0 
0 0 0 0 0 0 0 0 0 0 0 0 0 0 0 0 0 0 0 0 0 0 0 0 0 0 0 0 0 0 0 0 0 0 0 0 0 0 0 0 0 0 0 0 0 0 651 27 0 709 1038 0 0 0 0 0 732 5343 9 786 0 0 0 1 0 0 0 0 0 180 854 0 1727 13 917 0 0 1659 0 0 0 0 0 
3 2 0 0 0 0 1 0 0 0 0 0 0 0 0 0 0 2670 69 576 321 0 401 0 0 0 0 0 0 0 0 134 0 162 0 0 17 0 0 0 0 0 0 0 0 0 62 6 1 62 18 0 0 0 0 0 547 1197 1568 4024 1 0 27 680 1030 7511 5 0 37 794 827 1727 0 21 488 4 0 426 0 0 23 0 0 
0 0 0 0 0 0 0 0 0 0 0 0 0 0 0 0 0 173 13 37 2 0 2 0 0 0 0 0 0 0 0 4 0 0 0 0 0 0 0 0 0 0 0 0 0 0 0 0 0 0 0 0 0 0 0 0 5 0 151 690 0 0 0 1 0 0 0 0 0 9 25 13 21 0 14 0 0 0 0 0 0 0 0 
0 1 0 0 0 0 0 0 0 0 0 0 0 0 0 0 0 611 0 55 53 0 61 0 0 0 0 0 0 0 0 16 0 29 0 0 0 0 0 0 0 2921 2256 0 2 3025 212 7451 317 396 1828 0 0 0 0 0 1329 76 548 317 1 0 0 73 296 1047 1 1 361 13 141 917 488 14 0 69 0 48 0 0 228 0 0 
0 0 0 0 0 0 0 0 0 1 0 0 0 0 0 5 0 0 0 0 0 0 0 44 0 0 0 0 0 0 0 0 0 2 6 0 23 47 0 25 0 0 0 0 9 0 0 0 9422 7 16823 378 0 0 0 0 5108 0 1796 0 18 0 0 0 0 48 0 0 727 169 0 0 4 0 69 0 105 67 22 0 59 124 758 
0 0 0 0 0 0 0 0 0 0 0 0 0 0 0 0 0 0 0 0 0 0 0 0 0 0 0 0 0 0 0 0 0 0 0 0 0 0 0 0 0 30 0 484 82 0 0 5000 6188 0 1607 14 0 0 0 0 322 0 14 0 0 0 0 0 0 0 0 0 0 0 0 0 0 0 0 105 0 1 0 0 0 0 1 
43 126 0 0 0 0 214 0 0 0 0 0 0 0 0 0 0 2613 20 675 17 0 589 0 0 0 0 0 0 93 0 748 0 3659 0 0 4982 386 0 43 0 1310 80 214 13 5 0 12171 9554 1776 12750 0 0 0 0 0 8998 613 4872 622 380 0 0 4 228 142 0 0 1139 105 440 1659 426 0 48 67 1 0 0 0 3 0 32 
0 0 0 0 0 0 0 0 0 0 0 0 0 0 0 0 0 331 0 1 0 0 0 0 0 0 0 0 0 0 0 1 0 13 1 0 222 313 0 46 0 0 0 0 0 0 0 36 461 0 3731 0 0 0 0 0 2227 0 703 0 30 0 0 0 0 0 0 0 1 0 0 0 0 0 0 22 0 0 0 0 0 0 508 
0 0 0 0 0 0 0 0 0 0 0 0 0 0 0 0 0 0 0 0 0 0 0 0 0 0 0 0 0 0 0 0 0 0 0 0 0 0 0 0 0 141 0 47 2 0 0 81 2 0 0 0 0 0 0 0 0 0 0 0 0 0 0 0 0 0 0 0 0 0 0 0 0 0 0 0 0 0 0 0 0 0 0 
0 0 0 0 0 0 0 0 0 0 0 0 0 0 0 0 0 0 0 0 0 0 0 132 0 3 0 3 0 2 0 1 0 0 1 0 1 0 0 31 0 0 0 0 0 0 0 0 0 0 0 0 0 0 0 15 5 0 12 0 18 9 21 0 426 208 103 135 218 153 22 0 23 0 228 59 0 3 0 0 0 64 0 
0 0 0 0 0 0 0 0 0 0 0 0 0 0 0 0 0 0 0 0 0 0 0 0 0 0 0 0 0 0 0 0 0 0 0 0 0 0 0 0 0 0 0 0 0 0 0 0 0 0 0 0 0 0 0 0 0 0 0 0 0 0 0 0 0 0 0 12 133 0 0 0 0 0 0 124 0 0 0 0 64 0 0 
0 0 0 0 0 0 9 618 2 3870 0 0 0 4 0 2365 0 4442 0 0 0 0 0 0 0 0 0 0 0 0 0 0 0 3 227 0 3249 6225 0 17 0 0 0 0 1 0 0 0 346 0 5463 1 0 0 28 14 225 0 1322 0 72 0 0 0 0 0 0 0 0 0 0 0 0 0 0 758 1 32 508 0 0 0 0 
