0 407 20 534 6 0 944 0 0 0 0 120 0 0 0 0 0 1 0 1 0 0 0 0 0 0 0 226 30 66 0 9 0 1978 0 372 623 0 1 0 0 430 0 0 0 0 0 504 0 0 0 0 16 0 0 0 0 0 0 0 0 0 0 0 0 0 0 0 0 0 0 0 0 0 0 0 0 0 0 0 0 0 0 
407 0 0 0 233 0 9 0 0 0 0 0 0 0 0 0 0 1 0 1 0 0 0 0 0 0 0 0 0 0 0 0 0 3137 0 11 265 0 0 0 0 0 0 0 0 0 0 0 0 0 0 0 0 0 0 0 0 0 0 0 0 0 0 0 0 0 0 0 0 0 0 0 0 0 0 0 0 0 0 0 0 0 0 
20 0 0 1213 0 0 0 15 0 0 0 0 0 0 0 0 0 0 0 0 0 0 0 0 0 0 0 37 1 19 0 7 0 29 0 99 49 0 0 0 0 313 0 0 0 0 0 1647 7 0 0 0 0 0 0 0 0 0 0 0 0 0 0 0 0 0 0 0 0 0 0 0 0 0 0 0 0 0 0 0 0 0 0 
534 0 1213 0 0 0 378 270 0 0 0 11 0 0 0 0 0 0 0 0 0 0 0 0 0 0 0 11 0 0 0 0 0 51 0 12 1 0 22 0 0 439 0 0 0 0 0 484 9 0 0 0 0 0 0 0 0 0 0 0 0 0 0 0 0 0 0 0 0 0 0 0 0 0 0 0 0 0 0 0 0 0 0 
6 233 0 0 0 378 673 2369 15 15 0 0 673 0 0 0 4 6 0 0 0 0 0 0 0 0 0 0 0 0 0 0 0 3419 0 11 301 27 0 0 0 0 0 0 0 0 8 2 62 0 0 0 0 1 0 0 0 0 0 0 0 0 0 0 0 0 0 0 0 0 0 0 0 0 43 0 0 1 0 0 0 0 0 
0 0 0 0 378 0 1431 3290 2865 3250 0 0 823 0 0 3 841 265 2 0 0 0 0 0 0 0 0 0 1 0 0 0 0 210 0 0 0 0 0 0 0 0 0 0 0 0 7 0 97 0 0 0 0 0 0 0 0 0 0 0 0 0 0 0 0 0 0 0 0 0 0 0 0 0 35 0 0 0 0 0 0 0 0 
944 9 0 378 673 1431 0 1030 89 1 0 2015 1631 0 0 0 15 25 0 17 0 0 0 0 0 0 0 672 245 258 0 43 0 8031 120 13065 10187 2376 19 0 0 1 0 0 0 0 116 14337 3082 0 0 0 4 69 0 0 0 0 0 0 1 0 0 0 0 0 0 0 0 0 0 0 0 0 928 175 511 442 47 0 0 0 326 
0 0 15 270 2369 3290 1030 0 2038 449 30 2981 17282 5984 0 0 16 0 0 0 0 0 0 0 0 0 0 0 8 11 0 0 0 925 12796 1577 4942 332 5 0 0 0 0 0 0 0 0 229 16996 0 1094 0 0 41 21 0 0 0 0 0 0 0 0 0 0 0 0 0 0 0 0 0 0 0 19 0 0 5 0 0 0 0 414 
0 0 0 0 15 2865 89 2038 0 847 0 0 0 0 0 4 14 22 0 0 0 0 0 0 0 0 0 0 0 0 0 0 0 48 0 0 144 0 0 0 0 0 0 0 0 0 0 0 0 0 0 0 0 0 0 0 0 0 0 0 0 0 0 0 0 0 0 0 0 0 0 0 0 0 0 0 0 0 0 0 0 0 0 
0 0 0 0 15 3250 1 449 847 0 883 0 5 6886 0 521 308 544 13 0 0 0 0 0 0 0 0 0 1 3 0 0 0 2849 20225 2594 7350 62 0 0 0 0 0 0 0 0 0 0 2126 0 13477 163 0 0 1224 0 79 0 21 0 0 0 0 0 0 0 0 0 0 0 0 0 0 0 1 0 4 0 0 0 0 0 2728 
0 0 0 0 0 0 0 30 0 883 0 0 73 869 0 1035 0 248 0 482 0 0 0 0 0 0 0 0 0 0 0 0 0 0 0 0 0 0 0 0 0 0 0 0 0 0 0 0 1 0 1 0 0 0 0 0 0 0 1 0 0 0 0 0 0 0 0 0 0 0 0 0 0 0 0 0 0 0 0 0 0 0 0 
120 0 0 11 0 0 2015 2981 0 0 0 0 0 0 0 0 0 0 0 0 0 0 0 0 0 0 0 48 0 0 0 0 0 100 0 6 4 0 49 0 0 304 0 0 0 0 0 1515 136 0 0 0 0 0 0 0 0 0 0 0 0 0 0 0 0 0 0 0 0 0 0 0 0 0 1 1 3 1 1 0 0 0 0 
0 0 0 0 673 823 1631 17282 0 5 73 0 0 128 0 0 54 2 0 56 0 0 0 0 0 0 0 0 20 29 0 0 0 327 43 96 662 96 0 0 0 0 0 0 0 3 62 68 1240 0 0 0 0 0 0 0 0 0 0 0 0 0 0 0 0 0 0 0 0 0 0 0 0 0 6 0 0 0 0 0 0 0 40 
0 0 0 0 0 0 0 5984 0 6886 869 0 128 0 448 372 0 341 0 5587 0 0 0 0 0 0 0 0 0 0 0 0 0 0 0 0 0 0 0 0 0 0 0 0 0 0 0 0 262 0 598 54 0 0 0 0 1 0 33 0 32 0 0 0 0 0 0 0 0 0 0 0 0 0 0 0 0 0 0 0 0 0 0 
0 0 0 0 0 0 0 0 0 0 0 0 0 448 0 0 0 2240 0 11299 0 0 55 4 0 30 0 1 71 0 0 8 8 39 0 0 0 0 0 0 0 0 0 0 0 0 0 0 0 0 0 0 0 0 0 3 0 0 81 0 143 160 1 4 0 0 0 0 0 0 0 0 0 0 0 0 0 0 0 0 0 0 0 
0 0 0 0 0 3 0 0 4 521 1035 0 0 372 0 0 2494 946 0 0 0 0 0 0 0 0 0 0 1 26 0 0 0 82 3941 526 3192 0 0 0 0 0 0 0 0 0 0 0 1 0 509 91 0 0 40 0 173 0 79 0 0 0 0 0 0 0 0 0 0 0 0 0 0 0 0 0 0 0 0 0 0 0 1040 
0 0 0 0 4 841 15 16 14 308 0 0 54 0 0 2494 0 1183 154 0 0 0 0 0 0 0 0 0 2546 2752 312 260 143 1432 0 0 1951 0 0 0 0 0 0 0 0 0 1 0 7 0 0 0 0 0 0 0 0 0 1 0 3 0 0 0 0 0 0 0 0 0 0 0 0 0 0 0 0 0 0 0 0 0 0 
1 1 0 0 6 265 25 0 22 544 248 0 2 341 2240 946 1183 0 5825 568 39 1002 1578 539 3443 46 0 1 4064 3185 242 3330 672 3232 11206 2547 8508 776 0 21 268 0 0 0 0 0 0 0 1 0 430 104 0 0 44 807 494 0 12491 0 18554 1100 4 50 1 0 0 0 0 3 17 0 238 0 0 0 38 0 0 0 0 0 2929 
0 0 0 0 0 2 0 0 0 13 0 0 0 0 0 0 154 5825 0 77 0 0 1551 0 760 0 0 0 3944 5284 1623 6 0 3 0 0 80 0 0 0 0 0 0 0 0 0 0 0 0 0 0 0 0 0 0 0 0 0 0 0 0 0 0 0 0 0 0 0 0 0 0 0 0 0 0 0 0 0 0 0 0 0 0 
1 1 0 0 0 0 17 0 0 0 482 0 56 5587 11299 0 0 568 77 0 2 20 12 276 0 243 1 1 726 255 0 468 164 381 0 0 177 0 0 124 0 0 0 0 0 0 0 0 0 0 121 58 0 0 185 731 353 0 2983 0 2051 33 0 0 0 0 0 0 0 0 0 0 0 0 0 0 12 0 0 0 0 0 0 
0 0 0 0 0 0 0 0 0 0 0 0 0 0 0 0 0 39 0 2 0 252 30 175 0 1 0 0 2 5 0 0 0 0 0 0 0 0 0 1 0 0 0 0 0 0 0 0 0 0 0 0 0 0 0 0 0 0 0 0 0 0 0 2 0 0 0 0 0 0 0 0 0 0 0 0 0 0 0 0 0 0 0 
0 0 0 0 0 0 0 0 0 0 0 0 0 0 0 0 0 1002 0 20 252 0 752 204 417 24 0 0 287 333 0 0 0 0 0 0 0 0 0 0 0 0 0 0 0 0 0 0 0 0 0 0 0 0 0 0 0 0 0 0 0 0 0 5 0 0 0 0 0 0 0 0 0 0 0 0 0 0 0 0 0 0 0 
0 0 0 0 0 0 0 0 0 0 0 0 0 0 55 0 0 1578 1551 12 30 752 0 349 4706 0 0 0 7394 2998 5 1311 0 852 0 0 0 0 0 0 0 0 0 0 0 0 0 0 0 0 0 0 0 0 0 3 0 0 5046 74 828 581 0 1524 0 0 0 0 0 0 7 0 857 0 1 0 0 0 0 0 0 0 0 
0 0 0 0 0 0 0 0 0 0 0 0 0 0 4 0 0 539 0 276 175 204 349 0 3962 58 0 0 108 31 0 0 0 0 0 0 0 0 0 7 0 0 0 0 0 0 0 0 0 0 0 0 0 0 0 0 0 0 0 0 0 18 0 0 0 0 0 0 0 0 0 0 0 0 0 0 0 0 0 0 0 0 0 
0 0 0 0 0 0 0 0 0 0 0 0 0 0 0 0 0 3443 760 0 0 417 4706 3962 0 11 0 0 268 9 0 0 0 129 0 0 1117 70 0 335 2 0 0 0 0 0 0 0 0 0 0 0 0 0 0 0 0 0 12 1 0 0 0 3 0 0 0 0 0 0 0 0 4 0 0 0 0 0 0 0 0 0 0 
0 0 0 0 0 0 0 0 0 0 0 0 0 0 30 0 0 46 0 243 1 24 0 58 11 0 1 1 2 0 0 0 0 0 32 0 0 0 0 185 0 0 0 0 0 0 0 0 0 0 0 0 0 0 0 0 0 0 0 0 0 0 0 0 0 0 0 0 0 0 0 0 0 0 0 0 0 0 0 0 0 0 0 
0 0 0 0 0 0 0 0 0 0 0 0 0 0 0 0 0 0 0 1 0 0 0 0 0 1 0 0 0 0 0 0 0 42 0 0 14 0 0 580 9 0 0 0 0 0 0 0 0 0 0 0 0 0 0 0 0 0 0 0 0 0 0 0 0 0 0 0 0 0 0 0 0 0 0 0 0 0 0 0 0 0 0 
226 0 37 11 0 0 672 0 0 0 0 48 0 0 1 0 0 1 0 1 0 0 0 0 0 1 0 0 0 0 0 0 0 1499 0 147 90 21 10 261 0 21 0 0 0 0 0 5 0 0 0 0 1 0 0 0 0 0 0 0 0 0 0 0 0 0 0 0 0 0 0 0 0 0 0 0 0 0 0 0 0 0 0 
30 0 1 0 0 1 245 8 0 1 0 0 20 0 71 1 2546 4064 3944 726 2 287 7394 108 268 2 0 0 0 820 1254 52 0 410 0 1 2401 0 0 695 0 0 0 0 0 0 0 0 1 0 0 0 0 0 0 21 0 0 4182 7 1798 0 0 72 0 0 0 0 0 110 335 0 2963 0 134 0 1 4 0 0 0 0 0 
66 0 19 0 0 0 258 11 0 3 0 0 29 0 0 26 2752 3185 5284 255 5 333 2998 31 9 0 0 0 820 0 1349 316 0 501 0 12 491 0 0 0 0 0 0 0 0 0 0 0 2 0 0 0 0 0 0 0 0 0 145 12 8 0 0 89 0 0 0 0 0 0 20 0 314 0 0 0 0 0 0 0 0 0 0 
0 0 0 0 0 0 0 0 0 0 0 0 0 0 0 0 312 242 1623 0 0 0 5 0 0 0 0 0 1254 1349 0 1019 0 0 0 0 0 0 0 0 0 0 0 0 0 0 0 0 0 0 0 0 0 0 0 0 0 0 0 0 1 0 0 0 0 0 0 0 0 0 0 0 0 0 0 0 0 0 0 0 0 0 0 
9 0 7 0 0 0 43 0 0 0 0 0 0 0 8 0 260 3330 6 468 0 0 1311 0 0 0 0 0 52 316 1019 0 89 214 0 4 0 0 0 0 0 0 0 0 0 0 0 0 0 0 0 0 0 0 0 12 0 0 14 0 33 0 0 1 0 0 0 0 0 0 0 0 12 0 2 0 0 0 0 0 0 0 0 
0 0 0 0 0 0 0 0 0 0 0 0 0 0 8 0 143 672 0 164 0 0 0 0 0 0 0 0 0 0 0 89 0 0 0 0 0 0 0 0 0 0 0 0 0 0 0 0 0 0 0 0 0 0 0 1 0 0 5 0 9 0 0 0 0 0 0 0 0 0 0 0 0 0 0 0 0 0 0 0 0 0 0 
1978 3137 29 51 3419 210 8031 925 48 2849 0 100 327 0 39 82 1432 3232 3 381 0 0 852 0 129 0 42 1499 410 501 0 214 0 0 0 154 618 0 9 3 0 98 0 0 0 0 0 1 289 0 0 0 0 0 0 39 0 0 184 0 256 0 0 0 0 0 0 0 0 0 0 0 342 0 75 0 0 0 0 0 0 0 0 
0 0 0 0 0 0 120 12796 0 20225 0 0 43 0 0 3941 0 11206 0 0 0 0 0 0 0 32 0 0 0 0 0 0 0 0 0 457 254 12 0 219 1052 0 0 0 0 0 0 0 2961 0 0 0 0 1 0 0 0 0 129 0 2 0 0 0 0 0 0 0 0 0 0 0 0 0 15 3 46 0 0 0 0 0 11 
372 11 99 12 11 0 13065 1577 0 2594 0 6 96 0 0 526 0 2547 0 0 0 0 0 0 0 0 0 147 1 12 0 4 0 154 457 0 185 17 20 60 55 0 0 0 0 1 103 39 1015 0 0 0 0 3 0 0 0 0 5 0 0 0 0 0 0 0 0 0 0 0 0 0 0 0 672 40 16 195 10 0 0 0 262 
623 265 49 1 301 0 10187 4942 144 7350 0 4 662 0 0 3192 1951 8508 80 177 0 0 0 0 1117 0 14 90 2401 491 0 0 0 618 254 185 0 0 2 0 0 0 0 0 0 1 61 23 2273 0 0 0 0 13 0 0 0 0 2382 0 1600 0 0 0 0 0 0 0 0 34 193 0 29 0 286 0 13 7 0 0 0 0 2602 
0 0 0 0 27 0 2376 332 0 62 0 0 96 0 0 0 0 776 0 0 0 0 0 0 70 0 0 21 0 0 0 0 0 0 12 17 0 0 0 0 0 0 0 0 0 0 5 4 299 0 0 0 0 2 0 0 0 0 340 0 173 0 0 0 0 0 0 0 0 7 21 0 0 0 71 0 25 0 0 0 0 0 3302 
1 0 0 22 0 0 19 5 0 0 0 49 0 0 0 0 0 0 0 0 0 0 0 0 0 0 0 10 0 0 0 0 0 9 0 20 2 0 0 0 0 8 0 0 0 0 0 0 1 0 0 0 1 0 0 0 0 0 0 0 0 0 0 0 0 0 0 0 0 0 0 0 0 0 1 0 0 0 0 0 0 0 0 
0 0 0 0 0 0 0 0 0 0 0 0 0 0 0 0 0 21 0 124 1 0 0 7 335 185 580 261 695 0 0 0 0 3 219 60 0 0 0 0 0 0 0 0 0 0 0 0 0 0 0 0 0 0 0 0 0 0 1135 0 309 0 0 0 0 0 0 0 0 1190 1342 0 445 0 5 0 16 19 0 0 0 1 0 
0 0 0 0 0 0 0 0 0 0 0 0 0 0 0 0 0 268 0 0 0 0 0 0 2 0 9 0 0 0 0 0 0 0 1052 55 0 0 0 0 0 0 0 0 0 0 0 0 0 0 0 0 0 0 0 0 0 0 189 0 52 0 0 0 0 0 0 0 0 0 0 0 0 0 0 0 16 0 0 0 0 0 0 
430 0 313 439 0 0 1 0 0 0 0 304 0 0 0 0 0 0 0 0 0 0 0 0 0 0 0 21 0 0 0 0 0 98 0 0 0 0 8 0 0 0 1068 0 219 399 0 499 0 0 0 0 1559 0 0 0 0 0 10 0 0 0 0 0 0 0 0 0 6 0 545 0 467 0 1027 0 99 1069 0 176 0 0 0 
0 0 0 0 0 0 0 0 0 0 0 0 0 0 0 0 0 0 0 0 0 0 0 0 0 0 0 0 0 0 0 0 0 0 0 0 0 0 0 0 0 1068 0 0 0 7 0 0 0 0 0 0 0 0 0 0 0 0 0 0 0 0 0 0 0 0 0 0 0 0 0 0 0 0 2092 0 0 205 0 0 0 0 0 
0 0 0 0 0 0 0 0 0 0 0 0 0 0 0 0 0 0 0 0 0 0 0 0 0 0 0 0 0 0 0 0 0 0 0 0 0 0 0 0 0 0 0 0 90 0 0 0 12 0 0 0 1 0 0 0 0 0 0 0 0 0 0 0 0 0 0 0 0 0 0 0 0 0 0 0 0 0 0 0 0 0 0 
0 0 0 0 0 0 0 0 0 0 0 0 0 0 0 0 0 0 0 0 0 0 0 0 0 0 0 0 0 0 0 0 0 0 0 0 0 0 0 0 0 219 0 90 0 0 0 0 129 0 0 0 126 0 0 0 0 0 5 0 0 0 0 0 0 224 0 0 193 181 78 0 16 0 12 0 0 8 0 3 0 0 0 
0 0 0 0 0 0 0 0 0 0 0 0 3 0 0 0 0 0 0 0 0 0 0 0 0 0 0 0 0 0 0 0 0 0 0 1 1 0 0 0 0 399 7 0 0 0 167 84 31 10 13 0 0 1 0 0 0 0 0 0 0 0 0 0 0 0 0 0 0 0 0 0 0 0 2009 0 57 852 7 0 0 0 0 
0 0 0 0 8 7 116 0 0 0 0 0 62 0 0 0 1 0 0 0 0 0 0 0 0 0 0 0 0 0 0 0 0 0 0 103 61 5 0 0 0 0 0 0 0 167 0 374 1284 1356 3612 0 0 2 0 0 12 6 0 0 0 0 0 0 0 0 0 0 0 0 349 359 114 0 1458 0 0 3 0 0 0 0 0 
504 0 1647 484 2 0 14337 229 0 0 0 1515 68 0 0 0 0 0 0 0 0 0 0 0 0 0 0 5 0 0 0 0 0 1 0 39 23 4 0 0 0 499 0 0 0 84 374 0 319 99 0 0 3439 95 0 0 0 0 0 0 0 0 0 0 0 0 0 0 0 0 6 0 74 0 5159 1 18007 8051 427 481 0 0 3 
0 0 7 9 62 97 3082 16996 0 2126 1 136 1240 262 0 1 7 1 0 0 0 0 0 0 0 0 0 0 1 2 0 0 0 289 2961 1015 2273 299 1 0 0 0 0 12 129 31 1284 319 0 46 291 325 2425 10959 892 0 3 0 0 0 0 0 0 0 0 0 0 0 0 0 0 0 0 0 2841 8621 4128 4005 4 0 0 0 1906 
0 0 0 0 0 0 0 0 0 0 0 0 0 0 0 0 0 0 0 0 0 0 0 0 0 0 0 0 0 0 0 0 0 0 0 0 0 0 0 0 0 0 0 0 0 10 1356 99 46 0 715 0 0 0 0 0 5 0 0 0 0 0 0 0 0 0 0 0 0 0 0 0 0 0 623 1252 84 2845 0 0 0 0 236 
0 0 0 0 0 0 0 1094 0 13477 1 0 0 598 0 509 0 430 0 121 0 0 0 0 0 0 0 0 0 0 0 0 0 0 0 0 0 0 0 0 0 0 0 0 0 13 3612 0 291 715 0 386 0 0 4790 0 802 351 1258 1392 0 0 0 0 0 0 0 0 0 0 7909 1231 508 0 2966 18189 2795 8919 1 0 88 0 3123 
0 0 0 0 0 0 0 0 0 163 0 0 0 54 0 91 0 104 0 58 0 0 0 0 0 0 0 0 0 0 0 0 0 0 0 0 0 0 0 0 0 0 0 0 0 0 0 0 325 0 386 0 0 0 2057 0 0 0 0 0 0 0 0 0 0 0 0 0 0 0 0 0 0 0 0 0 0 0 0 0 0 0 0 
16 0 0 0 0 0 4 0 0 0 0 0 0 0 0 0 0 0 0 0 0 0 0 0 0 0 0 1 0 0 0 0 0 0 0 0 0 0 1 0 0 1559 0 1 126 0 0 3439 2425 0 0 0 0 0 0 0 0 0 0 0 0 0 0 0 0 0 0 0 0 0 0 0 0 0 19 0 5 0 0 21 0 0 0 
0 0 0 0 1 0 69 41 0 0 0 0 0 0 0 0 0 0 0 0 0 0 0 0 0 0 0 0 0 0 0 0 0 0 1 3 13 2 0 0 0 0 0 0 0 1 2 95 10959 0 0 0 0 0 1225 0 0 0 0 0 21 0 0 0 0 0 0 0 0 0 0 0 0 0 0 0 0 0 0 0 0 0 0 
0 0 0 0 0 0 0 21 0 1224 0 0 0 0 0 40 0 44 0 185 0 0 0 0 0 0 0 0 0 0 0 0 0 0 0 0 0 0 0 0 0 0 0 0 0 0 0 0 892 0 4790 2057 0 1225 0 788 79 0 981 0 3050 0 0 0 0 0 0 0 0 0 0 0 0 0 0 0 0 0 0 0 0 0 0 
0 0 0 0 0 0 0 0 0 0 0 0 0 0 3 0 0 807 0 731 0 0 3 0 0 0 0 0 21 0 0 12 1 39 0 0 0 0 0 0 0 0 0 0 0 0 0 0 0 0 0 0 0 0 788 0 0 0 1056 0 4921 777 186 106 4 0 12 0 0 0 0 0 0 0 0 0 0 0 0 0 0 0 0 
0 0 0 0 0 0 0 0 0 79 0 0 0 1 0 173 0 494 0 353 0 0 0 0 0 0 0 0 0 0 0 0 0 0 0 0 0 0 0 0 0 0 0 0 0 0 12 0 3 5 802 0 0 0 79 0 0 3522 3747 711 0 0 0 0 0 0 0 0 0 0 334 56 124 0 2884 3840 929 4342 0 0 87 0 315 
0 0 0 0 0 0 0 0 0 0 0 0 0 0 0 0 0 0 0 0 0 0 0 0 0 0 0 0 0 0 0 0 0 0 0 0 0 0 0 0 0 0 0 0 0 0 6 0 0 0 351 0 0 0 0 0 3522 0 46 3284 0 0 0 0 0 0 0 0 0 0 4414 4710 1097 0 171 0 0 0 0 0 0 0 0 
0 0 0 0 0 0 0 0 0 21 1 0 0 33 81 79 1 12491 0 2983 0 0 5046 0 12 0 0 0 4182 145 0 14 5 184 129 5 2382 340 0 1135 189 10 0 0 5 0 0 0 0 0 1258 0 0 0 981 1056 3747 46 0 4777 199 1144 742 109 35 582 293 1 0 1953 2745 160 3021 80 2665 4388 1405 7112 265 0 253 312 1025 
0 0 0 0 0 0 0 0 0 0 0 0 0 0 0 0 0 0 0 0 0 0 74 0 1 0 0 0 7 12 0 0 0 0 0 0 0 0 0 0 0 0 0 0 0 0 0 0 0 0 1392 0 0 0 0 0 711 3284 4777 0 16 0 0 1703 0 2350 0 0 0 8387 10756 485 4038 730 427 55 0 2498 0 0 136 0 1053 
0 0 0 0 0 0 1 0 0 0 0 0 0 32 143 0 3 18554 0 2051 0 0 828 0 0 0 0 0 1798 8 1 33 9 256 2 0 1600 173 0 309 52 0 0 0 0 0 0 0 0 0 0 0 0 21 3050 4921 0 0 199 16 0 194 6 2 0 0 187 0 0 132 327 0 386 0 166 0 0 2 0 0 7 0 1 
0 0 0 0 0 0 0 0 0 0 0 0 0 0 160 0 0 1100 0 33 0 0 581 18 0 0 0 0 0 0 0 0 0 0 0 0 0 0 0 0 0 0 0 0 0 0 0 0 0 0 0 0 0 0 0 777 0 0 1144 0 194 0 720 34 621 0 263 0 0 0 0 0 0 0 0 0 0 0 0 0 0 0 0 
0 0 0 0 0 0 0 0 0 0 0 0 0 0 1 0 0 4 0 0 0 0 0 0 0 0 0 0 0 0 0 0 0 0 0 0 0 0 0 0 0 0 0 0 0 0 0 0 0 0 0 0 0 0 0 186 0 0 742 0 6 720 0 18 174 2034 60 1 0 1138 0 0 0 0 0 0 0 0 0 0 56 0 0 
0 0 0 0 0 0 0 0 0 0 0 0 0 0 4 0 0 50 0 0 2 5 1524 0 3 0 0 0 72 89 0 1 0 0 0 0 0 0 0 0 0 0 0 0 0 0 0 0 0 0 0 0 0 0 0 106 0 0 109 1703 2 34 18 0 147 4495 18 0 0 15390 2550 0 384 0 0 0 0 0 0 0 0 0 0 
0 0 0 0 0 0 0 0 0 0 0 0 0 0 0 0 0 1 0 0 0 0 0 0 0 0 0 0 0 0 0 0 0 0 0 0 0 0 0 0 0 0 0 0 0 0 0 0 0 0 0 0 0 0 0 4 0 0 35 0 0 621 174 147 0 3325 425 0 0 334 0 0 0 0 0 0 0 0 0 0 50 0 0 
0 0 0 0 0 0 0 0 0 0 0 0 0 0 0 0 0 0 0 0 0 0 0 0 0 0 0 0 0 0 0 0 0 0 0 0 0 0 0 0 0 0 0 0 224 0 0 0 0 0 0 0 0 0 0 0 0 0 582 2350 0 0 2034 4495 3325 0 449 0 0 274 0 0 0 0 0 13 0 186 73 0 653 531 0 
0 0 0 0 0 0 0 0 0 0 0 0 0 0 0 0 0 0 0 0 0 0 0 0 0 0 0 0 0 0 0 0 0 0 0 0 0 0 0 0 0 0 0 0 0 0 0 0 0 0 0 0 0 0 0 12 0 0 293 0 187 263 60 18 425 449 0 104 0 218 0 0 0 0 0 2 0 1 0 0 450 19 0 
0 0 0 0 0 0 0 0 0 0 0 0 0 0 0 0 0 0 0 0 0 0 0 0 0 0 0 0 0 0 0 0 0 0 0 0 0 0 0 0 0 0 0 0 0 0 0 0 0 0 0 0 0 0 0 0 0 0 1 0 0 0 1 0 0 0 104 0 0 0 0 0 0 0 0 0 0 0 0 0 735 39 0 
0 0 0 0 0 0 0 0 0 0 0 0 0 0 0 0 0 0 0 0 0 0 0 0 0 0 0 0 0 0 0 0 0 0 0 0 0 0 0 0 0 6 0 0 193 0 0 0 0 0 0 0 0 0 0 0 0 0 0 0 0 0 0 0 0 0 0 0 0 0 0 0 0 0 634 0 0 0 20 0 25 45 0 
0 0 0 0 0 0 0 0 0 0 0 0 0 0 0 0 0 3 0 0 0 0 0 0 0 0 0 0 110 0 0 0 0 0 0 0 34 7 0 1190 0 0 0 0 181 0 0 0 0 0 0 0 0 0 0 0 0 0 1953 8387 132 0 1138 15390 334 274 218 0 0 0 449 6 0 0 13 760 20 781 360 0 493 9 0 
0 0 0 0 0 0 0 0 0 0 0 0 0 0 0 0 0 17 0 0 0 0 7 0 0 0 0 0 335 20 0 0 0 0 0 0 193 21 0 1342 0 545 0 0 78 0 349 6 0 0 7909 0 0 0 0 0 334 4414 2745 10756 327 0 0 2550 0 0 0 0 0 449 0 151 120 0 1278 19 4 190 233 4 0 0 0 
0 0 0 0 0 0 0 0 0 0 0 0 0 0 0 0 0 0 0 0 0 0 0 0 0 0 0 0 0 0 0 0 0 0 0 0 0 0 0 0 0 0 0 0 0 0 359 0 0 0 1231 0 0 0 0 0 56 4710 160 485 0 0 0 0 0 0 0 0 0 6 151 0 695 13 7 0 0 0 0 0 0 0 0 
0 0 0 0 0 0 0 0 0 0 0 0 0 0 0 0 0 238 0 0 0 0 857 0 4 0 0 0 2963 314 0 12 0 342 0 0 29 0 0 445 0 467 0 0 16 0 114 74 0 0 508 0 0 0 0 0 124 1097 3021 4038 386 0 0 384 0 0 0 0 0 0 120 695 0 1071 244 0 0 5 0 4 0 0 0 
0 0 0 0 0 0 0 0 0 0 0 0 0 0 0 0 0 0 0 0 0 0 0 0 0 0 0 0 0 0 0 0 0 0 0 0 0 0 0 0 0 0 0 0 0 0 0 0 0 0 0 0 0 0 0 0 0 0 80 730 0 0 0 0 0 0 0 0 0 0 0 13 1071 0 0 0 0 0 0 0 0 0 0 
0 0 0 0 43 35 928 19 0 1 0 1 6 0 0 0 0 0 0 0 0 0 1 0 0 0 0 0 134 0 0 2 0 75 15 672 286 71 1 5 0 1027 2092 0 12 2009 1458 5159 2841 623 2966 0 19 0 0 0 2884 171 2665 427 166 0 0 0 0 0 0 0 634 13 1278 7 244 0 0 0 2 42 0 86 0 0 15 
0 0 0 0 0 0 175 0 0 0 0 1 0 0 0 0 0 0 0 0 0 0 0 0 0 0 0 0 0 0 0 0 0 0 3 40 0 0 0 0 0 0 0 0 0 0 0 1 8621 1252 18189 0 0 0 0 0 3840 0 4388 55 0 0 0 0 0 13 2 0 0 760 19 0 0 0 0 0 2 276 10 0 385 433 196 
0 0 0 0 0 0 511 0 0 4 0 3 0 0 0 0 0 38 0 12 0 0 0 0 0 0 0 0 1 0 0 0 0 0 46 16 13 25 0 16 16 99 0 0 0 57 0 18007 4128 84 2795 0 5 0 0 0 929 0 1405 0 0 0 0 0 0 0 0 0 0 20 4 0 0 0 2 2 0 2 0 1 0 0 276 
0 0 0 0 1 0 442 5 0 0 0 1 0 0 0 0 0 0 0 0 0 0 0 0 0 0 0 0 4 0 0 0 0 0 0 195 7 0 0 19 0 1069 205 0 8 852 3 8051 4005 2845 8919 0 0 0 0 0 4342 0 7112 2498 2 0 0 0 0 186 1 0 0 781 190 0 5 0 42 276 2 0 0 129 235 4 2279 
0 0 0 0 0 0 47 0 0 0 0 1 0 0 0 0 0 0 0 0 0 0 0 0 0 0 0 0 0 0 0 0 0 0 0 10 0 0 0 0 0 0 0 0 0 7 0 427 4 0 1 0 0 0 0 0 0 0 265 0 0 0 0 0 0 73 0 0 20 360 233 0 0 0 0 10 0 0 0 0 0 0 2621 
0 0 0 0 0 0 0 0 0 0 0 0 0 0 0 0 0 0 0 0 0 0 0 0 0 0 0 0 0 0 0 0 0 0 0 0 0 0 0 0 0 176 0 0 3 0 0 481 0 0 0 0 21 0 0 0 0 0 0 0 0 0 0 0 0 0 0 0 0 0 4 0 4 0 86 0 1 129 0 0 0 0 0 
0 0 0 0 0 0 0 0 0 0 0 0 0 0 0 0 0 0 0 0 0 0 0 0 0 0 0 0 0 0 0 0 0 0 0 0 0 0 0 0 0 0 0 0 0 0 0 0 0 0 88 0 0 0 0 0 87 0 253 136 7 0 56 0 50 653 450 735 25 493 0 0 0 0 0 385 0 235 0 0 0 192 0 
0 0 0 0 0 0 0 0 0 0 0 0 0 0 0 0 0 0 0 0 0 0 0 0 0 0 0 0 0 0 0 0 0 0 0 0 0 0 0 1 0 0 0 0 0 0 0 0 0 0 0 0 0 0 0 0 0 0 312 0 0 0 0 0 0 531 19 39 45 9 0 0 0 0 0 433 0 4 0 0 192 0 0 
0 0 0 0 0 0 326 414 0 2728 0 0 40 0 0 1040 0 2929 0 0 0 0 0 0 0 0 0 0 0 0 0 0 0 0 11 262 2602 3302 0 0 0 0 0 0 0 0 0 3 1906 236 3123 0 0 0 0 0 315 0 1025 1053 1 0 0 0 0 0 0 0 0 0 0 0 0 0 15 196 276 2279 2621 0 0 0 0 
