0 2245 7 665 8 0 587 184 0 0 0 324 19 0 0 0 0 53 0 1 0 0 0 0 1 0 1 507 0 1 0 9774 0 2218 99 385 1139 2 34 0 0 203 0 898 63 2 0 3471 13002 0 0 0 32 28 0 0 0 0 0 0 0 0 0 0 0 0 0 0 0 0 0 0 0 0 0 0 272 0 0 3 0 0 0 
2245 0 0 0 241 0 8 1 0 0 0 0 0 0 0 0 0 256 0 10 0 0 0 0 49 0 89 843 0 77 0 15699 0 257 371 56 2705 338 0 0 0 0 0 0 0 0 0 0 2 0 0 0 0 0 0 0 0 0 0 0 0 0 0 0 0 0 0 0 0 0 0 0 0 0 0 0 0 0 0 0 0 0 0 
7 0 0 126 0 0 6 252 0 0 0 226 0 0 0 0 0 0 0 0 0 0 0 0 0 0 0 0 0 0 0 0 0 0 0 0 0 0 0 0 0 0 0 0 0 0 0 0 2 0 0 0 0 0 0 0 0 0 0 0 0 0 0 0 0 0 0 0 0 0 0 0 0 0 0 0 0 0 0 0 0 0 0 
665 0 126 0 0 0 0 58 0 0 0 195 0 0 0 0 0 0 0 0 0 0 0 0 0 0 0 0 0 0 0 0 0 639 0 0 0 0 6 0 0 37 0 80 43 0 0 164 459 0 0 0 0 2 0 0 0 0 0 0 0 0 0 0 0 0 0 0 0 0 0 0 0 0 0 0 0 0 0 0 0 0 0 
8 241 0 0 0 877 312 196 0 14 0 0 0 0 0 66 7 2487 0 44 0 1 0 1 238 0 18 212 7 209 0 4057 0 979 1003 388 16030 9 0 0 0 0 0 0 0 0 0 0 4 0 0 0 0 0 0 0 0 0 0 0 0 0 0 0 0 0 0 0 0 0 0 0 0 0 0 1 0 0 0 0 0 0 0 
0 0 0 0 877 0 21 7957 120 105 0 0 0 0 0 10 0 485 0 0 0 0 0 0 0 0 0 0 19 22 1 0 0 605 551 42 2744 0 0 0 0 0 0 0 0 0 0 0 884 0 0 5 0 0 1 0 0 0 0 0 0 0 0 0 0 0 0 0 0 0 0 0 0 0 0 0 0 0 0 0 0 0 1 
587 8 6 0 312 21 0 18811 1513 3521 0 446 54 0 0 0 0 5 0 0 0 0 0 0 18 0 29 284 0 3 0 1010 0 2 2974 6513 3552 656 8 0 0 0 0 0 0 52 0 608 6601 0 3 1 26 22 0 0 0 0 0 0 0 0 0 0 0 0 0 0 0 0 0 0 0 0 0 0 1294 123 3 0 0 0 0 
184 1 252 58 196 7957 18811 0 7283 8735 1343 2238 24312 26156 3 111 1 149 4 464 0 0 1 0 0 0 0 0 16 18 0 0 0 3 18118 3792 22078 429 0 0 0 0 0 0 0 0 0 0 20350 0 2888 5579 18 127 231 0 0 0 0 0 93 0 0 0 0 0 0 0 0 0 0 0 0 0 0 0 0 0 0 0 0 0 391 
0 0 0 0 0 120 1513 7283 0 30473 0 0 0 0 0 446 0 591 880 0 0 0 20 0 0 0 0 0 16 372 0 0 0 0 524 4 2592 0 0 0 0 0 0 0 0 0 0 0 0 0 0 0 0 0 0 0 0 0 0 0 0 0 0 0 0 0 0 0 0 0 0 0 0 0 0 0 0 0 0 0 0 0 0 
0 0 0 0 14 105 3521 8735 30473 0 217 0 0 3557 17 17116 1093 1145 1495 43 0 0 23 0 0 0 0 0 4177 8767 32 56 10 804 31450 3800 21766 626 0 0 0 0 0 0 0 0 0 0 34 0 715 861 0 0 1056 0 0 0 27 0 4594 0 0 0 0 0 0 0 0 0 0 0 0 0 0 7 2 0 0 0 0 0 4092 
0 0 0 0 0 0 0 1343 0 217 0 0 0 2345 3 1655 0 19 0 407 0 0 0 0 0 0 0 0 0 0 0 0 0 0 0 0 0 0 0 0 0 0 0 0 0 0 0 0 15 0 3 25 0 0 249 0 0 0 0 0 81 0 0 0 0 0 0 0 0 0 0 0 0 0 0 0 0 0 0 0 0 0 0 
324 0 226 195 0 0 446 2238 0 0 0 0 752 236 0 0 0 0 0 0 0 0 0 0 0 0 0 0 0 0 0 0 0 402 0 0 0 0 0 0 0 0 0 0 1 0 0 5 89 0 0 0 13 0 0 0 0 0 0 0 0 0 0 0 0 0 0 0 0 0 0 0 0 0 0 0 6 0 0 0 0 0 0 
19 0 0 0 0 0 54 24312 0 0 0 752 0 277 0 0 0 0 0 0 0 0 0 0 0 0 0 0 0 0 0 0 0 0 0 0 0 0 0 0 0 0 0 0 0 0 0 0 616 0 0 1 1 74 0 0 0 0 0 0 0 0 0 0 0 0 0 0 0 0 0 0 0 0 0 0 0 0 0 0 0 0 0 
0 0 0 0 0 0 0 26156 0 3557 2345 236 277 0 281 5207 0 5967 0 7069 0 0 0 1 0 0 0 0 0 0 0 0 0 0 220 45 0 0 0 0 0 0 0 0 0 0 0 0 89 0 53 172 0 35 288 25 0 0 27 0 1076 1 0 0 0 0 0 0 0 0 0 0 0 0 0 2 0 0 0 0 0 0 0 
0 0 0 0 0 0 0 3 0 17 3 0 0 281 0 55 0 688 0 3696 72 0 0 23 1 42 2 0 0 0 0 0 0 0 3 0 0 0 0 25 1 0 0 0 0 0 0 0 0 0 0 0 0 0 73 2 0 0 325 0 203 105 0 0 0 0 0 0 0 0 0 0 0 0 0 0 0 0 0 0 0 0 1 
0 0 0 0 66 10 0 111 446 17116 1655 0 0 5207 55 0 5989 5047 2262 547 0 0 5 0 0 0 0 0 105 2285 0 93 15 889 6044 201 18066 0 0 0 0 0 0 0 0 0 0 0 0 0 0 0 0 0 1 0 0 0 22 0 84 0 0 0 0 0 0 0 0 0 0 0 0 0 0 4 0 0 0 0 0 0 59 
0 0 0 0 7 0 0 1 0 1093 0 0 0 0 0 5989 0 1807 6340 0 0 0 0 0 0 0 0 0 640 9585 3588 2416 76 804 0 0 185 0 0 0 0 0 0 0 0 0 0 0 0 0 0 0 0 0 0 0 0 0 0 0 0 0 0 0 0 0 0 0 0 0 0 0 0 0 0 0 0 0 0 0 0 0 0 
53 256 0 0 2487 485 5 149 591 1145 19 0 0 5967 688 5047 1807 0 14645 1281 151 0 8433 981 6320 273 0 0 4606 9988 1544 43570 1 494 14010 103 24853 182 0 2 0 0 0 0 0 12 0 0 1 0 0 0 0 0 0 1 0 0 1205 0 2723 192 0 266 0 0 0 0 0 0 0 0 54 0 3 111 0 477 0 0 0 0 1783 
0 0 0 0 0 0 0 4 880 1495 0 0 0 0 0 2262 6340 14645 0 0 0 0 9378 0 0 0 0 0 58 3476 1080 0 0 0 0 0 584 0 0 0 0 0 0 0 0 0 0 0 0 0 0 0 0 0 0 0 0 0 0 0 0 0 0 0 0 0 0 0 0 0 0 0 0 0 0 0 0 0 0 0 0 0 0 
1 10 0 0 44 0 0 464 0 43 407 0 0 7069 3696 547 0 1281 0 0 321 405 5 2223 16 497 0 0 213 192 0 1517 0 30 0 0 2147 58 0 961 0 0 0 0 0 11 0 0 0 0 0 0 0 0 286 10 0 0 1014 0 1503 373 0 200 0 0 16 0 0 0 1 1 24 1 6 24 0 422 0 0 2 0 5 
0 0 0 0 0 0 0 0 0 0 0 0 0 0 72 0 0 151 0 321 0 713 165 2824 1948 955 0 0 2506 1038 0 4920 0 1 0 0 1149 0 0 338 0 0 0 0 0 0 0 2 0 0 0 0 0 0 0 47 0 0 2650 0 596 1210 19 425 30 0 2 0 0 0 0 0 2 0 0 18 0 3 1 0 1 0 0 
0 0 0 0 1 0 0 0 0 0 0 0 0 0 0 0 0 0 0 405 713 0 42 916 163 1 0 0 305 952 0 2090 0 0 0 0 0 0 0 2 0 0 0 0 0 0 0 0 0 0 0 0 0 0 0 0 0 0 0 0 92 1 0 0 0 0 0 0 0 0 0 0 0 0 0 0 0 0 0 0 0 0 0 
0 0 0 0 0 0 0 1 20 23 0 0 0 0 0 5 0 8433 9378 5 165 42 0 456 6904 23 0 0 2764 2470 0 5598 0 0 0 0 162 0 0 0 0 0 0 0 0 0 0 0 0 0 0 0 0 0 0 0 0 0 280 0 4 71 0 182 1 0 0 0 0 0 0 0 0 0 0 19 0 1 0 0 0 0 0 
0 0 0 0 1 0 0 0 0 0 0 0 0 1 23 0 0 981 0 2223 2824 916 456 0 1702 56 0 0 632 1247 0 1935 0 0 0 0 0 0 0 1 0 0 0 0 0 0 0 0 0 0 0 0 0 0 2 0 0 0 6 0 57 15 0 1 0 0 0 0 0 0 0 0 0 0 0 0 0 0 0 0 0 0 0 
1 49 0 0 238 0 18 0 0 0 0 0 0 0 1 0 0 6320 0 16 1948 163 6904 1702 0 126 1 10 1183 42 0 39 0 1 0 0 1125 60 0 1508 527 0 0 0 0 0 0 0 0 0 0 0 0 0 0 0 0 0 0 0 0 0 0 0 0 0 0 0 0 0 0 0 0 0 0 0 0 0 0 0 0 0 0 
0 0 0 0 0 0 0 0 0 0 0 0 0 0 42 0 0 273 0 497 955 1 23 56 126 0 0 0 218 3 0 1 0 0 0 0 0 0 0 809 5 0 0 0 0 0 0 0 0 0 0 0 0 0 0 0 0 0 3 0 8 0 0 1 0 0 0 0 0 0 0 0 0 0 0 0 0 0 0 0 0 0 0 
1 89 0 0 18 0 29 0 0 0 0 0 0 0 2 0 0 0 0 0 0 0 0 0 1 0 0 11 0 0 0 60 0 81 0 0 161 20 16 6 311 0 0 0 0 0 0 0 0 0 0 0 0 0 0 0 0 0 0 0 0 0 0 0 0 0 0 0 0 0 0 0 0 0 0 0 0 0 0 0 0 0 0 
507 843 0 0 212 0 284 0 0 0 0 0 0 0 0 0 0 0 0 0 0 0 0 0 10 0 11 0 12 0 0 9 0 113 0 0 1369 190 3 0 208 0 0 0 0 0 0 0 0 0 0 0 0 0 0 0 0 0 0 0 0 0 0 0 0 0 0 0 0 0 0 0 0 0 0 0 0 0 0 0 0 0 0 
0 0 0 0 7 19 0 16 16 4177 0 0 0 0 0 105 640 4606 58 213 2506 305 2764 632 1183 218 0 12 0 1703 312 301 0 24 166 0 3730 0 0 292 11 0 0 0 0 0 0 0 0 0 0 0 0 0 0 0 0 0 0 0 0 0 0 0 0 0 0 0 0 0 0 0 0 0 0 1 0 0 0 0 0 0 0 
1 77 0 0 209 22 3 18 372 8767 0 0 0 0 0 2285 9585 9988 3476 192 1038 952 2470 1247 42 3 0 0 1703 0 6644 3917 0 558 117 0 6525 0 0 64 0 0 0 0 0 0 0 0 0 0 0 0 0 0 0 0 0 0 18 0 4 1 0 0 0 0 0 0 0 0 0 0 0 0 0 167 0 6 0 0 0 0 0 
0 0 0 0 0 1 0 0 0 32 0 0 0 0 0 0 3588 1544 1080 0 0 0 0 0 0 0 0 0 312 6644 0 1972 0 34 0 0 82 0 0 0 0 0 0 0 0 0 0 0 0 0 0 0 0 0 0 0 0 0 0 0 0 0 0 0 0 0 0 0 0 0 0 0 0 0 0 0 0 0 0 0 0 0 0 
9774 15699 0 0 4057 0 1010 0 0 56 0 0 0 0 0 93 2416 43570 0 1517 4920 2090 5598 1935 39 1 60 9 301 3917 1972 0 983 5465 23 7 1389 38 2 1 0 0 0 0 0 0 0 1 0 0 0 0 0 0 0 0 0 0 329 0 24 98 0 94 4 0 0 0 0 1 1 0 33 0 0 1356 0 127 1 0 1 0 4 
0 0 0 0 0 0 0 0 0 10 0 0 0 0 0 15 76 1 0 0 0 0 0 0 0 0 0 0 0 0 0 983 0 338 0 0 9 0 0 0 0 0 0 0 0 0 0 0 0 0 0 0 0 0 0 0 0 0 0 0 0 0 0 0 0 0 0 0 0 0 0 0 0 0 0 0 0 0 0 0 0 0 0 
2218 257 0 639 979 605 2 3 0 804 0 402 0 0 0 889 804 494 0 30 1 0 0 0 1 0 81 113 24 558 34 5465 338 0 67 1 187 2 86 4 181 34 0 11 4 0 0 3 0 0 0 0 17 0 0 0 0 0 0 0 0 0 0 0 0 0 0 0 0 0 0 0 0 0 0 0 0 0 0 3 0 0 16 
99 371 0 0 1003 551 2974 18118 524 31450 0 0 0 220 3 6044 0 14010 0 0 0 0 0 0 0 0 0 0 166 117 0 23 0 67 0 1073 1639 108 0 23 74 0 0 0 0 0 0 0 361 0 7 9 0 0 1 0 0 0 352 0 594 0 0 0 0 0 0 0 0 0 0 0 2 0 0 581 6 1 0 0 0 0 185 
385 56 0 0 388 42 6513 3792 4 3800 0 0 0 45 0 201 0 103 0 0 0 0 0 0 0 0 0 0 0 0 0 7 0 1 1073 0 33 7 1 0 0 0 0 0 0 0 0 0 103 0 0 0 0 0 0 0 0 0 226 0 602 0 0 0 0 0 0 0 0 0 0 0 0 0 0 450 10 0 0 0 0 0 0 
1139 2705 0 0 16030 2744 3552 22078 2592 21766 0 0 0 0 0 18066 185 24853 584 2147 1149 0 162 0 1125 0 161 1369 3730 6525 82 1389 9 187 1639 33 0 9 1 7 0 0 0 0 0 14 0 0 5358 0 0 3 0 0 6 0 0 0 1248 0 1014 89 0 36 0 0 0 0 0 0 0 0 121 3 15 1062 0 1519 0 0 0 0 4805 
2 338 0 0 9 0 656 429 0 626 0 0 0 0 0 0 0 182 0 58 0 0 0 0 60 0 20 190 0 0 0 38 0 2 108 7 9 0 0 0 0 0 0 0 0 0 0 0 6 0 0 0 0 0 0 0 0 0 0 0 0 0 0 0 0 0 0 0 0 0 0 0 0 0 0 0 0 0 0 0 0 0 6529 
34 0 0 6 0 0 8 0 0 0 0 0 0 0 0 0 0 0 0 0 0 0 0 0 0 0 16 3 0 0 0 2 0 86 0 1 1 0 0 0 7 0 0 0 0 0 0 0 0 0 0 0 0 0 0 0 0 0 0 0 0 0 0 0 0 0 0 0 0 0 0 0 0 0 0 0 0 0 0 0 0 0 0 
0 0 0 0 0 0 0 0 0 0 0 0 0 0 25 0 0 2 0 961 338 2 0 1 1508 809 6 0 292 64 0 1 0 4 23 0 7 0 0 0 191 0 0 0 0 0 0 0 0 0 0 0 0 0 0 2 0 0 19 0 70 17 0 0 0 0 0 0 0 0 0 0 1 0 0 313 0 16 0 0 0 0 4 
0 0 0 0 0 0 0 0 0 0 0 0 0 0 1 0 0 0 0 0 0 0 0 0 527 5 311 208 11 0 0 0 0 181 74 0 0 0 7 191 0 0 0 0 0 0 0 0 0 0 0 0 0 0 0 0 0 0 0 0 0 0 0 0 0 0 0 0 0 0 0 0 0 0 0 0 0 0 0 0 0 0 10 
203 0 0 37 0 0 0 0 0 0 0 0 0 0 0 0 0 0 0 0 0 0 0 0 0 0 0 0 0 0 0 0 0 34 0 0 0 0 0 0 0 0 860 0 416 20 3 671 3 60 0 0 1095 0 0 0 4 0 2 4 0 0 0 37 2 4 0 0 121 0 1 0 5134 0 3929 0 41 629 0 240 0 2 0 
0 0 0 0 0 0 0 0 0 0 0 0 0 0 0 0 0 0 0 0 0 0 0 0 0 0 0 0 0 0 0 0 0 0 0 0 0 0 0 0 0 860 0 0 0 272 1 198 4 30 0 0 0 0 0 0 0 0 15 22 0 0 0 350 1 0 0 0 0 0 0 0 3080 0 658 0 139 2797 95 0 0 0 0 
898 0 0 80 0 0 0 0 0 0 0 0 0 0 0 0 0 0 0 0 0 0 0 0 0 0 0 0 0 0 0 0 0 11 0 0 0 0 0 0 0 0 0 0 240 0 0 0 479 0 0 0 1189 0 0 0 0 0 0 0 0 0 0 0 0 0 0 0 0 0 0 0 0 0 2 0 81 0 0 69 0 0 0 
63 0 0 43 0 0 0 0 0 0 0 1 0 0 0 0 0 0 0 0 0 0 0 0 0 0 0 0 0 0 0 0 0 4 0 0 0 0 0 0 0 416 0 240 0 0 0 0 118 0 0 0 348 115 0 0 0 0 0 0 0 0 0 0 0 0 0 0 0 0 0 0 0 0 153 0 0 10 0 13 0 0 0 
2 0 0 0 0 0 52 0 0 0 0 0 0 0 0 0 0 12 0 11 0 0 0 0 0 0 0 0 0 0 0 0 0 0 0 0 14 0 0 0 0 20 272 0 0 0 214 456 3153 3687 67 0 0 0 0 0 61 0 736 758 30 3 0 891 0 0 0 0 0 0 0 0 213 0 2230 0 94 12540 26 0 0 0 0 
0 0 0 0 0 0 0 0 0 0 0 0 0 0 0 0 0 0 0 0 0 0 0 0 0 0 0 0 0 0 0 0 0 0 0 0 0 0 0 0 0 3 1 0 0 214 0 283 2731 19895 12822 0 0 0 0 0 750 1 76 2922 0 0 0 3 0 0 0 0 0 212 5103 2711 11 25 881 0 0 2558 0 0 0 0 0 
3471 0 0 164 0 0 608 0 0 0 0 5 0 0 0 0 0 0 0 0 2 0 0 0 0 0 0 0 0 0 0 1 0 3 0 0 0 0 0 0 0 671 198 0 0 456 283 0 12432 11417 19 0 141 0 0 0 0 0 36 61 0 0 0 632 43 0 0 0 79 0 4 0 7465 2 612 1 9316 8814 236 1241 0 0 0 
13002 2 2 459 4 884 6601 20350 0 34 15 89 616 89 0 0 0 1 0 0 0 0 0 0 0 0 0 0 0 0 0 0 0 0 361 103 5358 6 0 0 0 3 4 479 118 3153 2731 12432 0 1590 624 1872 1115 2706 582 0 20 0 5 0 0 0 0 0 0 0 0 0 0 0 0 0 0 0 244 23825 14814 27525 285 710 0 0 4611 
0 0 0 0 0 0 0 0 0 0 0 0 0 0 0 0 0 0 0 0 0 0 0 0 0 0 0 0 0 0 0 0 0 0 0 0 0 0 0 0 0 60 30 0 0 3687 19895 11417 1590 0 11632 0 0 0 0 0 2181 0 0 21 0 0 0 3 0 0 0 0 0 0 3 4 1 0 1654 2 0 10690 0 0 0 0 11 
0 0 0 0 0 0 3 2888 0 715 3 0 0 53 0 0 0 0 0 0 0 0 0 0 0 0 0 0 0 0 0 0 0 0 7 0 0 0 0 0 0 0 0 0 0 67 12822 19 624 11632 0 2128 0 0 54 0 15029 640 240 5811 24 0 0 0 0 0 0 0 0 88 3519 2544 68 97 1340 23943 3703 21073 0 0 0 0 10506 
0 0 0 0 0 5 1 5579 0 861 25 0 1 172 0 0 0 0 0 0 0 0 0 0 0 0 0 0 0 0 0 0 0 0 9 0 3 0 0 0 0 0 0 0 0 0 0 0 1872 0 2128 0 0 4 497 0 1315 0 2699 0 2133 0 0 0 0 0 0 0 0 0 0 0 0 0 1 863 448 0 0 10 0 0 0 
32 0 0 0 0 0 26 18 0 0 0 13 1 0 0 0 0 0 0 0 0 0 0 0 0 0 0 0 0 0 0 0 0 17 0 0 0 0 0 0 0 1095 0 1189 348 0 0 141 1115 0 0 0 0 241 0 0 0 0 0 0 0 0 0 0 0 0 0 0 0 0 0 0 0 0 204 0 0 0 0 5 0 0 0 
28 0 0 2 0 0 22 127 0 0 0 0 74 35 0 0 0 0 0 0 0 0 0 0 0 0 0 0 0 0 0 0 0 0 0 0 0 0 0 0 0 0 0 0 115 0 0 0 2706 0 0 4 241 0 7 0 0 0 0 0 0 0 0 0 0 0 0 0 0 0 0 0 0 0 0 0 0 0 0 0 0 0 0 
0 0 0 0 0 1 0 231 0 1056 249 0 0 288 73 1 0 0 0 286 0 0 0 2 0 0 0 0 0 0 0 0 0 0 1 0 6 0 0 0 0 0 0 0 0 0 0 0 582 0 54 497 0 7 0 682 122 0 0 0 2772 0 0 0 6 0 5 0 0 0 0 0 0 0 0 0 0 0 0 0 0 0 0 
0 0 0 0 0 0 0 0 0 0 0 0 0 25 2 0 0 1 0 10 47 0 0 0 0 0 0 0 0 0 0 0 0 0 0 0 0 0 0 2 0 0 0 0 0 0 0 0 0 0 0 0 0 0 682 0 0 0 377 0 2638 305 4 8 46 12 674 7 0 0 0 0 0 0 0 0 0 0 0 0 47 3 0 
0 0 0 0 0 0 0 0 0 0 0 0 0 0 0 0 0 0 0 0 0 0 0 0 0 0 0 0 0 0 0 0 0 0 0 0 0 0 0 0 0 4 0 0 0 61 750 0 20 2181 15029 1315 0 0 122 0 0 10261 1501 3676 254 0 0 0 0 0 0 0 0 121 789 372 39 43 1273 2334 80 19901 4 0 0 0 384 
0 0 0 0 0 0 0 0 0 0 0 0 0 0 0 0 0 0 0 0 0 0 0 0 0 0 0 0 0 0 0 0 0 0 0 0 0 0 0 0 0 0 0 0 0 0 1 0 0 0 640 0 0 0 0 0 10261 0 7785 21159 0 0 0 0 0 0 0 0 0 367 7594 3036 2354 134 46 0 0 26 0 0 0 0 0 
0 0 0 0 0 0 0 0 0 27 0 0 0 27 325 22 0 1205 0 1014 2650 0 280 6 0 3 0 0 0 18 0 329 0 0 352 226 1248 0 0 19 0 2 15 0 0 736 76 36 5 0 240 2699 0 0 0 377 1501 7785 0 25705 150 3 443 3149 69 47 26 0 0 98 1169 554 5278 46 968 11051 1195 15805 0 0 102 1 335 
0 0 0 0 0 0 0 0 0 0 0 0 0 0 0 0 0 0 0 0 0 0 0 0 0 0 0 0 0 0 0 0 0 0 0 0 0 0 0 0 0 4 22 0 0 758 2922 61 0 21 5811 0 0 0 0 0 3676 21159 25705 0 89 0 0 1399 35 0 0 0 0 122 3841 3554 7828 16 1153 10 0 7095 0 0 0 0 0 
0 0 0 0 0 0 0 93 0 4594 81 0 0 1076 203 84 0 2723 0 1503 596 92 4 57 0 8 0 0 0 4 0 24 0 0 594 602 1014 0 0 70 0 0 0 0 0 30 0 0 0 0 24 2133 0 0 2772 2638 254 0 150 89 0 504 127 1 178 22 2356 0 0 0 1 3 123 0 16 580 11 973 0 0 2072 0 0 
0 0 0 0 0 0 0 0 0 0 0 0 0 1 105 0 0 192 0 373 1210 1 71 15 0 0 0 0 0 1 0 98 0 0 0 0 89 0 0 17 0 0 0 0 0 3 0 0 0 0 0 0 0 0 0 305 0 0 3 0 504 0 1642 4 915 41 40 0 0 0 0 0 15 0 0 0 0 7 0 0 104 0 0 
0 0 0 0 0 0 0 0 0 0 0 0 0 0 0 0 0 0 0 0 19 0 0 0 0 0 0 0 0 0 0 0 0 0 0 0 0 0 0 0 0 0 0 0 0 0 0 0 0 0 0 0 0 0 0 4 0 0 443 0 127 1642 0 0 656 75 9 0 0 3 34 0 2 0 0 0 0 1 0 0 3 0 0 
0 0 0 0 0 0 0 0 0 0 0 0 0 0 0 0 0 266 0 200 425 0 182 1 0 1 0 0 0 0 0 94 0 0 0 0 36 0 0 0 0 37 350 0 0 891 3 632 0 3 0 0 0 0 0 8 0 0 3149 1399 1 4 0 0 627 7198 20 0 0 6564 2948 1440 2697 0 1875 92 0 712 5 0 4 0 0 
0 0 0 0 0 0 0 0 0 0 0 0 0 0 0 0 0 0 0 0 30 0 1 0 0 0 0 0 0 0 0 4 0 0 0 0 0 0 0 0 0 2 1 0 0 0 0 43 0 0 0 0 0 0 6 46 0 0 69 35 178 915 656 627 0 529 102 1 0 245 1701 70 568 0 83 0 0 0 0 0 4 3 0 
0 0 0 0 0 0 0 0 0 0 0 0 0 0 0 0 0 0 0 0 0 0 0 0 0 0 0 0 0 0 0 0 0 0 0 0 0 0 0 0 0 4 0 0 0 0 0 0 0 0 0 0 0 0 0 12 0 0 47 0 22 41 75 7198 529 0 42 0 682 2689 177 65 40 0 0 1 0 665 20 1 415 2144 0 
0 0 0 0 0 0 0 0 0 0 0 0 0 0 0 0 0 0 0 16 2 0 0 0 0 0 0 0 0 0 0 0 0 0 0 0 0 0 0 0 0 0 0 0 0 0 0 0 0 0 0 0 0 0 5 674 0 0 26 0 2356 40 9 20 102 42 0 188 0 91 0 0 0 0 0 4 0 48 0 0 233 27 0 
0 0 0 0 0 0 0 0 0 0 0 0 0 0 0 0 0 0 0 0 0 0 0 0 0 0 0 0 0 0 0 0 0 0 0 0 0 0 0 0 0 0 0 0 0 0 0 0 0 0 0 0 0 0 0 7 0 0 0 0 0 0 0 0 1 0 188 0 12 0 0 0 0 0 89 0 0 39 150 28 66 428 0 
0 0 0 0 0 0 0 0 0 0 0 0 0 0 0 0 0 0 0 0 0 0 0 0 0 0 0 0 0 0 0 0 0 0 0 0 0 0 0 0 0 121 0 0 0 0 0 79 0 0 0 0 0 0 0 0 0 0 0 0 0 0 0 0 0 682 0 12 0 140 10 0 4 0 195 0 0 707 117 7 0 193 0 
0 0 0 0 0 0 0 0 0 0 0 0 0 0 0 0 0 0 0 0 0 0 0 0 0 0 0 0 0 0 0 1 0 0 0 0 0 0 0 0 0 0 0 0 0 0 212 0 0 0 88 0 0 0 0 0 121 367 98 122 0 0 3 6564 245 2689 91 0 140 0 1408 77 1331 70 97 123 0 1492 0 0 456 139 0 
0 0 0 0 0 0 0 0 0 0 0 0 0 0 0 0 0 0 0 1 0 0 0 0 0 0 0 0 0 0 0 1 0 0 0 0 0 0 0 0 0 1 0 0 0 0 5103 4 0 3 3519 0 0 0 0 0 789 7594 1169 3841 1 0 34 2948 1701 177 0 0 10 1408 0 2579 3904 437 2208 40 0 4336 0 0 15 0 0 
0 0 0 0 0 0 0 0 0 0 0 0 0 0 0 0 0 0 0 1 0 0 0 0 0 0 0 0 0 0 0 0 0 0 0 0 0 0 0 0 0 0 0 0 0 0 2711 0 0 4 2544 0 0 0 0 0 372 3036 554 3554 3 0 0 1440 70 65 0 0 0 77 2579 0 6011 40 808 0 0 1689 0 0 0 0 0 
0 0 0 0 0 0 0 0 0 0 0 0 0 0 0 0 0 54 0 24 2 0 0 0 0 0 0 0 0 0 0 33 0 0 2 0 121 0 0 1 0 5134 3080 0 0 213 11 7465 0 1 68 0 0 0 0 0 39 2354 5278 7828 123 15 2 2697 568 40 0 0 4 1331 3904 6011 0 1499 830 10 0 1336 0 0 4 0 0 
0 0 0 0 0 0 0 0 0 0 0 0 0 0 0 0 0 0 0 1 0 0 0 0 0 0 0 0 0 0 0 0 0 0 0 0 3 0 0 0 0 0 0 0 0 0 25 2 0 0 97 0 0 0 0 0 43 134 46 16 0 0 0 0 0 0 0 0 0 70 437 40 1499 0 384 0 0 18 0 0 0 0 0 
0 0 0 0 0 0 0 0 0 0 0 0 0 0 0 0 0 3 0 6 0 0 0 0 0 0 0 0 0 0 0 0 0 0 0 0 15 0 0 0 0 3929 658 2 153 2230 881 612 244 1654 1340 1 204 0 0 0 1273 46 968 1153 16 0 0 1875 83 0 0 89 195 97 2208 808 830 384 0 0 0 226 1 8 0 10 0 
0 0 0 0 1 0 0 0 0 7 0 0 0 2 0 4 0 111 0 24 18 0 19 0 0 0 0 0 1 167 0 1356 0 0 581 450 1062 0 0 313 0 0 0 0 0 0 0 1 23825 2 23943 863 0 0 0 0 2334 0 11051 10 580 0 0 92 0 1 4 0 0 123 40 0 10 0 0 0 11 496 83 0 60 424 1216 
272 0 0 0 0 0 1294 0 0 2 0 6 0 0 0 0 0 0 0 0 0 0 0 0 0 0 0 0 0 0 0 0 0 0 6 10 0 0 0 0 0 41 139 81 0 94 0 9316 14814 0 3703 448 0 0 0 0 80 0 1195 0 11 0 0 0 0 0 0 0 0 0 0 0 0 0 0 11 0 59 7 5 0 0 364 
0 0 0 0 0 0 123 0 0 0 0 0 0 0 0 0 0 477 0 422 3 0 1 0 0 0 0 0 0 6 0 127 0 0 1 0 1519 0 0 16 0 629 2797 0 10 12540 2558 8814 27525 10690 21073 0 0 0 0 0 19901 26 15805 7095 973 7 1 712 0 665 48 39 707 1492 4336 1689 1336 18 226 496 59 0 0 0 82 0 4004 
0 0 0 0 0 0 3 0 0 0 0 0 0 0 0 0 0 0 0 0 1 0 0 0 0 0 0 0 0 0 0 1 0 0 0 0 0 0 0 0 0 0 95 0 0 26 0 236 285 0 0 0 0 0 0 0 4 0 0 0 0 0 0 5 0 20 0 150 117 0 0 0 0 0 1 83 7 0 0 0 21 0 2168 
3 0 0 0 0 0 0 0 0 0 0 0 0 0 0 0 0 0 0 0 0 0 0 0 0 0 0 0 0 0 0 0 0 3 0 0 0 0 0 0 0 240 0 69 13 0 0 1241 710 0 0 10 5 0 0 0 0 0 0 0 0 0 0 0 0 1 0 28 7 0 0 0 0 0 8 0 5 0 0 0 0 5 0 
0 0 0 0 0 0 0 0 0 0 0 0 0 0 0 0 0 0 0 2 1 0 0 0 0 0 0 0 0 0 0 1 0 0 0 0 0 0 0 0 0 0 0 0 0 0 0 0 0 0 0 0 0 0 0 47 0 0 102 0 2072 104 3 4 4 415 233 66 0 456 15 0 4 0 0 60 0 82 21 0 0 1 64 
0 0 0 0 0 0 0 0 0 0 0 0 0 0 0 0 0 0 0 0 0 0 0 0 0 0 0 0 0 0 0 0 0 0 0 0 0 0 0 0 0 2 0 0 0 0 0 0 0 0 0 0 0 0 0 3 0 0 1 0 0 0 0 0 3 2144 27 428 193 139 0 0 0 0 10 424 0 0 0 5 1 0 3 
0 0 0 0 0 1 0 391 0 4092 0 0 0 0 1 59 0 1783 0 5 0 0 0 0 0 0 0 0 0 0 0 4 0 16 185 0 4805 6529 0 4 10 0 0 0 0 0 0 0 4611 11 10506 0 0 0 0 0 384 0 335 0 0 0 0 0 0 0 0 0 0 0 0 0 0 0 0 1216 364 4004 2168 0 64 3 0 
