0 1032 0 423 91 0 223 0 0 0 0 172 0 0 0 0 0 0 0 0 0 0 0 0 0 0 0 440 0 32 0 1548 0 1543 0 307 177 0 753 0 0 1700 0 1096 546 0 0 3209 916 0 0 0 389 0 0 0 0 0 0 0 0 0 0 0 0 0 0 0 0 0 0 0 0 0 0 0 0 0 0 0 0 0 0 
1032 0 0 0 532 0 176 0 0 0 0 0 0 0 0 0 0 0 0 0 2 21 0 35 27 1 0 1003 81 2594 0 6836 0 248 382 160 3310 0 0 0 0 0 0 0 0 0 0 0 0 0 0 0 0 0 0 0 0 0 0 0 2 4 4 3 0 0 0 0 0 0 0 0 0 0 0 5 0 1 0 0 0 0 0 
0 0 0 15 0 0 0 0 0 0 0 73 0 0 0 0 0 0 0 0 0 0 0 0 0 0 0 0 0 0 0 0 0 0 0 908 51 0 1 0 0 831 0 419 47 0 0 2475 218 0 0 0 0 0 0 0 0 0 0 0 0 0 0 0 0 0 0 0 0 0 0 0 0 0 0 0 0 0 0 0 0 0 0 
423 0 15 0 0 0 202 510 0 0 0 127 4 0 0 0 0 0 0 0 0 0 0 0 0 0 0 0 0 0 0 0 0 2 0 0 0 0 0 0 0 131 0 215 66 0 0 1319 247 0 0 0 38 0 0 0 0 0 0 0 0 0 0 0 0 0 0 0 0 0 0 0 0 0 0 0 0 0 0 0 0 0 0 
91 532 0 0 0 356 1156 798 9 0 0 0 0 0 0 6 0 1 0 0 30 133 2 1266 16 0 0 0 1407 527 0 1340 0 1662 0 0 897 0 0 0 0 0 0 0 0 0 0 0 993 0 0 0 0 0 0 0 0 0 0 0 0 6 0 0 0 0 0 0 0 0 0 0 0 0 0 0 0 0 0 0 0 0 0 
0 0 0 0 356 0 23 2002 1535 9678 0 0 0 0 0 673 1 0 0 0 0 3 0 1 0 0 0 0 35 135 0 2 0 192 0 0 0 0 0 0 0 0 0 0 0 0 0 0 483 0 0 0 0 0 0 0 0 0 0 0 0 0 0 0 0 0 0 0 0 0 0 0 0 0 0 0 0 0 0 0 0 0 0 
223 176 0 202 1156 23 0 2742 5227 705 0 501 19 0 0 9 0 39 0 0 444 1942 18 2179 185 24 0 992 1037 541 0 1629 0 956 2908 6924 13860 287 646 9 0 726 0 665 110 1 0 14780 8791 0 0 0 7 13 1 0 0 0 14 0 0 82 64 81 8 0 0 0 0 0 0 0 0 0 8 0 0 4 4 0 0 0 0 
0 0 0 510 798 2002 2742 0 459 55 9 2268 15869 4559 0 641 0 102 0 179 0 3 0 0 0 0 0 0 43 19 0 0 0 2697 5270 1596 7891 0 0 0 0 0 0 3 0 0 0 8287 52159 0 0 519 0 113 1142 0 0 0 1 0 0 0 0 0 0 0 0 0 0 0 0 0 0 0 0 0 0 0 0 0 0 0 0 
0 0 0 0 9 1535 5227 459 0 6687 0 0 0 0 0 49 0 0 0 0 0 0 0 0 0 0 0 0 0 0 0 0 0 259 0 0 80 0 0 0 0 0 0 0 0 0 0 0 0 0 0 0 0 0 0 0 0 0 0 0 0 0 0 0 0 0 0 0 0 0 0 0 0 0 0 0 0 0 0 0 0 0 0 
0 0 0 0 0 9678 705 55 6687 0 370 0 0 950 0 679 30 0 11 0 0 0 0 0 0 0 0 0 55 4466 2 2 0 2043 20818 1033 19961 0 0 0 0 0 0 0 0 0 0 0 1444 0 1449 7483 0 0 1149 28 198 0 1128 0 305 0 0 0 0 0 0 0 0 0 0 0 0 0 0 3 8 0 0 0 0 0 530 
0 0 0 0 0 0 0 9 0 370 0 0 8 4146 0 71 0 28 0 546 0 0 0 0 0 0 0 0 0 0 0 0 0 0 0 0 0 0 0 0 0 0 0 0 0 0 0 0 549 0 281 589 0 0 736 7 2 0 460 0 2 0 0 0 0 0 0 0 0 0 0 0 0 0 0 1 8 0 0 0 0 0 0 
172 0 73 127 0 0 501 2268 0 0 0 0 247 1 0 0 0 1 0 3 0 0 0 0 0 0 0 0 0 0 0 0 0 0 0 0 0 0 0 0 0 0 0 11 11 0 0 119 177 0 0 0 0 0 0 0 0 0 0 0 0 0 0 0 0 0 0 0 0 0 0 0 0 0 0 0 0 0 0 0 0 0 0 
0 0 0 4 0 0 19 15869 0 0 8 247 0 84 0 0 0 221 0 260 0 0 0 0 0 0 0 0 0 0 0 0 0 0 0 0 0 0 0 0 0 0 0 0 0 0 0 20 603 0 0 0 0 3 0 0 0 0 0 0 0 0 0 0 0 0 0 0 0 0 0 0 0 0 0 0 0 0 0 0 0 0 0 
0 0 0 0 0 0 0 4559 0 950 4146 1 84 0 75 205 0 928 0 2246 0 0 0 0 0 0 0 0 0 0 0 0 0 0 0 0 0 0 0 0 0 0 0 0 0 0 0 0 8 0 0 9 0 0 3 0 0 0 118 0 25 0 0 0 0 0 0 0 0 0 0 0 0 0 0 2 1 0 0 0 0 0 0 
0 0 0 0 0 0 0 0 0 0 0 0 0 75 0 0 0 4319 0 6903 934 0 0 184 0 84 6 0 0 0 0 2 0 0 374 0 180 0 0 1 0 0 0 0 0 0 0 0 0 0 0 0 0 0 0 19 0 0 1 0 50 63 6 0 3 0 0 0 0 0 0 0 0 0 0 0 0 0 0 0 0 0 172 
0 0 0 0 6 673 9 641 49 679 71 0 0 205 0 0 978 969 999 0 0 0 0 0 0 0 0 0 1601 7944 326 267 0 6291 4625 102 9637 0 0 0 0 0 0 0 0 0 0 0 137 0 0 3 0 0 0 0 10 0 482 0 52 0 0 0 0 0 0 0 0 0 0 0 0 0 0 6 20 0 0 0 0 0 0 
0 0 0 0 0 1 0 0 0 30 0 0 0 0 0 978 0 2317 2975 0 0 0 0 0 0 0 0 0 49 5013 2317 99 0 862 0 0 30 0 0 0 0 0 0 0 0 0 0 0 0 0 0 0 0 0 0 0 0 0 0 0 0 0 0 0 0 0 0 0 0 0 0 0 0 0 0 0 0 0 0 0 0 0 0 
0 0 0 0 1 0 39 102 0 0 28 1 221 928 4319 969 2317 0 12240 542 13 24 1063 24 4215 15 2 0 2169 5100 956 7500 1918 3859 5853 64 7727 253 0 32 3 0 0 0 0 0 0 1 0 0 0 0 0 0 58 291 0 0 3268 1 3622 315 35 422 0 0 0 0 0 0 0 0 0 0 45 152 11 178 39 0 1 0 817 
0 0 0 0 0 0 0 0 0 11 0 0 0 0 0 999 2975 12240 0 0 0 0 45 0 1255 0 0 0 3910 10976 1700 577 1 70 0 0 214 45 0 8 3 0 0 0 0 0 0 0 0 0 0 0 0 0 0 0 0 0 0 0 0 0 0 0 0 0 0 0 0 0 0 0 0 0 0 0 0 0 0 0 0 0 2 
0 0 0 0 0 0 0 179 0 0 546 3 260 2246 6903 0 0 542 0 0 256 0 0 0 1 942 76 0 3 95 6 414 3 120 1 0 390 6 0 48 0 0 0 0 0 0 0 0 0 0 0 0 0 0 0 1342 0 0 2534 6 7290 243 48 56 1 0 0 0 0 0 0 0 1 0 77 13 0 751 75 0 8 0 84 
0 2 0 0 30 0 444 0 0 0 0 0 0 0 934 0 0 13 0 256 0 1907 519 618 0 71 4 0 449 396 0 1771 0 847 58 0 1286 1 0 23 0 0 0 0 0 0 0 4 0 0 0 0 0 0 0 1 0 0 4657 0 371 2370 1497 2826 111 0 0 0 0 0 0 0 1 0 129 11 0 40 86 0 0 0 0 
0 21 0 0 133 3 1942 3 0 0 0 0 0 0 0 0 0 24 0 0 1907 0 587 1067 18 0 0 0 191 208 0 1149 0 1253 207 0 930 1 0 3 0 0 0 0 0 0 0 3 0 0 0 0 0 0 0 0 0 0 1314 0 5 316 198 1995 39 0 0 0 0 0 0 0 1 0 58 63 0 13 38 0 0 0 1 
0 0 0 0 2 0 18 0 0 0 0 0 0 0 0 0 0 1063 45 0 519 587 0 151 2432 0 0 0 9432 2197 0 3931 0 893 0 0 78 0 0 0 0 0 0 0 0 0 0 6 0 0 0 0 0 0 0 0 0 0 212 0 0 16 60 567 28 0 0 0 0 0 0 0 0 0 46 0 0 15 50 0 0 0 0 
0 35 0 0 1266 1 2179 0 0 0 0 0 0 0 184 0 0 24 0 0 618 1067 151 0 519 7 0 0 5083 1497 0 150 0 238 253 0 1093 2 0 16 0 0 0 0 0 0 0 0 0 0 0 0 0 0 0 9 0 0 201 0 25 731 709 49 52 0 0 0 0 0 0 0 0 0 39 173 0 4 21 0 0 0 0 
0 27 0 0 16 0 185 0 0 0 0 0 0 0 0 0 0 4215 1255 1 0 18 2432 519 0 9 0 0 2930 477 0 706 0 98 85 4 447 220 0 26 1 0 0 0 0 0 0 0 0 0 0 0 0 0 0 0 0 0 0 0 1 1 1 0 0 0 0 0 0 0 0 0 0 0 0 0 0 0 0 0 0 0 0 
0 1 0 0 0 0 24 0 0 0 0 0 0 0 84 0 0 15 0 942 71 0 0 7 9 0 23 0 23 0 0 0 0 3 24 0 105 3 0 106 0 0 0 0 0 0 0 0 0 0 0 0 0 0 0 1 0 0 0 0 1 0 3 0 15 0 0 0 0 0 0 0 0 0 0 0 0 0 0 0 0 0 0 
0 0 0 0 0 0 0 0 0 0 0 0 0 0 6 0 0 2 0 76 4 0 0 0 0 23 0 1 0 0 0 0 0 13 0 0 0 2 0 136 113 0 0 0 0 0 0 0 0 0 0 0 0 0 0 0 0 0 0 0 0 0 0 0 0 0 0 0 0 0 0 0 0 0 0 0 0 0 0 0 0 0 0 
440 1003 0 0 0 0 992 0 0 0 0 0 0 0 0 0 0 0 0 0 0 0 0 0 0 0 1 0 0 0 0 0 0 887 0 0 420 446 0 65 294 0 0 0 0 0 0 0 0 0 0 0 0 0 0 0 0 0 0 0 0 0 0 0 0 0 0 0 0 0 0 0 0 0 0 0 0 0 0 0 0 0 0 
0 81 0 0 1407 35 1037 43 0 55 0 0 0 0 0 1601 49 2169 3910 3 449 191 9432 5083 2930 23 0 0 0 1026 0 442 0 228 0 0 252 215 0 2 5 0 0 0 0 0 0 0 145 0 0 0 0 0 0 0 0 0 0 0 0 66 1 0 0 0 0 0 0 0 0 0 0 0 0 0 0 0 0 0 0 0 0 
32 2594 0 0 527 135 541 19 0 4466 0 0 0 0 0 7944 5013 5100 10976 95 396 208 2197 1497 477 0 0 0 1026 0 199 303 0 755 0 0 348 80 0 0 2 0 0 0 0 0 0 0 48 0 0 0 0 0 0 0 0 0 0 0 605 48 2 0 1 0 0 0 0 0 0 0 0 0 3 52 0 41 0 0 0 0 49 
0 0 0 0 0 0 0 0 0 2 0 0 0 0 0 326 2317 956 1700 6 0 0 0 0 0 0 0 0 0 199 0 10 0 57 0 0 2 0 0 0 0 0 0 0 0 0 0 0 0 0 0 0 0 0 0 0 0 0 0 0 44 0 0 0 0 0 0 0 0 0 0 0 0 0 0 0 0 0 0 0 0 0 0 
1548 6836 0 0 1340 2 1629 0 0 2 0 0 0 0 2 267 99 7500 577 414 1771 1149 3931 150 706 0 0 0 442 303 10 0 17 805 0 0 123 1 0 0 0 0 0 0 0 0 0 1 0 0 0 0 0 0 0 0 0 0 0 0 1637 0 0 80 0 0 0 0 0 0 0 0 0 0 7 436 0 147 4 0 0 0 244 
0 0 0 0 0 0 0 0 0 0 0 0 0 0 0 0 0 1918 1 3 0 0 0 0 0 0 0 0 0 0 0 17 0 6 0 0 0 0 0 0 0 0 0 0 0 0 0 0 0 0 0 0 0 0 0 0 0 0 0 0 159 0 0 5 0 0 0 0 0 0 0 0 0 0 1 46 0 1 0 0 0 0 28 
1543 248 0 2 1662 192 956 2697 259 2043 0 0 0 0 0 6291 862 3859 70 120 847 1253 893 238 98 3 13 887 228 755 57 805 6 0 1 16 22 0 0 1 0 0 0 0 0 0 0 6 1204 0 0 0 0 0 0 3 0 0 6 0 194 11 41 145 10 0 0 0 0 0 0 0 0 0 8 111 0 16 11 0 0 0 23 
0 382 0 0 0 0 2908 5270 0 20818 0 0 0 0 374 4625 0 5853 0 1 58 207 0 253 85 24 0 0 0 0 0 0 0 1 0 457 720 52 0 304 15 0 0 0 0 0 0 0 543 0 0 1 0 0 7 43 0 0 506 0 4277 0 0 0 0 0 0 0 0 0 0 0 0 0 0 236 1 0 0 0 0 0 383 
307 160 908 0 0 0 6924 1596 0 1033 0 0 0 0 0 102 0 64 0 0 0 0 0 0 4 0 0 0 0 0 0 0 0 16 457 0 261 182 0 0 0 6 0 0 0 0 0 651 445 0 0 0 0 0 0 0 0 0 1 0 0 0 0 0 0 0 0 0 0 0 0 0 0 0 0 0 0 0 0 0 0 0 0 
177 3310 51 0 897 0 13860 7891 80 19961 0 0 0 0 180 9637 30 7727 214 390 1286 930 78 1093 447 105 0 420 252 348 2 123 0 22 720 261 0 1 0 31 0 0 0 0 0 2 0 8 2154 0 0 0 0 0 0 5 0 0 1034 1 3753 210 138 1389 38 0 0 0 0 0 0 0 0 0 335 2914 0 358 277 0 4 0 6769 
0 0 0 0 0 0 287 0 0 0 0 0 0 0 0 0 0 253 45 6 1 1 0 2 220 3 2 446 215 80 0 1 0 0 52 182 1 0 0 5 0 0 0 0 0 0 0 0 0 0 0 0 0 0 0 0 0 0 265 1 131 20 0 30 0 0 0 0 0 0 0 0 0 0 0 7 0 55 12 0 1 0 3065 
753 0 1 0 0 0 646 0 0 0 0 0 0 0 0 0 0 0 0 0 0 0 0 0 0 0 0 0 0 0 0 0 0 0 0 0 0 0 0 0 0 0 0 0 0 0 0 0 0 0 0 0 0 0 0 0 0 0 0 0 0 0 0 0 0 0 0 0 0 0 0 0 0 0 0 0 0 0 0 0 0 0 0 
0 0 0 0 0 0 9 0 0 0 0 0 0 0 1 0 0 32 8 48 23 3 0 16 26 106 136 65 2 0 0 0 0 1 304 0 31 5 0 0 36 0 0 0 0 0 0 0 0 0 0 0 0 0 0 1 0 0 21 0 30 12 39 3 52 1 0 0 0 0 0 0 0 0 0 25 0 0 0 0 6 0 1 
0 0 0 0 0 0 0 0 0 0 0 0 0 0 0 0 0 3 3 0 0 0 0 0 1 0 113 294 5 2 0 0 0 0 15 0 0 0 0 36 0 0 0 0 0 0 0 0 0 0 0 0 0 0 0 0 0 0 0 0 0 0 0 1 0 0 0 0 0 0 0 0 0 0 0 2 0 0 0 0 0 0 0 
1700 0 831 131 0 0 726 0 0 0 0 0 0 0 0 0 0 0 0 0 0 0 0 0 0 0 0 0 0 0 0 0 0 0 0 6 0 0 0 0 0 0 341 0 320 0 0 167 0 1 0 0 315 0 0 0 0 0 0 0 0 0 0 0 0 1 0 0 0 5 1 0 82 0 3337 0 122 189 0 987 0 0 0 
0 0 0 0 0 0 0 0 0 0 0 0 0 0 0 0 0 0 0 0 0 0 0 0 0 0 0 0 0 0 0 0 0 0 0 0 0 0 0 0 0 341 0 0 0 14 0 39 0 13 0 0 0 0 0 0 0 0 0 0 0 0 0 5 0 74 0 0 4 71 96 0 1979 0 2567 7 9 397 0 0 0 0 0 
1096 0 419 215 0 0 665 3 0 0 0 11 0 0 0 0 0 0 0 0 0 0 0 0 0 0 0 0 0 0 0 0 0 0 0 0 0 0 0 0 0 0 0 0 12 0 0 1 0 0 0 0 101 0 0 0 0 0 0 0 0 0 0 0 0 0 0 0 0 0 0 0 0 0 0 0 36 0 0 63 0 0 0 
546 0 47 66 0 0 110 0 0 0 0 11 0 0 0 0 0 0 0 0 0 0 0 0 0 0 0 0 0 0 0 0 0 0 0 0 0 0 0 0 0 320 0 12 0 0 0 2 414 0 0 0 715 0 0 0 0 0 0 0 0 0 0 0 0 1 0 0 0 3 0 0 0 0 0 0 0 4 0 7 1 0 0 
0 0 0 0 0 0 1 0 0 0 0 0 0 0 0 0 0 0 0 0 0 0 0 0 0 0 0 0 0 0 0 0 0 0 0 0 2 0 0 0 0 0 14 0 0 0 61 99 31 409 1 0 0 0 0 0 0 0 0 0 0 0 10 68 3 31 0 0 0 35 42 0 4412 0 5573 83 9 817 0 0 0 0 0 
0 0 0 0 0 0 0 0 0 0 0 0 0 0 0 0 0 0 0 0 0 0 0 0 0 0 0 0 0 0 0 0 0 0 0 0 0 0 0 0 0 0 0 0 0 61 0 892 6 1917 3205 0 0 0 0 0 0 0 0 0 0 0 0 0 0 0 0 0 0 0 0 0 480 0 1046 0 0 4 0 0 0 0 0 
3209 0 2475 1319 0 0 14780 8287 0 0 0 119 20 0 0 0 0 1 0 0 4 3 6 0 0 0 0 0 0 0 0 1 0 6 0 651 8 0 0 0 0 167 39 1 2 99 892 0 3736 355 4 0 1 0 0 0 0 0 0 0 0 3 160 521 98 811 0 0 6 152 309 0 6695 0 3427 3251 12036 13545 205 521 1 0 295 
916 0 218 247 993 483 8791 52159 0 1444 549 177 603 8 0 137 0 0 0 0 0 0 0 0 0 0 0 0 145 48 0 0 0 1204 543 445 2154 0 0 0 0 0 0 0 414 31 6 3736 0 911 423 0 651 1030 1233 0 0 0 0 0 0 0 0 0 0 0 0 0 0 0 0 0 0 0 147 12180 9548 6227 0 0 0 0 0 
0 0 0 0 0 0 0 0 0 0 0 0 0 0 0 0 0 0 0 0 0 0 0 0 0 0 0 0 0 0 0 0 0 0 0 0 0 0 0 0 0 1 13 0 0 409 1917 355 911 0 12393 0 0 0 0 0 85 99 0 0 0 0 0 0 0 0 0 0 0 35 27 0 48 0 2879 3011 832 12608 0 0 0 0 31 
0 0 0 0 0 0 0 0 0 1449 281 0 0 0 0 0 0 0 0 0 0 0 0 0 0 0 0 0 0 0 0 0 0 0 0 0 0 0 0 0 0 0 0 0 0 1 3205 4 423 12393 0 1714 0 0 30 0 884 1662 0 2 0 0 0 0 0 0 0 0 0 2212 3260 311 2 0 2140 24812 3411 19370 0 0 0 0 5016 
0 0 0 0 0 0 0 519 0 7483 589 0 0 9 0 3 0 0 0 0 0 0 0 0 0 0 0 0 0 0 0 0 0 0 1 0 0 0 0 0 0 0 0 0 0 0 0 0 0 0 1714 0 0 0 413 3 10 0 16 0 0 0 0 0 0 0 0 0 0 0 0 0 0 0 0 457 280 0 0 0 0 0 0 
389 0 0 38 0 0 7 0 0 0 0 0 0 0 0 0 0 0 0 0 0 0 0 0 0 0 0 0 0 0 0 0 0 0 0 0 0 0 0 0 0 315 0 101 715 0 0 1 651 0 0 0 0 52 1 0 0 0 0 0 0 0 0 0 0 0 0 0 0 0 0 0 0 0 0 0 0 0 0 0 0 0 0 
0 0 0 0 0 0 13 113 0 0 0 0 3 0 0 0 0 0 0 0 0 0 0 0 0 0 0 0 0 0 0 0 0 0 0 0 0 0 0 0 0 0 0 0 0 0 0 0 1030 0 0 0 52 0 155 0 0 0 0 0 0 0 0 0 0 0 0 0 0 0 0 0 0 0 0 0 0 0 0 0 0 0 0 
0 0 0 0 0 0 1 1142 0 1149 736 0 0 3 0 0 0 58 0 0 0 0 0 0 0 0 0 0 0 0 0 0 0 0 7 0 0 0 0 0 0 0 0 0 0 0 0 0 1233 0 30 413 1 155 0 1808 0 0 120 0 4712 0 0 0 0 0 0 0 0 0 0 0 0 0 0 0 0 0 0 0 0 0 1 
0 0 0 0 0 0 0 0 0 28 7 0 0 0 19 0 0 291 0 1342 1 0 0 9 0 1 0 0 0 0 0 0 0 3 43 0 5 0 0 1 0 0 0 0 0 0 0 0 0 0 0 3 0 0 1808 0 3 0 116 0 5670 327 39 0 103 0 4 0 0 0 0 0 0 0 0 0 0 0 0 0 0 0 63 
0 0 0 0 0 0 0 0 0 198 2 0 0 0 0 10 0 0 0 0 0 0 0 0 0 0 0 0 0 0 0 0 0 0 0 0 0 0 0 0 0 0 0 0 0 0 0 0 0 85 884 10 0 0 0 3 0 2302 1584 21 0 0 0 0 0 0 0 0 0 1498 2708 699 51 8 590 3616 214 9243 0 0 0 0 663 
0 0 0 0 0 0 0 0 0 0 0 0 0 0 0 0 0 0 0 0 0 0 0 0 0 0 0 0 0 0 0 0 0 0 0 0 0 0 0 0 0 0 0 0 0 0 0 0 0 99 1662 0 0 0 0 0 2302 0 516 154 0 0 0 0 0 0 0 0 0 2360 12263 1738 91 42 90 0 0 49 0 0 0 0 0 
0 0 0 0 0 0 14 1 0 1128 460 0 0 118 1 482 0 3268 0 2534 4657 1314 212 201 0 0 0 0 0 0 0 0 0 6 506 1 1034 265 0 21 0 0 0 0 0 0 0 0 0 0 0 16 0 0 120 116 1584 516 0 13371 185 244 782 1016 4 14 2 0 0 76 741 122 1497 3247 1516 10140 1677 8159 17 0 4 0 567 
0 0 0 0 0 0 0 0 0 0 0 0 0 0 0 0 0 1 0 6 0 0 0 0 0 0 0 0 0 0 0 0 0 0 0 0 1 1 0 0 0 0 0 0 0 0 0 0 0 0 2 0 0 0 0 0 21 154 13371 0 874 3 0 877 0 1743 0 0 0 4755 5077 533 3392 1578 777 3 0 1269 36 0 1 0 30 
0 2 0 0 0 0 0 0 0 305 2 0 0 25 50 52 0 3622 0 7290 371 5 0 25 1 1 0 0 0 605 44 1637 159 194 4277 0 3753 131 0 30 0 0 0 0 0 0 0 0 0 0 0 0 0 0 4712 5670 0 0 185 874 0 217 0 11 42 7 610 0 0 36 0 0 377 516 473 4173 59 2917 14 0 82 0 3693 
0 4 0 0 6 0 82 0 0 0 0 0 0 0 63 0 0 315 0 243 2370 316 16 731 1 0 0 0 66 48 0 0 0 11 0 0 210 20 0 12 0 0 0 0 0 0 0 3 0 0 0 0 0 0 0 327 0 0 244 3 217 0 1059 31 164 1 8 0 0 0 0 0 1 1 0 0 0 158 5 0 81 0 0 
0 4 0 0 0 0 64 0 0 0 0 0 0 0 6 0 0 35 0 48 1497 198 60 709 1 3 0 0 1 2 0 0 0 41 0 0 138 0 0 39 0 0 0 0 0 10 0 160 0 0 0 0 0 0 0 39 0 0 782 0 0 1059 0 92 837 45 0 0 0 0 7 0 26 0 194 0 0 282 26 0 299 0 0 
0 3 0 0 0 0 81 0 0 0 0 0 0 0 0 0 0 422 0 56 2826 1995 567 49 0 0 0 0 0 0 0 80 5 145 0 0 1389 30 0 3 1 0 5 0 0 68 0 521 0 0 0 0 0 0 0 0 0 0 1016 877 11 31 92 0 1 2255 0 0 0 2688 1351 0 4140 0 2386 1544 0 5057 163 0 1 0 42 
0 0 0 0 0 0 8 0 0 0 0 0 0 0 3 0 0 0 0 1 111 39 28 52 0 15 0 0 0 1 0 0 0 10 0 0 38 0 0 52 0 0 0 0 0 3 0 98 0 0 0 0 0 0 0 103 0 0 4 0 42 164 837 1 0 426 0 0 0 1 47 0 91 0 333 0 0 548 120 0 461 0 0 
0 0 0 0 0 0 0 0 0 0 0 0 0 0 0 0 0 0 0 0 0 0 0 0 0 0 0 0 0 0 0 0 0 0 0 0 0 0 0 1 0 1 74 0 1 31 0 811 0 0 0 0 0 0 0 0 0 0 14 1743 7 1 45 2255 426 0 39 0 0 4463 1789 0 3077 19 513 28 0 667 56 0 512 161 0 
0 0 0 0 0 0 0 0 0 0 0 0 0 0 0 0 0 0 0 0 0 0 0 0 0 0 0 0 0 0 0 0 0 0 0 0 0 0 0 0 0 0 0 0 0 0 0 0 0 0 0 0 0 0 0 4 0 0 2 0 610 8 0 0 0 39 0 2 0 11 0 0 0 0 0 0 0 5 0 0 374 0 0 
0 0 0 0 0 0 0 0 0 0 0 0 0 0 0 0 0 0 0 0 0 0 0 0 0 0 0 0 0 0 0 0 0 0 0 0 0 0 0 0 0 0 0 0 0 0 0 0 0 0 0 0 0 0 0 0 0 0 0 0 0 0 0 0 0 0 2 0 0 0 0 0 0 0 2 0 0 0 0 0 78 134 0 
0 0 0 0 0 0 0 0 0 0 0 0 0 0 0 0 0 0 0 0 0 0 0 0 0 0 0 0 0 0 0 0 0 0 0 0 0 0 0 0 0 0 4 0 0 0 0 6 0 0 0 0 0 0 0 0 0 0 0 0 0 0 0 0 0 0 0 0 0 1 0 0 0 0 113 0 0 0 0 0 0 0 0 
0 0 0 0 0 0 0 0 0 0 0 0 0 0 0 0 0 0 0 0 0 0 0 0 0 0 0 0 0 0 0 0 0 0 0 0 0 0 0 0 0 5 71 0 3 35 0 152 0 35 2212 0 0 0 0 0 1498 2360 76 4755 36 0 0 2688 1 4463 11 0 1 0 2947 12 3530 442 253 88 0 842 36 0 49 110 0 
0 0 0 0 0 0 0 0 0 0 0 0 0 0 0 0 0 0 0 0 0 0 0 0 0 0 0 0 0 0 0 0 0 0 0 0 0 0 0 0 0 1 96 0 0 42 0 309 0 27 3260 0 0 0 0 0 2708 12263 741 5077 0 0 7 1351 47 1789 0 0 0 2947 0 97 508 22 62 0 0 855 2 0 1 0 0 
0 0 0 0 0 0 0 0 0 0 0 0 0 0 0 0 0 0 0 0 0 0 0 0 0 0 0 0 0 0 0 0 0 0 0 0 0 0 0 0 0 0 0 0 0 0 0 0 0 0 311 0 0 0 0 0 699 1738 122 533 0 0 0 0 0 0 0 0 0 12 97 0 1169 0 92 0 0 189 0 0 0 0 0 
0 0 0 0 0 0 0 0 0 0 0 0 0 0 0 0 0 0 0 1 1 1 0 0 0 0 0 0 0 0 0 0 0 0 0 0 0 0 0 0 0 82 1979 0 0 4412 480 6695 0 48 2 0 0 0 0 0 51 91 1497 3392 377 1 26 4140 91 3077 0 0 0 3530 508 1169 0 32 741 0 0 379 7 0 2 0 0 
0 0 0 0 0 0 0 0 0 0 0 0 0 0 0 0 0 0 0 0 0 0 0 0 0 0 0 0 0 0 0 0 0 0 0 0 0 0 0 0 0 0 0 0 0 0 0 0 0 0 0 0 0 0 0 0 8 42 3247 1578 516 1 0 0 0 19 0 0 0 442 22 0 32 0 0 0 0 0 0 0 0 0 0 
0 0 0 0 0 0 8 0 0 0 0 0 0 0 0 0 0 45 0 77 129 58 46 39 0 0 0 0 0 3 0 7 1 8 0 0 335 0 0 0 0 3337 2567 0 0 5573 1046 3427 147 2879 2140 0 0 0 0 0 590 90 1516 777 473 0 194 2386 333 513 0 2 113 253 62 92 741 0 0 141 0 87 18 0 39 0 0 
0 5 0 0 0 0 0 0 0 3 1 0 0 2 0 6 0 152 0 13 11 63 0 173 0 0 0 0 0 52 0 436 46 111 236 0 2914 7 0 25 2 0 7 0 0 83 0 3251 12180 3011 24812 457 0 0 0 0 3616 0 10140 3 4173 0 0 1544 0 28 0 0 0 88 0 0 0 0 141 0 44 75 190 0 29 1 967 
0 0 0 0 0 0 0 0 0 8 8 0 0 1 0 20 0 11 0 0 0 0 0 0 0 0 0 0 0 0 0 0 0 0 1 0 0 0 0 0 0 122 9 36 0 9 0 12036 9548 832 3411 280 0 0 0 0 214 0 1677 0 59 0 0 0 0 0 0 0 0 0 0 0 0 0 0 44 0 0 83 0 0 0 0 
0 1 0 0 0 0 4 0 0 0 0 0 0 0 0 0 0 178 0 751 40 13 15 4 0 0 0 0 0 41 0 147 1 16 0 0 358 55 0 0 0 189 397 0 4 817 4 13545 6227 12608 19370 0 0 0 0 0 9243 49 8159 1269 2917 158 282 5057 548 667 5 0 0 842 855 189 379 0 87 75 0 0 12 0 161 0 5685 
0 0 0 0 0 0 4 0 0 0 0 0 0 0 0 0 0 39 0 75 86 38 50 21 0 0 0 0 0 0 0 4 0 11 0 0 277 12 0 0 0 0 0 0 0 0 0 205 0 0 0 0 0 0 0 0 0 0 17 36 14 5 26 163 120 56 0 0 0 36 2 0 7 0 18 190 83 12 0 0 73 0 1375 
0 0 0 0 0 0 0 0 0 0 0 0 0 0 0 0 0 0 0 0 0 0 0 0 0 0 0 0 0 0 0 0 0 0 0 0 0 0 0 0 0 987 0 63 7 0 0 521 0 0 0 0 0 0 0 0 0 0 0 0 0 0 0 0 0 0 0 0 0 0 0 0 0 0 0 0 0 0 0 0 0 0 0 
0 0 0 0 0 0 0 0 0 0 0 0 0 0 0 0 0 1 0 8 0 0 0 0 0 0 0 0 0 0 0 0 0 0 0 0 4 1 0 6 0 0 0 0 1 0 0 1 0 0 0 0 0 0 0 0 0 0 4 1 82 81 299 1 461 512 374 78 0 49 1 0 2 0 39 29 0 161 73 0 0 1 2 
0 0 0 0 0 0 0 0 0 0 0 0 0 0 0 0 0 0 0 0 0 0 0 0 0 0 0 0 0 0 0 0 0 0 0 0 0 0 0 0 0 0 0 0 0 0 0 0 0 0 0 0 0 0 0 0 0 0 0 0 0 0 0 0 0 161 0 134 0 110 0 0 0 0 0 1 0 0 0 0 1 0 0 
0 0 0 0 0 0 0 0 0 530 0 0 0 0 172 0 0 817 2 84 0 1 0 0 0 0 0 0 0 49 0 244 28 23 383 0 6769 3065 0 1 0 0 0 0 0 0 0 295 0 31 5016 0 0 0 1 63 663 0 567 30 3693 0 0 42 0 0 0 0 0 0 0 0 0 0 0 967 0 5685 1375 0 2 0 0 
