0 1875 809 60 1236 0 9925 0 0 0 0 9 0 0 0 0 0 0 0 0 0 0 0 0 0 0 0 0 0 0 0 1 0 1949 0 123 0 0 91 0 0 14 0 0 10 0 0 0 0 0 0 0 68 0 0 0 0 0 0 0 0 0 0 0 0 0 0 0 0 0 0 0 0 0 0 0 0 0 0 0 0 0 0 
1875 0 0 0 0 0 2 0 0 0 0 0 0 0 0 0 0 0 0 0 0 0 0 0 0 0 0 0 0 0 0 55 0 2814 0 0 0 0 0 0 0 0 0 0 0 0 0 0 0 0 0 0 0 0 0 0 0 0 0 0 0 0 0 0 0 0 0 0 0 0 0 0 0 0 0 0 0 0 0 0 0 0 0 
809 0 0 44 0 0 1 12 0 0 0 9 0 0 0 0 0 0 0 0 0 0 0 0 0 0 0 0 0 0 0 0 0 37 0 0 0 0 2 0 0 152 0 213 1376 0 0 433 13 0 0 0 54 0 0 0 0 0 0 0 0 0 0 0 0 0 0 0 0 0 0 0 0 0 0 0 0 0 0 0 0 0 0 
60 0 44 0 0 0 6 212 0 0 0 41 0 0 0 0 0 0 0 0 0 0 0 0 0 0 0 0 0 0 0 0 0 4 0 0 0 0 4 0 0 6 0 0 319 0 0 54 2 0 0 0 103 0 0 0 0 0 0 0 0 0 0 0 0 0 0 0 0 0 0 0 0 0 0 0 0 0 0 0 0 0 0 
1236 0 0 0 0 510 0 550 398 1750 0 0 0 0 0 58 1134 17 0 0 0 0 0 0 0 0 0 0 0 0 4 591 0 7407 0 0 154 0 0 0 0 0 0 0 0 0 0 0 0 0 0 0 0 0 0 0 0 0 0 0 0 0 0 0 0 0 0 0 0 0 0 0 0 0 0 0 0 0 0 0 0 0 0 
0 0 0 0 510 0 41 389 1250 7618 0 0 0 0 0 11 1807 0 0 0 0 0 0 0 0 0 0 0 0 0 1 0 0 428 0 0 0 0 0 0 0 0 0 0 0 0 0 0 0 0 0 0 0 0 0 0 0 0 0 0 0 0 0 0 0 0 0 0 0 0 0 0 0 0 0 0 0 0 0 0 0 0 0 
9925 2 1 6 0 41 0 4576 2307 0 0 140 835 0 0 0 0 0 0 0 0 0 0 0 0 0 0 220 0 0 0 6624 0 11677 3374 6619 4969 1072 14 0 0 194 0 316 1083 0 0 5683 13166 0 0 0 19 8 0 0 0 0 0 0 0 0 0 0 0 0 0 0 0 0 0 0 0 0 0 0 0 0 0 0 0 0 17 
0 0 12 212 550 389 4576 0 86 349 196 1263 18960 7213 0 2 11 25 0 0 0 0 1 5 21 0 0 0 0 0 0 900 0 2358 6663 871 6775 3 0 1 0 0 0 10 106 0 0 283 27447 0 277 377 10 450 316 0 0 0 0 0 0 0 0 0 0 0 0 0 0 0 0 0 0 0 0 0 0 0 0 0 0 0 1989 
0 0 0 0 398 1250 2307 86 0 10055 0 0 0 0 0 0 570 1 0 0 0 0 0 0 1 0 0 0 0 0 0 25 0 1696 894 100 3844 0 0 0 0 0 0 0 0 0 0 0 221 0 13 2 0 0 0 0 0 0 0 0 0 0 0 0 0 0 0 0 0 0 0 0 0 0 0 0 0 0 0 0 0 0 338 
0 0 0 0 1750 7618 0 349 10055 0 556 0 0 1083 0 6743 10680 225 0 8 0 0 0 0 0 0 0 0 0 0 199 0 0 2603 12691 1174 18736 53 0 0 0 0 0 0 0 0 0 0 1190 0 2376 3314 0 0 56 0 0 0 0 0 0 0 0 0 0 0 0 0 0 0 0 0 0 0 0 2 0 0 0 0 0 0 6074 
0 0 0 0 0 0 0 196 0 556 0 0 0 10127 0 30 0 2 0 91 0 0 0 0 0 0 0 0 0 0 0 0 0 0 498 184 918 0 0 0 0 0 0 0 0 0 0 0 33 0 925 835 0 0 97 0 0 0 0 0 0 0 0 0 0 0 0 0 0 0 0 0 0 0 0 0 0 0 0 0 0 0 1 
9 0 9 41 0 0 140 1263 0 0 0 0 172 0 0 0 0 0 0 0 0 0 0 0 0 0 0 0 0 0 0 0 0 8 0 0 0 0 2 0 0 0 0 21 22 0 0 131 486 0 0 0 28 1 0 0 0 0 0 0 0 0 0 0 0 0 0 0 0 0 0 0 0 0 0 0 0 0 0 0 0 0 0 
0 0 0 0 0 0 835 18960 0 0 0 172 0 24 0 0 0 0 0 0 0 0 0 0 0 0 0 0 0 0 0 0 0 0 0 0 0 0 0 0 0 0 0 0 0 0 0 0 757 0 0 0 0 17 0 0 0 0 0 0 0 0 0 0 0 0 0 0 0 0 0 0 0 0 0 0 0 0 0 0 0 0 0 
0 0 0 0 0 0 0 7213 0 1083 10127 0 24 0 766 4 0 708 0 6312 0 0 0 0 0 0 0 0 0 0 0 0 0 0 1703 5 110 0 0 0 0 0 0 0 0 0 0 0 119 0 2 45 0 0 2 60 0 0 110 0 400 0 0 0 0 0 0 0 0 0 0 0 0 0 0 52 0 10 0 0 0 0 36 
0 0 0 0 0 0 0 0 0 0 0 0 0 766 0 0 462 282 0 3931 18 0 0 3 0 101 0 0 0 4 120 117 167 118 0 0 66 0 0 79 0 0 0 0 0 0 0 0 0 0 0 0 0 0 30 3 0 0 23 0 330 0 0 0 0 0 0 0 0 0 14 4 46 1 1 0 0 112 0 0 0 0 0 
0 0 0 0 58 11 0 2 0 6743 30 0 0 4 0 0 2098 208 0 0 0 0 0 0 0 0 0 0 0 1 994 0 0 424 1 0 984 0 0 0 0 0 0 0 0 0 0 0 0 0 0 0 0 0 0 0 0 0 0 0 0 0 0 0 0 0 0 0 0 0 0 0 0 0 0 0 0 0 0 0 0 0 0 
0 0 0 0 1134 1807 0 11 570 10680 0 0 0 0 462 2098 0 9536 2239 4 0 0 0 0 0 0 0 0 0 3 4364 143 0 9353 0 0 1741 0 0 0 0 0 0 0 0 0 0 0 0 0 0 0 0 0 0 65 0 0 0 0 0 0 0 0 0 0 0 0 0 0 0 1 190 121 199 0 0 977 1 0 0 0 0 
0 0 0 0 17 0 0 25 1 225 2 0 0 708 282 208 9536 0 24787 463 118 0 3481 0 1772 0 0 0 4835 5629 9228 252 29 2166 2125 0 23016 0 0 0 0 0 0 0 0 0 0 0 0 0 0 0 0 0 29 68 0 6 357 0 59 207 17 98 0 0 0 0 0 1 346 26 445 303 99 26 0 756 1 0 0 0 358 
0 0 0 0 0 0 0 0 0 0 0 0 0 0 0 0 2239 24787 0 1 0 0 4255 0 0 0 0 0 438 2803 1055 0 0 0 0 0 0 0 0 0 0 0 0 0 0 0 0 0 0 0 0 0 0 0 0 0 0 0 0 0 0 0 0 0 0 0 0 0 0 0 0 0 0 0 0 0 0 0 0 0 0 0 0 
0 0 0 0 0 0 0 0 0 8 91 0 0 6312 3931 0 4 463 1 0 1887 24 18 0 8 1 0 0 389 2266 1013 28 0 0 262 0 647 0 0 186 0 0 0 0 0 0 0 0 0 0 0 0 0 0 115 753 0 8 386 61 2258 818 158 215 1 0 0 0 0 42 937 398 3859 587 161 0 0 854 0 0 0 0 21 
0 0 0 0 0 0 0 0 0 0 0 0 0 0 18 0 0 118 0 1887 0 281 92 14 35 0 0 0 16 177 70 9 0 0 0 0 0 0 0 2 0 0 0 0 0 0 0 0 0 0 0 0 0 0 2 47 0 0 542 102 336 2356 547 1362 0 1 0 0 0 3 936 19 194 103 9 0 0 10 0 0 2 0 0 
0 0 0 0 0 0 0 0 0 0 0 0 0 0 0 0 0 0 0 24 281 0 267 1241 52 0 0 0 488 1013 664 1243 50 83 0 0 0 0 0 3 0 0 0 0 0 0 0 0 0 0 0 0 0 0 0 1 0 0 155 0 475 2935 2086 669 46 2 0 0 0 1 190 4 68 84 10 0 0 22 0 0 4 0 0 
0 0 0 0 0 0 0 1 0 0 0 0 0 0 0 0 0 3481 4255 18 92 267 0 34 728 0 0 0 3929 4699 791 556 7 251 0 0 90 0 0 0 0 0 0 0 0 0 0 0 0 0 0 0 0 0 0 0 0 0 11 0 0 53 5 44 0 0 0 0 0 0 36 6 25 22 5 0 0 13 0 0 0 0 0 
0 0 0 0 0 0 0 5 0 0 0 0 0 0 3 0 0 0 0 0 14 1241 34 0 44 0 0 0 251 514 166 589 1 24 0 0 21 0 0 0 0 0 0 0 0 0 0 0 0 0 0 0 0 0 0 0 0 0 0 0 1 11 24 0 1 0 0 0 0 0 0 0 0 0 0 0 0 0 0 0 0 0 0 
0 0 0 0 0 0 0 21 1 0 0 0 0 0 0 0 0 1772 0 8 35 52 728 44 0 24 0 832 914 253 174 3222 0 367 0 0 518 0 0 430 0 0 0 0 0 0 0 0 0 0 0 0 0 0 0 0 0 0 0 0 0 0 0 0 0 0 0 0 0 0 0 0 0 0 0 0 0 0 0 0 0 0 0 
0 0 0 0 0 0 0 0 0 0 0 0 0 0 101 0 0 0 0 1 0 0 0 0 24 0 0 0 4 0 0 1 0 0 0 0 1 0 0 138 0 0 0 0 0 0 0 0 0 0 0 0 0 0 0 0 0 0 0 0 0 0 0 0 0 0 0 0 0 0 0 0 0 0 0 0 0 0 0 0 0 0 0 
0 0 0 0 0 0 0 0 0 0 0 0 0 0 0 0 0 0 0 0 0 0 0 0 0 0 0 0 0 0 0 0 0 0 0 0 0 0 0 0 0 0 0 0 0 0 0 0 0 0 0 0 0 0 0 0 0 0 0 0 0 0 0 0 0 0 0 0 0 0 0 0 0 0 0 0 0 0 0 0 0 0 0 
0 0 0 0 0 0 220 0 0 0 0 0 0 0 0 0 0 0 0 0 0 0 0 0 832 0 0 0 36 0 0 0 0 1 2 0 574 106 0 238 352 0 0 0 0 0 0 0 0 0 0 0 0 0 0 0 0 0 0 0 0 0 0 0 0 0 0 0 0 0 0 0 0 0 0 0 0 0 0 0 0 0 0 
0 0 0 0 0 0 0 0 0 0 0 0 0 0 0 0 0 4835 438 389 16 488 3929 251 914 4 0 36 0 1451 7 1360 4 17 0 0 277 0 0 807 0 0 0 0 0 0 0 0 0 0 0 0 0 0 0 0 0 0 0 0 0 2 102 3 3 0 0 0 0 0 0 0 1 1 0 0 0 0 0 0 0 0 0 
0 0 0 0 0 0 0 0 0 0 0 0 0 0 4 1 3 5629 2803 2266 177 1013 4699 514 253 0 0 0 1451 0 263 350 5 3 0 0 1 0 0 0 0 0 0 0 0 0 0 0 0 0 0 0 0 0 0 8 0 0 2 1 0 2 42 3 1 0 0 0 0 1 66 47 706 715 244 0 0 566 0 0 0 0 0 
0 0 0 0 4 1 0 0 0 199 0 0 0 0 120 994 4364 9228 1055 1013 70 664 791 166 174 0 0 0 7 263 0 45 0 2 0 0 0 0 0 0 0 0 0 0 0 0 0 0 0 0 0 0 0 0 0 86 0 1 3 0 0 0 2 0 0 0 0 0 0 1 313 190 2922 1473 487 0 0 1123 0 0 0 0 0 
1 55 0 0 591 0 6624 900 25 0 0 0 0 0 117 0 143 252 0 28 9 1243 556 589 3222 1 0 0 1360 350 45 0 18 50 0 11 3793 236 0 425 0 0 0 0 0 0 0 0 32 0 0 0 0 0 0 37 0 3 1 0 0 34 1060 70 88 1 0 0 0 0 186 113 2177 1309 451 0 0 1482 29 0 0 0 9 
0 0 0 0 0 0 0 0 0 0 0 0 0 0 167 0 0 29 0 0 0 50 7 1 0 0 0 0 4 5 0 18 0 3 0 0 0 0 0 0 0 0 0 0 0 0 0 0 0 0 0 0 0 0 0 11 0 0 0 0 0 0 8 32 0 0 0 0 0 0 64 20 698 392 315 12 0 3081 114 0 0 0 138 
1949 2814 37 4 7407 428 11677 2358 1696 2603 0 8 0 0 118 424 9353 2166 0 0 0 83 251 24 367 0 0 1 17 3 2 50 3 0 19 25 64 3 2 1 2 0 0 0 0 0 0 0 0 0 0 0 0 0 1 1 0 0 0 0 1 1 750 62 97 0 0 0 0 0 43 7 515 401 200 20 0 1846 10 0 0 0 46 
0 0 0 0 0 0 3374 6663 894 12691 498 0 0 1703 0 1 0 2125 0 262 0 0 0 0 0 0 0 2 0 0 0 0 0 19 0 290 361 10 24 19 1 0 0 0 8 0 0 0 0 0 19 46 0 0 185 0 0 0 132 0 635 0 0 0 0 0 0 0 0 0 0 0 0 0 0 7787 200 123 61 198 4 0 1702 
123 0 0 0 0 0 6619 871 100 1174 184 0 0 5 0 0 0 0 0 0 0 0 0 0 0 0 0 0 0 0 0 11 0 25 290 0 235 6 7 0 0 0 0 0 0 0 0 0 0 0 11 58 0 0 1 0 0 0 0 0 2 0 0 0 0 0 0 0 0 0 0 0 0 0 0 325 4 0 1 0 0 0 46 
0 0 0 0 154 0 4969 6775 3844 18736 918 0 0 110 66 984 1741 23016 0 647 0 0 90 21 518 1 0 574 277 1 0 3793 0 64 361 235 0 24 0 165 0 0 0 0 0 0 0 0 4 0 0 0 0 0 0 1 0 0 0 0 0 0 156 71 6 1 0 0 0 0 73 13 1679 1077 759 4502 4 14102 1213 0 5 0 7426 
0 0 0 0 0 0 1072 3 0 53 0 0 0 0 0 0 0 0 0 0 0 0 0 0 0 0 0 106 0 0 0 236 0 3 10 6 24 0 0 11 0 0 0 0 0 0 0 0 0 0 0 0 0 0 0 0 0 0 0 0 0 0 0 0 0 0 0 0 0 0 0 0 0 0 0 0 0 0 0 0 0 0 1392 
91 0 2 4 0 0 14 0 0 0 0 2 0 0 0 0 0 0 0 0 0 0 0 0 0 0 0 0 0 0 0 0 0 2 24 7 0 0 0 0 0 0 0 0 0 0 0 0 0 0 0 0 0 0 0 0 0 0 0 0 0 0 0 0 0 0 0 0 0 0 0 0 0 0 0 0 0 0 0 0 0 0 0 
0 0 0 0 0 0 0 1 0 0 0 0 0 0 79 0 0 0 0 186 2 3 0 0 430 138 0 238 807 0 0 425 0 1 19 0 165 11 0 0 0 0 0 0 0 0 0 0 0 0 0 0 0 0 0 74 0 0 0 0 0 0 0 0 0 0 0 0 0 0 0 0 1 0 0 214 0 8 0 0 924 0 22 
0 0 0 0 0 0 0 0 0 0 0 0 0 0 0 0 0 0 0 0 0 0 0 0 0 0 0 352 0 0 0 0 0 2 1 0 0 0 0 0 0 0 0 0 0 0 0 0 0 0 0 0 0 0 0 0 0 0 0 0 0 0 0 0 0 0 0 0 0 0 0 0 0 0 0 0 0 0 0 0 0 0 0 
14 0 152 6 0 0 194 0 0 0 0 0 0 0 0 0 0 0 0 0 0 0 0 0 0 0 0 0 0 0 0 0 0 0 0 0 0 0 0 0 0 0 5239 181 1627 630 0 14968 0 0 0 0 225 0 0 0 0 0 0 0 0 0 0 0 0 0 0 0 0 0 0 0 0 0 42 0 4 0 0 0 0 0 0 
0 0 0 0 0 0 0 0 0 0 0 0 0 0 0 0 0 0 0 0 0 0 0 0 0 0 0 0 0 0 0 0 0 0 0 0 0 0 0 0 0 5239 0 0 0 145 0 0 0 0 0 0 0 0 0 0 0 0 0 0 0 0 0 0 0 0 0 0 0 0 0 0 0 0 278 0 0 0 0 0 0 0 0 
0 0 213 0 0 0 316 10 0 0 0 21 0 0 0 0 0 0 0 0 0 0 0 0 0 0 0 0 0 0 0 0 0 0 0 0 0 0 0 0 0 181 0 0 20 0 0 16 0 0 0 0 7 0 0 0 0 0 0 0 0 0 0 0 0 0 0 0 0 0 0 0 0 0 0 0 0 0 0 0 0 0 0 
10 0 1376 319 0 0 1083 106 0 0 0 22 0 0 0 0 0 0 0 0 0 0 0 0 0 0 0 0 0 0 0 0 0 0 8 0 0 0 0 0 0 1627 0 20 0 0 0 12 26 0 0 0 581 0 0 0 0 0 0 0 0 0 0 0 0 0 0 0 0 0 0 0 0 0 47 0 3 7 0 0 1 76 0 
0 0 0 0 0 0 0 0 0 0 0 0 0 0 0 0 0 0 0 0 0 0 0 0 0 0 0 0 0 0 0 0 0 0 0 0 0 0 0 0 0 630 145 0 0 0 18 64 15 0 0 0 0 0 0 0 0 0 0 0 0 0 0 0 0 0 0 0 0 0 0 0 0 0 6136 0 0 0 0 0 0 0 0 
0 0 0 0 0 0 0 0 0 0 0 0 0 0 0 0 0 0 0 0 0 0 0 0 0 0 0 0 0 0 0 0 0 0 0 0 0 0 0 0 0 0 0 0 0 18 0 25 11263 2954 3041 0 0 0 0 0 602 245 20 12 0 0 0 0 0 0 0 0 0 0 60 71 324 0 535 0 0 0 0 0 0 0 0 
0 0 433 54 0 0 5683 283 0 0 0 131 0 0 0 0 0 0 0 0 0 0 0 0 0 0 0 0 0 0 0 0 0 0 0 0 0 0 0 0 0 14968 0 16 12 64 25 0 6077 6219 0 0 42 0 0 0 0 0 0 0 0 0 0 0 0 0 0 0 0 0 0 0 414 0 10044 1 4446 4697 605 0 0 0 0 
0 0 13 2 0 0 13166 27447 221 1190 33 486 757 119 0 0 0 0 0 0 0 0 0 0 0 0 0 0 0 0 0 32 0 0 0 0 4 0 0 0 0 0 0 0 26 15 11263 6077 0 1311 6801 0 939 11150 3435 0 41 566 1 2 0 0 0 0 0 0 0 0 0 0 7 3 142 0 10203 4668 4349 10897 576 0 0 0 5742 
0 0 0 0 0 0 0 0 0 0 0 0 0 0 0 0 0 0 0 0 0 0 0 0 0 0 0 0 0 0 0 0 0 0 0 0 0 0 0 0 0 0 0 0 0 0 2954 6219 1311 0 6772 0 0 0 0 0 2 51 0 18 0 0 0 0 0 0 0 0 0 0 71 121 35 0 8 0 0 0 0 0 0 0 0 
0 0 0 0 0 0 0 277 13 2376 925 0 0 2 0 0 0 0 0 0 0 0 0 0 0 0 0 0 0 0 0 0 0 0 19 11 0 0 0 0 0 0 0 0 0 0 3041 0 6801 6772 0 3040 0 0 74 0 11405 3677 31 329 68 0 0 0 0 0 0 0 0 0 134 255 424 0 7001 11957 764 18504 1255 0 0 0 6284 
0 0 0 0 0 0 0 377 2 3314 835 0 0 45 0 0 0 0 0 0 0 0 0 0 0 0 0 0 0 0 0 0 0 0 46 58 0 0 0 0 0 0 0 0 0 0 0 0 0 0 3040 0 0 0 2909 0 0 0 0 0 852 0 0 0 0 0 0 0 0 0 0 0 0 0 0 535 126 1 0 0 0 0 70 
68 0 54 103 0 0 19 10 0 0 0 28 0 0 0 0 0 0 0 0 0 0 0 0 0 0 0 0 0 0 0 0 0 0 0 0 0 0 0 0 0 225 0 7 581 0 0 42 939 0 0 0 0 0 0 0 0 0 0 0 0 0 0 0 0 0 0 0 0 0 0 0 0 0 98 4 8 3 0 0 0 0 0 
0 0 0 0 0 0 8 450 0 0 0 1 17 0 0 0 0 0 0 0 0 0 0 0 0 0 0 0 0 0 0 0 0 0 0 0 0 0 0 0 0 0 0 0 0 0 0 0 11150 0 0 0 0 0 0 0 0 0 0 0 0 0 0 0 0 0 0 0 0 0 0 0 0 0 0 0 0 0 0 0 0 0 0 
0 0 0 0 0 0 0 316 0 56 97 0 0 2 30 0 0 29 0 115 2 0 0 0 0 0 0 0 0 0 0 0 0 1 185 1 0 0 0 0 0 0 0 0 0 0 0 0 3435 0 74 2909 0 0 0 1143 0 0 2062 0 9782 0 0 0 0 0 0 0 0 1 246 115 164 5 78 113 0 926 2 0 0 0 11 
0 0 0 0 0 0 0 0 0 0 0 0 0 60 3 0 65 68 0 753 47 1 0 0 0 0 0 0 0 8 86 37 11 1 0 0 1 0 0 74 0 0 0 0 0 0 0 0 0 0 0 0 0 0 1143 0 0 2 166 454 2597 0 0 0 3 13 0 0 0 0 102 33 416 14 198 0 0 599 0 0 11 0 0 
0 0 0 0 0 0 0 0 0 0 0 0 0 0 0 0 0 0 0 0 0 0 0 0 0 0 0 0 0 0 0 0 0 0 0 0 0 0 0 0 0 0 0 0 0 0 602 0 41 2 11405 0 0 0 0 0 0 4479 306 314 0 0 0 0 0 0 0 0 0 1 125 114 160 5 1826 0 0 3151 0 0 0 0 1 
0 0 0 0 0 0 0 0 0 0 0 0 0 0 0 0 0 6 0 8 0 0 0 0 0 0 0 0 0 0 1 3 0 0 0 0 0 0 0 0 0 0 0 0 0 0 245 0 566 51 3677 0 0 0 0 2 4479 0 2863 0 0 0 0 0 0 0 0 0 0 0 1172 2831 1400 40 1401 0 0 285 0 0 0 0 0 
0 0 0 0 0 0 0 0 0 0 0 0 0 110 23 0 0 357 0 386 542 155 11 0 0 0 0 0 0 2 3 1 0 0 132 0 0 0 0 0 0 0 0 0 0 0 20 0 1 0 31 0 0 0 2062 166 306 2863 0 19851 379 161 7 832 0 34 0 0 0 21 2883 512 535 0 40 332 0 15483 303 0 0 0 653 
0 0 0 0 0 0 0 0 0 0 0 0 0 0 0 0 0 0 0 61 102 0 0 0 0 0 0 0 0 1 0 0 0 0 0 0 0 0 0 0 0 0 0 0 0 0 12 0 2 18 329 0 0 0 0 454 314 0 19851 0 7419 55 70 1349 0 93 0 0 0 96 9691 6135 1468 0 41 0 0 17 0 0 1 0 0 
0 0 0 0 0 0 0 0 0 0 0 0 0 400 330 0 0 59 0 2258 336 475 0 1 0 0 0 0 0 0 0 0 0 1 635 2 0 0 0 0 0 0 0 0 0 0 0 0 0 0 68 852 0 0 9782 2597 0 0 379 7419 0 421 41 99 0 0 0 0 0 200 1154 60 655 0 0 2187 0 698 126 0 4 0 780 
0 0 0 0 0 0 0 0 0 0 0 0 0 0 0 0 0 207 0 818 2356 2935 53 11 0 0 0 0 2 2 0 34 0 1 0 0 0 0 0 0 0 0 0 0 0 0 0 0 0 0 0 0 0 0 0 0 0 0 161 55 421 0 37 319 0 0 0 0 0 1 0 0 0 1 0 0 0 60 0 0 0 0 0 
0 0 0 0 0 0 0 0 0 0 0 0 0 0 0 0 0 17 0 158 547 2086 5 24 0 0 0 0 102 42 2 1060 8 750 0 0 156 0 0 0 0 0 0 0 0 0 0 0 0 0 0 0 0 0 0 0 0 0 7 70 41 37 0 845 120 133 0 0 0 19 183 18 1695 522 105 0 0 292 0 0 0 0 0 
0 0 0 0 0 0 0 0 0 0 0 0 0 0 0 0 0 98 0 215 1362 669 44 0 0 0 0 0 3 3 0 70 32 62 0 0 71 0 0 0 0 0 0 0 0 0 0 0 0 0 0 0 0 0 0 0 0 0 832 1349 99 319 845 0 7 3181 0 0 0 2344 2463 28 3102 273 87 29 0 122 0 0 124 0 0 
0 0 0 0 0 0 0 0 0 0 0 0 0 0 0 0 0 0 0 1 0 46 0 1 0 0 0 0 3 1 0 88 0 97 0 0 6 0 0 0 0 0 0 0 0 0 0 0 0 0 0 0 0 0 0 3 0 0 0 0 0 0 120 7 0 266 6 0 0 98 583 0 4298 35 611 10 0 1010 1 0 5 0 0 
0 0 0 0 0 0 0 0 0 0 0 0 0 0 0 0 0 0 0 0 1 2 0 0 0 0 0 0 0 0 0 1 0 0 0 0 1 0 0 0 0 0 0 0 0 0 0 0 0 0 0 0 0 0 0 13 0 0 34 93 0 0 133 3181 266 0 25 0 2 959 3230 52 1787 1 76 69 0 498 0 0 132 0 0 
0 0 0 0 0 0 0 0 0 0 0 0 0 0 0 0 0 0 0 0 0 0 0 0 0 0 0 0 0 0 0 0 0 0 0 0 0 0 0 0 0 0 0 0 0 0 0 0 0 0 0 0 0 0 0 0 0 0 0 0 0 0 0 0 6 25 0 0 1 0 0 0 1 0 1 3 0 1 0 0 199 0 0 
0 0 0 0 0 0 0 0 0 0 0 0 0 0 0 0 0 0 0 0 0 0 0 0 0 0 0 0 0 0 0 0 0 0 0 0 0 0 0 0 0 0 0 0 0 0 0 0 0 0 0 0 0 0 0 0 0 0 0 0 0 0 0 0 0 0 0 0 0 0 0 0 0 0 0 0 0 0 0 0 2 0 0 
0 0 0 0 0 0 0 0 0 0 0 0 0 0 0 0 0 0 0 0 0 0 0 0 0 0 0 0 0 0 0 0 0 0 0 0 0 0 0 0 0 0 0 0 0 0 0 0 0 0 0 0 0 0 0 0 0 0 0 0 0 0 0 0 0 2 1 0 0 40 0 0 0 0 0 0 0 286 68 0 193 98 0 
0 0 0 0 0 0 0 0 0 0 0 0 0 0 0 0 0 1 0 42 3 1 0 0 0 0 0 0 0 1 1 0 0 0 0 0 0 0 0 0 0 0 0 0 0 0 0 0 0 0 0 0 0 0 1 0 1 0 21 96 200 1 19 2344 98 959 0 0 40 0 710 11 199 0 0 0 0 4 0 0 153 0 0 
0 0 0 0 0 0 0 0 0 0 0 0 0 0 14 0 0 346 0 937 936 190 36 0 0 0 0 0 0 66 313 186 64 43 0 0 73 0 0 0 0 0 0 0 0 0 60 0 7 71 134 0 0 0 246 102 125 1172 2883 9691 1154 0 183 2463 583 3230 0 0 0 710 0 146 1064 0 180 103 0 1106 24 0 818 0 0 
0 0 0 0 0 0 0 0 0 0 0 0 0 0 4 0 1 26 0 398 19 4 6 0 0 0 0 0 0 47 190 113 20 7 0 0 13 0 0 0 0 0 0 0 0 0 71 0 3 121 255 0 0 0 115 33 114 2831 512 6135 60 0 18 28 0 52 0 0 0 11 146 0 1838 1 205 0 0 256 0 0 3 0 0 
0 0 0 0 0 0 0 0 0 0 0 0 0 0 46 0 190 445 0 3859 194 68 25 0 0 0 0 0 1 706 2922 2177 698 515 0 0 1679 0 0 1 0 0 0 0 0 0 324 414 142 35 424 0 0 0 164 416 160 1400 535 1468 655 0 1695 3102 4298 1787 1 0 0 199 1064 1838 0 109 1294 6 0 5182 130 0 835 43 0 
0 0 0 0 0 0 0 0 0 0 0 0 0 0 1 0 121 303 0 587 103 84 22 0 0 0 0 0 1 715 1473 1309 392 401 0 0 1077 0 0 0 0 0 0 0 0 0 0 0 0 0 0 0 0 0 5 14 5 40 0 0 0 1 522 273 35 1 0 0 0 0 0 1 109 0 341 0 0 0 0 0 0 0 0 
0 0 0 0 0 0 0 0 0 0 0 0 0 0 1 0 199 99 0 161 9 10 5 0 0 0 0 0 0 244 487 451 315 200 0 0 759 0 0 0 0 42 278 0 47 6136 535 10044 10203 8 7001 0 98 0 78 198 1826 1401 40 41 0 0 105 87 611 76 1 0 0 0 180 205 1294 341 0 0 24 1088 113 6 0 14 14 
0 0 0 0 0 0 0 0 0 2 0 0 0 52 0 0 0 26 0 0 0 0 0 0 0 0 0 0 0 0 0 0 12 20 7787 325 4502 0 0 214 0 0 0 0 0 0 0 1 4668 0 11957 535 4 0 113 0 0 0 332 0 2187 0 0 29 10 69 3 0 0 0 103 0 6 0 0 0 186 415 250 2 38 0 2539 
0 0 0 0 0 0 0 0 0 0 0 0 0 0 0 0 0 0 0 0 0 0 0 0 0 0 0 0 0 0 0 0 0 0 200 4 4 0 0 0 0 4 0 0 3 0 0 4446 4349 0 764 126 8 0 0 0 0 0 0 0 0 0 0 0 0 0 0 0 0 0 0 0 0 0 24 186 0 56 25 0 0 0 105 
0 0 0 0 0 0 0 0 0 0 0 0 0 10 112 0 977 756 0 854 10 22 13 0 0 0 0 0 0 566 1123 1482 3081 1846 123 0 14102 0 0 8 0 0 0 0 7 0 0 4697 10897 0 18504 1 3 0 926 599 3151 285 15483 17 698 60 292 122 1010 498 1 0 286 4 1106 256 5182 0 1088 415 56 0 7 1 24 0 723 
0 0 0 0 0 0 0 0 0 0 0 0 0 0 0 0 1 1 0 0 0 0 0 0 0 0 0 0 0 0 0 29 114 10 61 1 1213 0 0 0 0 0 0 0 0 0 0 605 576 0 1255 0 0 0 2 0 0 0 303 0 126 0 0 0 1 0 0 0 68 0 24 0 130 0 113 250 25 7 0 0 7 2 1552 
0 0 0 0 0 0 0 0 0 0 0 0 0 0 0 0 0 0 0 0 0 0 0 0 0 0 0 0 0 0 0 0 0 0 198 0 0 0 0 0 0 0 0 0 0 0 0 0 0 0 0 0 0 0 0 0 0 0 0 0 0 0 0 0 0 0 0 0 0 0 0 0 0 0 6 2 0 1 0 0 0 0 0 
0 0 0 0 0 0 0 0 0 0 0 0 0 0 0 0 0 0 0 0 2 4 0 0 0 0 0 0 0 0 0 0 0 0 4 0 5 0 0 924 0 0 0 0 1 0 0 0 0 0 0 0 0 0 0 11 0 0 0 1 4 0 0 124 5 132 199 2 193 153 818 3 835 0 0 38 0 24 7 0 0 0 52 
0 0 0 0 0 0 0 0 0 0 0 0 0 0 0 0 0 0 0 0 0 0 0 0 0 0 0 0 0 0 0 0 0 0 0 0 0 0 0 0 0 0 0 0 76 0 0 0 0 0 0 0 0 0 0 0 0 0 0 0 0 0 0 0 0 0 0 0 98 0 0 0 43 0 14 0 0 0 2 0 0 0 0 
0 0 0 0 0 0 17 1989 338 6074 1 0 0 36 0 0 0 358 0 21 0 0 0 0 0 0 0 0 0 0 0 9 138 46 1702 46 7426 1392 0 22 0 0 0 0 0 0 0 0 5742 0 6284 70 0 0 11 0 1 0 653 0 780 0 0 0 0 0 0 0 0 0 0 0 0 0 14 2539 105 723 1552 0 52 0 0 
