0 655 0 76 3 0 0 0 0 0 0 874 0 0 0 0 0 0 0 17 0 0 0 0 0 0 41 1219 7 112 0 5900 0 369 12 695 3091 0 1115 0 0 1211 0 46 4 0 0 1506 0 0 0 0 0 0 0 0 0 0 0 0 0 0 0 0 0 0 0 0 0 0 0 0 0 0 0 0 9 0 0 0 0 0 0 
655 0 0 0 0 0 0 0 0 1 0 0 0 0 0 6 0 108 0 990 1 0 1 0 0 0 0 0 0 10 0 5040 0 824 228 0 5904 1 0 0 0 0 0 0 0 0 0 0 0 0 0 0 0 0 0 0 0 0 142 0 223 0 0 0 0 0 0 0 0 0 0 0 0 0 0 0 0 16 8 0 0 0 91 
0 0 0 597 0 0 0 8 0 0 0 1467 0 0 0 0 0 0 0 0 0 0 0 0 0 0 0 0 0 0 0 0 0 0 143 881 0 0 310 0 0 79 0 5 0 0 0 963 0 0 0 0 0 0 0 0 0 0 0 0 0 0 0 0 0 0 0 0 0 0 0 0 0 0 0 0 0 0 0 0 0 0 0 
76 0 597 0 0 0 71 6 0 0 0 760 0 0 0 0 0 0 0 0 0 0 0 0 0 0 0 2 0 0 0 0 0 1 0 0 0 0 0 0 0 0 0 0 0 0 0 10 0 0 0 0 0 0 0 0 0 0 0 0 0 0 0 0 0 0 0 0 0 0 0 0 0 0 0 0 0 0 0 0 0 0 4 
3 0 0 0 0 0 17 876 19 467 0 0 621 0 0 159 0 536 0 427 0 0 0 0 0 0 0 0 0 0 0 47 0 3709 305 6 11671 22 0 0 0 0 0 0 0 0 0 0 2 0 0 0 0 1 0 0 0 0 6 0 13 0 0 0 0 0 0 0 0 0 0 0 0 0 0 0 0 0 0 0 0 0 3 
0 0 0 0 0 0 6 2100 5759 1773 0 0 1903 0 0 3 0 36 3769 0 0 0 0 0 0 0 0 0 0 0 0 0 0 1150 0 55 865 0 0 0 0 0 0 0 0 0 0 1 84 0 0 0 0 1 0 0 0 0 0 0 0 0 0 0 0 0 0 0 0 0 0 0 0 0 0 0 1 0 0 0 0 0 0 
0 0 0 71 17 6 0 8180 7760 273 2 5258 9941 0 0 0 0 1 7 1 0 0 0 0 0 0 0 2 0 8 0 140 0 12 8887 14950 6132 69 243 0 0 65 0 0 0 0 0 10506 1447 0 0 0 0 38 0 0 0 0 0 0 0 0 0 0 0 0 0 0 0 0 0 0 0 0 0 6 4 3 0 0 0 0 0 
0 0 8 6 876 2100 8180 0 2585 561 714 3232 3911 2323 2 1 0 43 408 2 0 0 0 0 0 0 0 0 0 0 0 0 0 1874 14351 36 8602 2 0 0 0 0 0 0 0 0 0 28 4256 0 1375 215 0 6 51 0 3 0 0 0 0 0 0 0 0 0 0 0 0 0 0 0 0 0 0 5 0 0 0 0 0 0 3373 
0 0 0 0 19 5759 7760 2585 0 3627 0 0 81 24 0 3 0 95 872 0 0 0 0 0 0 0 0 0 0 0 0 0 0 23 0 0 926 0 0 0 0 0 0 0 0 0 0 0 0 0 0 0 0 0 0 0 0 0 0 0 0 0 0 0 0 0 0 0 0 0 0 0 0 0 0 0 0 0 0 0 0 0 0 
0 1 0 0 467 1773 273 561 3627 0 0 0 0 61 0 392 24 841 15304 0 0 0 0 0 0 0 0 0 0 60 1 0 0 7624 14924 391 19003 0 0 0 0 0 0 0 0 0 0 0 27 0 1062 1810 0 0 44 0 311 0 1 0 179 0 0 0 0 0 0 0 0 0 0 0 0 0 0 2 0 0 0 0 0 0 7656 
0 0 0 0 0 0 2 714 0 0 0 0 0 5627 95 299 0 11 0 19 0 0 0 0 0 0 0 0 0 0 0 0 0 0 2784 278 0 0 0 0 0 0 0 0 0 0 0 0 135 0 6686 4111 0 0 480 11 1727 0 17 0 1248 0 0 0 0 0 0 0 0 0 0 0 0 0 0 42 0 0 0 0 0 0 0 
874 0 1467 760 0 0 5258 3232 0 0 0 0 0 0 0 0 0 0 0 0 0 0 0 0 0 0 0 51 0 0 0 0 0 17 0 0 25 0 10 0 0 62 0 6 1 0 0 48 0 0 0 0 0 0 0 0 0 0 0 0 0 0 0 0 0 0 0 0 0 0 0 0 0 0 0 0 4 0 0 0 0 0 0 
0 0 0 0 621 1903 9941 3911 81 0 0 0 0 4 0 0 0 0 0 0 0 0 0 0 0 0 0 0 0 0 0 0 0 100 3555 482 4962 73 0 0 0 0 0 0 0 0 0 703 707 0 0 0 0 2 0 0 0 0 0 0 0 0 0 0 0 0 0 0 0 0 0 0 0 0 0 81 35 87 1 0 0 0 0 
0 0 0 0 0 0 0 2323 24 61 5627 0 4 0 133 780 0 2 0 3224 0 0 0 0 0 0 0 0 0 0 0 0 0 0 904 7 349 0 0 0 0 0 0 0 0 0 0 0 140 0 38 250 0 0 0 0 11 0 0 0 4 0 0 0 0 0 0 0 0 0 0 0 0 0 0 0 0 0 0 0 0 0 27 
0 0 0 0 0 0 0 2 0 0 95 0 0 133 0 0 0 4449 4 12107 1254 0 23 11 0 181 0 0 0 12 19 96 0 6 0 0 0 0 0 19 0 0 0 0 0 0 0 0 0 0 0 0 0 0 0 1 0 0 397 22 485 7 0 0 0 0 0 0 0 0 0 0 0 0 0 0 0 0 0 0 0 0 0 
0 6 0 0 159 3 0 1 3 392 299 0 0 780 0 0 1770 1323 7230 3 0 0 0 0 0 0 0 0 0 43 25 14 7 7207 2040 0 2468 0 0 0 0 0 0 0 0 0 0 0 0 0 0 25 0 0 333 0 144 0 9 0 1885 0 0 0 0 0 0 0 0 0 0 0 0 0 0 23 0 0 0 0 0 0 264 
0 0 0 0 0 0 0 0 0 24 0 0 0 0 0 1770 0 2019 7651 1 0 0 0 0 0 0 0 0 0 16 109 1280 0 19 0 0 0 0 0 0 0 0 0 0 0 0 0 0 0 0 0 0 0 0 0 0 0 0 0 0 0 0 0 0 0 0 0 0 0 0 0 0 0 0 0 0 0 0 0 0 0 0 0 
0 108 0 0 536 36 1 43 95 841 11 0 0 2 4449 1323 2019 0 8509 488 88 0 3881 3 1707 132 0 0 3017 10991 6699 7419 1007 1822 404 0 4864 0 0 0 0 0 0 0 0 0 0 0 0 0 0 0 0 0 7 9 0 0 785 81 2683 141 0 0 0 0 0 0 0 0 0 0 0 0 0 272 0 5 0 0 0 0 298 
0 0 0 0 0 3769 7 408 872 15304 0 0 0 0 4 7230 7651 8509 0 449 0 0 1525 0 0 0 0 0 1248 1233 729 41 0 2432 0 0 0 0 0 0 0 0 0 0 0 0 0 0 0 0 0 0 0 0 0 0 0 0 26 1 15 0 0 0 0 0 0 0 0 0 0 0 0 0 0 0 0 0 0 0 0 0 0 
17 990 0 0 427 0 1 2 0 0 19 0 0 3224 12107 3 1 488 449 0 143 11 371 174 793 62 0 0 2017 2662 3813 5356 18 817 64 0 1714 0 0 4 0 1 0 0 0 0 0 0 0 0 0 0 0 0 68 316 0 0 2692 1736 5778 604 0 0 0 0 0 0 0 0 1 0 48 0 2 38 0 1039 0 0 0 0 250 
0 1 0 0 0 0 0 0 0 0 0 0 0 0 1254 0 0 88 0 143 0 202 4 546 105 1 0 0 3074 4723 7 1031 0 0 0 0 8 0 0 47 0 0 0 0 0 0 0 0 0 0 0 0 0 0 0 0 0 0 871 9 451 888 14 0 0 0 0 0 0 0 0 0 0 0 0 0 0 9 0 0 0 0 0 
0 0 0 0 0 0 0 0 0 0 0 0 0 0 0 0 0 0 0 11 202 0 0 1017 1227 0 0 0 7082 117 0 0 0 0 0 0 0 0 0 39 0 0 0 0 0 0 0 0 0 0 0 0 0 0 0 0 0 0 0 0 3 3 6 0 0 0 0 0 0 0 0 0 0 0 0 0 0 0 0 0 0 0 0 
0 1 0 0 0 0 0 0 0 0 0 0 0 0 23 0 0 3881 1525 371 4 0 0 62 12458 0 0 0 7372 1628 9 468 0 0 0 0 7 0 0 1 0 0 0 0 0 0 0 0 0 0 0 0 0 0 0 0 0 0 7 4 87 39 0 0 0 0 0 0 0 0 0 0 0 0 0 0 0 10 0 0 0 0 0 
0 0 0 0 0 0 0 0 0 0 0 0 0 0 11 0 0 3 0 174 546 1017 62 0 1547 102 0 0 2436 114 0 0 0 0 0 0 0 0 0 18 0 0 0 0 0 0 0 0 0 0 0 0 0 0 0 0 0 0 0 0 0 0 0 0 5 0 0 0 0 0 0 0 0 0 0 0 0 0 0 0 0 0 0 
0 0 0 0 0 0 0 0 0 0 0 0 0 0 0 0 0 1707 0 793 105 1227 12458 1547 0 97 0 2 998 25 4 0 0 0 0 0 356 0 0 205 0 0 0 0 0 0 0 0 0 0 0 0 0 0 0 0 0 0 0 0 0 0 0 0 0 0 0 0 0 0 0 0 0 0 0 0 0 0 0 0 0 0 0 
0 0 0 0 0 0 0 0 0 0 0 0 0 0 181 0 0 132 0 62 1 0 0 102 97 0 0 0 54 0 0 0 0 0 0 0 0 0 0 233 0 0 0 0 0 0 0 0 0 0 0 0 0 0 0 0 0 0 0 0 0 0 0 0 23 8 0 0 0 0 0 0 0 0 0 0 0 0 0 0 24 0 0 
41 0 0 0 0 0 0 0 0 0 0 0 0 0 0 0 0 0 0 0 0 0 0 0 0 0 0 0 0 0 0 0 0 204 0 0 303 25 1 38 31 0 0 0 0 0 0 0 0 0 0 0 0 0 0 0 0 0 0 0 0 0 0 0 0 0 0 0 0 0 0 0 0 0 0 0 0 0 0 0 0 0 0 
1219 0 0 2 0 0 2 0 0 0 0 51 0 0 0 0 0 0 0 0 0 0 0 0 2 0 0 0 0 0 0 0 0 851 0 0 863 116 6 7 93 0 0 0 0 0 0 0 0 0 0 0 0 0 0 0 0 0 0 0 0 0 0 0 0 0 0 0 0 0 0 0 0 0 0 0 0 0 0 0 0 0 0 
7 0 0 0 0 0 0 0 0 0 0 0 0 0 0 0 0 3017 1248 2017 3074 7082 7372 2436 998 54 0 0 0 1565 113 3 0 3 0 0 476 1 0 26 0 0 0 0 0 0 0 0 0 0 0 0 0 0 0 0 0 0 5 55 8 0 0 0 0 0 0 0 0 0 0 0 0 0 0 0 0 0 0 0 0 0 0 
112 10 0 0 0 0 8 0 0 60 0 0 0 0 12 43 16 10991 1233 2662 4723 117 1628 114 25 0 0 0 1565 0 1523 278 0 340 0 0 1360 0 0 5 0 0 0 0 0 0 0 0 0 0 0 0 0 0 0 0 0 0 163 353 252 30 0 0 0 0 0 0 0 0 0 0 2 0 0 5 0 31 0 0 0 0 0 
0 0 0 0 0 0 0 0 0 1 0 0 0 0 19 25 109 6699 729 3813 7 0 9 0 4 0 0 0 113 1523 0 2 0 87 0 0 0 0 0 0 0 0 0 0 0 0 0 0 0 0 0 0 0 0 0 2 0 0 153 1085 713 0 0 0 0 0 0 0 0 0 1 0 14 0 1 10 0 402 0 0 1 0 0 
5900 5040 0 0 47 0 140 0 0 0 0 0 0 0 96 14 1280 7419 41 5356 1031 0 468 0 0 0 0 0 3 278 2 0 164 1486 0 0 3142 8 0 0 0 0 0 0 0 0 0 0 0 0 0 0 0 0 0 3 0 0 2136 3185 1225 46 0 1 0 0 0 0 0 1 3 0 53 0 2 92 0 1411 4 0 12 0 89 
0 0 0 0 0 0 0 0 0 0 0 0 0 0 0 7 0 1007 0 18 0 0 0 0 0 0 0 0 0 0 0 164 0 12 0 0 0 0 0 0 0 0 0 0 0 0 0 0 0 0 0 0 0 0 0 0 0 0 2 0 2 0 0 0 0 0 0 0 0 0 0 0 0 0 0 0 0 0 0 0 0 0 0 
369 824 0 1 3709 1150 12 1874 23 7624 0 17 100 0 6 7207 19 1822 2432 817 0 0 0 0 0 0 204 851 3 340 87 1486 12 0 0 3 15 15 0 0 0 0 0 0 0 0 0 0 15 0 0 0 0 0 0 0 0 0 240 260 204 0 0 1 0 0 0 0 0 0 4 0 9 0 1 31 0 526 1 0 6 0 41 
12 228 143 0 305 0 8887 14351 0 14924 2784 0 3555 904 0 2040 0 404 0 64 0 0 0 0 0 0 0 0 0 0 0 0 0 0 0 216 829 0 0 794 24 1 0 0 0 0 0 271 5928 0 722 105 0 0 0 0 2260 0 115 8 2166 0 0 0 0 0 19 0 0 0 0 0 3 0 0 2521 157 18 8 0 0 0 247 
695 0 881 0 6 55 14950 36 0 391 278 0 482 7 0 0 0 0 0 0 0 0 0 0 0 0 0 0 0 0 0 0 0 3 216 0 301 11 0 7 0 0 0 0 0 0 0 0 511 0 22 0 0 1 0 0 54 0 0 0 6 0 0 0 0 0 0 0 0 0 0 0 0 0 0 38 2 0 0 0 0 0 0 
3091 5904 0 0 11671 865 6132 8602 926 19003 0 25 4962 349 0 2468 0 4864 0 1714 8 0 7 0 356 0 303 863 476 1360 0 3142 0 15 829 301 0 0 32 81 8 41 0 0 0 0 0 12 1454 0 0 0 0 16 2 0 0 0 1112 175 1202 1 0 13 0 0 0 0 0 0 10 0 5 0 0 186 1 1675 250 0 24 0 5766 
0 1 0 0 22 0 69 2 0 0 0 0 73 0 0 0 0 0 0 0 0 0 0 0 0 0 25 116 1 0 0 8 0 15 0 11 0 0 0 0 0 0 0 0 0 0 0 0 5 0 0 0 0 0 0 0 0 0 0 0 0 0 0 0 0 0 0 0 0 0 0 0 0 0 0 0 0 0 0 0 0 0 5974 
1115 0 310 0 0 0 243 0 0 0 0 10 0 0 0 0 0 0 0 0 0 0 0 0 0 0 1 6 0 0 0 0 0 0 0 0 32 0 0 0 0 0 0 0 0 0 0 0 0 0 0 0 0 0 0 0 0 0 0 0 0 0 0 0 0 0 0 0 0 0 0 0 0 0 0 0 0 0 0 0 0 0 0 
0 0 0 0 0 0 0 0 0 0 0 0 0 0 19 0 0 0 0 4 47 39 1 18 205 233 38 7 26 5 0 0 0 0 794 7 81 0 0 0 5 1 0 0 0 0 0 0 0 0 0 0 0 0 0 0 0 0 14 161 15 0 1 0 63 11 128 0 0 3 7 0 2 0 0 118 0 17 3 0 67 0 13 
0 0 0 0 0 0 0 0 0 0 0 0 0 0 0 0 0 0 0 0 0 0 0 0 0 0 31 93 0 0 0 0 0 0 24 0 8 0 0 5 0 0 0 0 0 0 0 0 0 0 0 0 0 0 0 0 0 0 0 0 0 0 0 0 0 0 0 0 0 0 0 0 0 0 0 0 0 1 1 0 0 0 0 
1211 0 79 0 0 0 65 0 0 0 0 62 0 0 0 0 0 0 0 1 0 0 0 0 0 0 0 0 0 0 0 0 0 0 1 0 41 0 0 1 0 0 257 0 294 253 0 65 0 0 0 0 335 0 0 0 0 0 143 1043 0 0 0 148 0 1 0 0 1202 174 88 0 4827 0 2354 55 2135 6194 15 224 0 0 4 
0 0 0 0 0 0 0 0 0 0 0 0 0 0 0 0 0 0 0 0 0 0 0 0 0 0 0 0 0 0 0 0 0 0 0 0 0 0 0 0 0 257 0 0 0 0 0 0 0 0 0 0 0 0 0 0 0 0 0 0 0 0 0 0 0 0 0 0 0 0 0 0 0 0 376 0 47 5271 1 0 0 0 0 
46 0 5 0 0 0 0 0 0 0 0 6 0 0 0 0 0 0 0 0 0 0 0 0 0 0 0 0 0 0 0 0 0 0 0 0 0 0 0 0 0 0 0 0 1156 0 0 0 0 0 0 0 583 0 0 0 0 0 0 0 0 0 0 0 0 0 0 0 0 0 0 0 0 0 0 0 0 0 0 1 0 0 0 
4 0 0 0 0 0 0 0 0 0 0 1 0 0 0 0 0 0 0 0 0 0 0 0 0 0 0 0 0 0 0 0 0 0 0 0 0 0 0 0 0 294 0 1156 0 0 0 0 103 0 0 0 24 0 0 0 0 0 0 0 0 0 0 0 0 0 0 0 0 0 0 0 1 0 0 0 0 4 0 0 0 0 57 
0 0 0 0 0 0 0 0 0 0 0 0 0 0 0 0 0 0 0 0 0 0 0 0 0 0 0 0 0 0 0 0 0 0 0 0 0 0 0 0 0 253 0 0 0 0 47 237 0 6 0 0 0 0 0 0 0 0 0 0 0 0 0 0 0 0 0 0 0 0 0 0 0 0 2630 911 325 6946 230 0 0 0 1 
0 0 0 0 0 0 0 0 0 0 0 0 0 0 0 0 0 0 0 0 0 0 0 0 0 0 0 0 0 0 0 0 0 0 0 0 0 0 0 0 0 0 0 0 0 47 0 886 37 9419 1563 0 0 0 0 0 66 0 0 0 0 0 0 0 0 0 0 0 0 0 5 0 0 0 23 0 0 5 0 0 0 0 0 
1506 0 963 10 0 1 10506 28 0 0 0 48 703 0 0 0 0 0 0 0 0 0 0 0 0 0 0 0 0 0 0 0 0 0 271 0 12 0 0 0 0 65 0 0 0 237 886 0 2373 402 0 0 1392 1319 0 0 0 0 0 0 0 0 0 0 0 0 0 0 0 5 0 0 7 0 2341 4029 21186 13892 1306 32 0 0 5 
0 0 0 0 2 84 1447 4256 0 27 135 0 707 140 0 0 0 0 0 0 0 0 0 0 0 0 0 0 0 0 0 0 0 15 5928 511 1454 5 0 0 0 0 0 0 103 0 37 2373 0 273 29 40 1374 2705 1017 0 0 0 0 0 0 0 0 0 0 0 0 0 0 0 0 0 0 0 1695 30413 5816 10644 643 0 0 0 1856 
0 0 0 0 0 0 0 0 0 0 0 0 0 0 0 0 0 0 0 0 0 0 0 0 0 0 0 0 0 0 0 0 0 0 0 0 0 0 0 0 0 0 0 0 0 6 9419 402 273 0 6217 0 0 0 0 0 392 0 0 0 0 0 0 0 0 0 0 0 0 0 0 0 0 0 3502 29 0 1662 17 0 0 0 67 
0 0 0 0 0 0 0 1375 0 1062 6686 0 0 38 0 0 0 0 0 0 0 0 0 0 0 0 0 0 0 0 0 0 0 0 722 22 0 0 0 0 0 0 0 0 0 0 1563 0 29 6217 0 36 0 0 791 0 1271 1951 0 0 35 0 0 0 0 0 0 0 0 0 8224 1941 0 0 3556 17374 2055 17789 2609 0 0 0 8331 
0 0 0 0 0 0 0 215 0 1810 4111 0 0 250 0 25 0 0 0 0 0 0 0 0 0 0 0 0 0 0 0 0 0 0 105 0 0 0 0 0 0 0 0 0 0 0 0 0 40 0 36 0 0 0 4548 0 103 0 0 0 0 0 0 0 0 0 0 0 0 0 0 0 0 0 0 151 395 0 0 0 0 0 1 
0 0 0 0 0 0 0 0 0 0 0 0 0 0 0 0 0 0 0 0 0 0 0 0 0 0 0 0 0 0 0 0 0 0 0 0 0 0 0 0 0 335 0 583 24 0 0 1392 1374 0 0 0 0 2 0 0 0 0 0 0 0 0 0 0 0 0 0 0 0 0 0 0 0 0 0 0 89 0 0 0 0 0 0 
0 0 0 0 1 1 38 6 0 0 0 0 2 0 0 0 0 0 0 0 0 0 0 0 0 0 0 0 0 0 0 0 0 0 0 1 16 0 0 0 0 0 0 0 0 0 0 1319 2705 0 0 0 2 0 8 0 0 0 0 0 0 0 0 0 0 0 0 0 0 0 0 0 0 0 0 24 20 46 2 0 0 0 0 
0 0 0 0 0 0 0 51 0 44 480 0 0 0 0 333 0 7 0 68 0 0 0 0 0 0 0 0 0 0 0 0 0 0 0 0 2 0 0 0 0 0 0 0 0 0 0 0 1017 0 791 4548 0 8 0 948 19 0 0 0 6310 0 0 0 55 0 0 0 0 0 0 0 0 0 0 0 0 0 0 0 0 0 0 
0 0 0 0 0 0 0 0 0 0 11 0 0 0 1 0 0 9 0 316 0 0 0 0 0 0 0 0 0 0 2 3 0 0 0 0 0 0 0 0 0 0 0 0 0 0 0 0 0 0 0 0 0 0 948 0 0 0 757 731 6519 1033 133 0 235 41 194 0 0 0 0 0 0 0 0 0 0 0 0 0 0 0 0 
0 0 0 0 0 0 0 3 0 311 1727 0 0 11 0 144 0 0 0 0 0 0 0 0 0 0 0 0 0 0 0 0 0 0 2260 54 0 0 0 0 0 0 0 0 0 0 66 0 0 392 1271 103 0 0 19 0 0 8369 463 0 27 0 0 11 0 0 0 0 0 551 3873 2768 503 92 1434 5329 109 7665 337 0 0 0 1851 
0 0 0 0 0 0 0 0 0 0 0 0 0 0 0 0 0 0 0 0 0 0 0 0 0 0 0 0 0 0 0 0 0 0 0 0 0 0 0 0 0 0 0 0 0 0 0 0 0 0 1951 0 0 0 0 0 8369 0 1617 1668 0 0 0 0 0 0 0 0 0 5 2842 5853 1080 0 12 0 0 0 0 0 0 0 0 
0 142 0 0 6 0 0 0 0 1 17 0 0 0 397 9 0 785 26 2692 871 0 7 0 0 0 0 0 5 163 153 2136 2 240 115 0 1112 0 0 14 0 143 0 0 0 0 0 0 0 0 0 0 0 0 0 757 463 1617 0 13006 860 1 12 230 0 58 0 0 0 665 2965 95 1656 545 103 3755 3 7303 361 0 31 0 3361 
0 0 0 0 0 0 0 0 0 0 0 0 0 0 22 0 0 81 1 1736 9 0 4 0 0 0 0 0 55 353 1085 3185 0 260 8 0 175 0 0 161 0 1043 0 0 0 0 0 0 0 0 0 0 0 0 0 731 0 1668 13006 0 2787 0 0 2860 0 3583 0 0 0 4299 5119 0 1104 0 28 866 2 2884 0 9 23 0 1 
0 223 0 0 13 0 0 0 0 179 1248 0 0 4 485 1885 0 2683 15 5778 451 3 87 0 0 0 0 0 8 252 713 1225 2 204 2166 6 1202 0 0 15 0 0 0 0 0 0 0 0 0 0 35 0 0 0 6310 6519 27 0 860 2787 0 911 16 0 23 9 0 0 0 5 0 0 0 0 0 1724 14 34 20 0 3 0 402 
0 0 0 0 0 0 0 0 0 0 0 0 0 0 7 0 0 141 0 604 888 3 39 0 0 0 0 0 0 30 0 46 0 0 0 0 1 0 0 0 0 0 0 0 0 0 0 0 0 0 0 0 0 0 0 1033 0 0 1 0 911 0 697 19 6 570 0 0 0 171 1 0 0 0 0 0 0 0 0 0 8 0 0 
0 0 0 0 0 0 0 0 0 0 0 0 0 0 0 0 0 0 0 0 14 6 0 0 0 0 0 0 0 0 0 0 0 0 0 0 0 0 0 1 0 0 0 0 0 0 0 0 0 0 0 0 0 0 0 133 0 0 12 0 16 697 0 4 400 1276 0 0 0 20 0 0 0 0 0 0 0 0 0 0 42 0 0 
0 0 0 0 0 0 0 0 0 0 0 0 0 0 0 0 0 0 0 0 0 0 0 0 0 0 0 0 0 0 0 1 0 1 0 0 13 0 0 0 0 148 0 0 0 0 0 0 0 0 0 0 0 0 0 0 11 0 230 2860 0 19 4 0 20 11501 0 0 0 6283 2494 1 922 0 6 47 0 117 0 0 9 0 0 
0 0 0 0 0 0 0 0 0 0 0 0 0 0 0 0 0 0 0 0 0 0 0 5 0 23 0 0 0 0 0 0 0 0 0 0 0 0 0 63 0 0 0 0 0 0 0 0 0 0 0 0 0 0 55 235 0 0 0 0 23 6 400 20 0 1501 1 0 0 0 0 0 0 0 0 0 0 0 0 0 29 0 0 
0 0 0 0 0 0 0 0 0 0 0 0 0 0 0 0 0 0 0 0 0 0 0 0 0 8 0 0 0 0 0 0 0 0 0 0 0 0 0 11 0 1 0 0 0 0 0 0 0 0 0 0 0 0 0 41 0 0 58 3583 9 570 1276 11501 1501 0 16 0 0 369 39 0 1 0 0 242 0 161 66 0 406 60 44 
0 0 0 0 0 0 0 0 0 0 0 0 0 0 0 0 0 0 0 0 0 0 0 0 0 0 0 0 0 0 0 0 0 0 19 0 0 0 0 128 0 0 0 0 0 0 0 0 0 0 0 0 0 0 0 194 0 0 0 0 0 0 0 0 1 16 0 39 0 0 0 0 0 0 0 13 0 0 0 0 474 1 0 
0 0 0 0 0 0 0 0 0 0 0 0 0 0 0 0 0 0 0 0 0 0 0 0 0 0 0 0 0 0 0 0 0 0 0 0 0 0 0 0 0 0 0 0 0 0 0 0 0 0 0 0 0 0 0 0 0 0 0 0 0 0 0 0 0 0 39 0 0 0 0 0 0 0 13 16 0 5 4 0 637 69 7 
0 0 0 0 0 0 0 0 0 0 0 0 0 0 0 0 0 0 0 0 0 0 0 0 0 0 0 0 0 0 0 0 0 0 0 0 0 0 0 0 0 1202 0 0 0 0 0 0 0 0 0 0 0 0 0 0 0 0 0 0 0 0 0 0 0 0 0 0 0 2 9 0 0 0 901 0 0 1373 254 0 0 219 0 
0 0 0 0 0 0 0 0 0 0 0 0 0 0 0 0 0 0 0 0 0 0 0 0 0 0 0 0 0 0 0 1 0 0 0 0 0 0 0 3 0 174 0 0 0 0 0 5 0 0 0 0 0 0 0 0 551 5 665 4299 5 171 20 6283 0 369 0 0 2 0 2003 50 1438 0 89 900 0 1757 9 0 179 0 135 
0 0 0 0 0 0 0 0 0 0 0 0 0 0 0 0 0 0 0 1 0 0 0 0 0 0 0 0 0 0 1 3 0 4 0 0 10 0 0 7 0 88 0 0 0 0 5 0 0 0 8224 0 0 0 0 0 3873 2842 2965 5119 0 1 0 2494 0 39 0 0 9 2003 0 89 759 0 559 331 0 874 0 0 8 0 1 
0 0 0 0 0 0 0 0 0 0 0 0 0 0 0 0 0 0 0 0 0 0 0 0 0 0 0 0 0 0 0 0 0 0 0 0 0 0 0 0 0 0 0 0 0 0 0 0 0 0 1941 0 0 0 0 0 2768 5853 95 0 0 0 0 1 0 0 0 0 0 50 89 0 192 0 14 0 0 0 0 0 0 0 0 
0 0 0 0 0 0 0 0 0 0 0 0 0 0 0 0 0 0 0 48 0 0 0 0 0 0 0 0 0 2 14 53 0 9 3 0 5 0 0 2 0 4827 0 0 1 0 0 7 0 0 0 0 0 0 0 0 503 1080 1656 1104 0 0 0 922 0 1 0 0 0 1438 759 192 0 364 1217 61 0 169 0 0 0 0 1 
0 0 0 0 0 0 0 0 0 0 0 0 0 0 0 0 0 0 0 0 0 0 0 0 0 0 0 0 0 0 0 0 0 0 0 0 0 0 0 0 0 0 0 0 0 0 0 0 0 0 0 0 0 0 0 0 92 0 545 0 0 0 0 0 0 0 0 0 0 0 0 0 364 0 168 0 0 0 0 0 0 0 0 
0 0 0 0 0 0 0 0 0 0 0 0 0 0 0 0 0 0 0 2 0 0 0 0 0 0 0 0 0 0 1 2 0 1 0 0 0 0 0 0 0 2354 376 0 0 2630 23 2341 1695 3502 3556 0 0 0 0 0 1434 12 103 28 0 0 0 6 0 0 0 13 901 89 559 14 1217 168 0 17 0 176 0 0 0 0 0 
0 0 0 0 0 0 6 5 0 2 42 0 81 0 0 23 0 272 0 38 0 0 0 0 0 0 0 0 0 5 10 92 0 31 2521 38 186 0 0 118 0 55 0 0 0 911 0 4029 30413 29 17374 151 0 24 0 0 5329 0 3755 866 1724 0 0 47 0 242 13 16 0 900 331 0 61 0 17 0 508 136 26 0 388 32 587 
9 0 0 0 0 1 4 0 0 0 0 4 35 0 0 0 0 0 0 0 0 0 0 0 0 0 0 0 0 0 0 0 0 0 157 2 1 0 0 0 0 2135 47 0 0 325 0 21186 5816 0 2055 395 89 20 0 0 109 0 3 2 14 0 0 0 0 0 0 0 0 0 0 0 0 0 0 508 0 1 0 10 0 0 7 
0 16 0 0 0 0 3 0 0 0 0 0 87 0 0 0 0 5 0 1039 9 0 10 0 0 0 0 0 0 31 402 1411 0 526 18 0 1675 0 0 17 1 6194 5271 0 4 6946 5 13892 10644 1662 17789 0 0 46 0 0 7665 0 7303 2884 34 0 0 117 0 161 0 5 1373 1757 874 0 169 0 176 136 1 0 0 59 4 0 1075 
0 8 0 0 0 0 0 0 0 0 0 0 1 0 0 0 0 0 0 0 0 0 0 0 0 0 0 0 0 0 0 4 0 1 8 0 250 0 0 3 1 15 1 0 0 230 0 1306 643 17 2609 0 0 2 0 0 337 0 361 0 20 0 0 0 0 66 0 4 254 9 0 0 0 0 0 26 0 0 0 0 0 0 5304 
0 0 0 0 0 0 0 0 0 0 0 0 0 0 0 0 0 0 0 0 0 0 0 0 0 0 0 0 0 0 0 0 0 0 0 0 0 0 0 0 0 224 0 1 0 0 0 32 0 0 0 0 0 0 0 0 0 0 0 9 0 0 0 0 0 0 0 0 0 0 0 0 0 0 0 0 10 59 0 0 0 0 0 
0 0 0 0 0 0 0 0 0 0 0 0 0 0 0 0 0 0 0 0 0 0 0 0 0 24 0 0 0 0 1 12 0 6 0 0 24 0 0 67 0 0 0 0 0 0 0 0 0 0 0 0 0 0 0 0 0 0 31 23 3 8 42 9 29 406 474 637 0 179 8 0 0 0 0 388 0 4 0 0 0 26 95 
0 0 0 0 0 0 0 0 0 0 0 0 0 0 0 0 0 0 0 0 0 0 0 0 0 0 0 0 0 0 0 0 0 0 0 0 0 0 0 0 0 0 0 0 0 0 0 0 0 0 0 0 0 0 0 0 0 0 0 0 0 0 0 0 0 60 1 69 219 0 0 0 0 0 0 32 0 0 0 0 26 0 24 
0 91 0 4 3 0 0 3373 0 7656 0 0 0 27 0 264 0 298 0 250 0 0 0 0 0 0 0 0 0 0 0 89 0 41 247 0 5766 5974 0 13 0 4 0 0 57 1 0 5 1856 67 8331 1 0 0 0 0 1851 0 3361 1 402 0 0 0 0 44 0 7 0 135 1 0 1 0 0 587 7 1075 5304 0 95 24 0 
