0 1540 2450 12 743 0 5162 0 0 0 0 40 0 0 0 0 0 0 0 0 0 0 0 0 0 0 0 0 0 0 0 0 0 255 0 0 0 0 0 0 0 0 0 0 0 0 0 0 0 0 0 0 0 0 0 0 0 0 0 0 0 0 0 0 0 0 0 0 0 0 0 0 0 0 0 0 0 0 0 0 0 0 0 
1540 0 0 0 1 0 22 0 0 0 0 0 0 0 0 0 0 0 0 0 0 0 0 0 0 0 0 0 0 0 0 0 0 1893 0 0 0 0 0 0 0 0 0 0 0 0 0 0 0 0 0 0 0 0 0 0 0 0 0 0 0 0 0 0 0 0 0 0 0 0 0 0 0 0 0 0 0 0 0 0 0 0 0 
2450 0 0 45 0 0 0 0 0 0 0 321 0 0 0 0 0 0 0 0 0 0 0 0 0 0 0 0 0 0 0 0 0 380 0 429 2 0 577 0 0 0 0 0 57 0 0 1186 0 0 0 0 1 0 0 0 0 0 0 0 0 0 0 0 0 0 0 0 0 0 0 0 0 0 0 0 0 0 0 0 0 0 0 
12 0 45 0 0 0 15 591 0 0 0 46 7 0 0 0 0 0 0 0 0 0 0 0 0 0 0 0 0 0 0 0 0 0 0 0 0 0 2 0 0 0 0 0 0 0 0 286 113 0 0 0 0 0 0 0 0 0 0 0 0 0 0 0 0 0 0 0 0 0 0 0 0 0 0 0 0 0 0 0 0 0 0 
743 1 0 0 0 130 110 13 0 0 0 0 0 0 0 0 0 0 0 0 0 0 0 0 0 0 0 0 0 0 0 0 0 1080 0 0 0 0 0 0 0 0 0 0 0 0 0 0 0 0 0 0 0 0 0 0 0 0 0 0 0 0 0 0 0 0 0 0 0 0 0 0 0 0 0 0 0 0 0 0 0 0 0 
0 0 0 0 130 0 346 2049 2744 571 0 0 0 0 0 28 1273 0 1 0 0 0 0 0 0 0 0 0 135 39 38 80 0 347 0 0 4 0 0 0 0 0 0 0 0 0 0 0 0 0 0 0 0 0 0 0 0 0 0 0 0 0 0 0 0 0 0 0 0 0 0 0 0 0 0 0 0 0 0 0 0 0 0 
5162 22 0 15 110 346 0 33 230 0 0 862 1965 0 0 0 0 0 0 0 0 0 0 2 2 0 0 0 0 0 0 1787 0 11783 254 10682 6884 1162 48 19 0 0 0 1 0 0 0 4791 2238 1 0 0 502 2 0 0 0 0 17 1 0 4 0 0 0 0 0 0 0 0 0 0 3 6 37 0 0 53 0 0 0 0 62 
0 0 0 591 13 2049 33 0 190 73 4 696 14772 7281 0 0 2 0 0 0 0 0 0 0 0 0 0 0 1 0 0 0 0 4097 7335 3522 3178 3236 0 0 0 0 0 0 0 0 2 664 7221 0 0 0 388 203 48 0 0 0 0 0 0 0 0 0 0 0 0 0 0 0 0 0 0 0 11 0 0 0 0 0 0 0 1556 
0 0 0 0 0 2744 230 190 0 1429 0 0 0 0 0 4 263 0 5 0 0 0 0 0 0 0 0 0 210 353 10 0 0 1714 0 0 956 44 0 0 0 0 0 0 0 0 0 0 0 0 0 0 0 0 0 0 0 0 0 0 0 0 0 0 0 0 0 0 0 0 0 0 0 0 0 0 0 0 0 0 0 0 0 
0 0 0 0 0 571 0 73 1429 0 674 0 0 7019 0 2412 5060 366 723 0 0 0 0 0 0 0 0 0 675 1064 68 78 0 1396 17293 1347 3450 816 0 0 0 0 0 0 0 0 0 0 398 0 7601 338 0 0 898 0 231 0 40 0 5 0 0 0 0 0 0 0 0 0 0 0 0 0 0 0 0 0 0 0 0 0 3737 
0 0 0 0 0 0 0 4 0 674 0 0 8 1289 0 19 0 1404 0 454 0 0 0 0 0 0 0 0 0 0 0 0 0 0 0 0 0 0 0 0 0 0 0 0 0 0 0 0 0 0 0 0 0 0 0 0 0 0 0 0 0 0 0 0 0 0 0 0 0 0 0 0 0 0 0 0 0 0 0 0 0 0 0 
40 0 321 46 0 0 862 696 0 0 0 0 212 0 0 0 0 0 0 0 0 0 0 0 0 0 0 0 0 0 0 0 0 0 0 0 0 0 0 0 0 0 0 2 117 0 0 954 198 0 0 0 0 0 0 0 0 0 0 0 0 0 0 0 0 0 0 0 0 0 0 0 0 0 0 0 0 0 0 0 0 0 0 
0 0 0 7 0 0 1965 14772 0 0 8 212 0 0 0 0 0 0 0 0 0 0 0 0 0 0 0 0 0 0 0 0 0 0 0 0 0 0 0 0 0 0 0 0 0 0 0 139 846 0 0 0 7 2 0 0 0 0 0 0 0 0 0 0 0 0 0 0 0 0 0 0 0 0 1 0 0 0 0 0 0 0 0 
0 0 0 0 0 0 0 7281 0 7019 1289 0 0 0 292 2195 0 6425 0 4678 0 0 0 0 0 0 0 0 0 0 0 0 0 0 0 0 0 0 0 0 0 0 0 0 0 0 0 0 60 0 60 20 0 1 13 0 42 0 43 0 89 0 0 0 0 0 0 0 0 0 0 0 0 0 0 0 0 0 0 0 0 0 0 
0 0 0 0 0 0 0 0 0 0 0 0 0 292 0 0 172 6615 32 3631 114 0 0 5 0 48 0 0 0 0 0 3 304 183 940 0 785 4 0 52 1 0 0 0 0 0 0 0 0 0 0 0 0 0 11 7 0 0 1 8 243 205 0 0 7 0 0 0 0 0 1 3 0 0 0 0 0 0 0 0 3 0 981 
0 0 0 0 0 28 0 0 4 2412 19 0 0 2195 0 0 4024 365 20 0 0 0 0 0 0 0 0 0 45 181 18 1 0 62 7779 818 4693 14 0 286 0 0 0 0 0 0 0 0 0 0 0 30 0 0 40 0 123 0 1498 0 1589 0 0 0 0 0 0 0 0 0 0 0 0 0 0 0 0 0 0 0 0 0 4509 
0 0 0 0 0 1273 0 2 263 5060 0 0 0 0 172 4024 0 727 1925 0 0 0 0 0 0 0 0 0 773 3062 1016 98 12 2311 0 0 1328 0 0 1 0 0 0 0 0 0 0 0 0 0 0 0 0 0 0 0 0 0 0 0 0 0 0 0 0 0 0 0 0 0 0 0 0 0 0 0 0 0 0 0 0 0 20 
0 0 0 0 0 0 0 0 0 366 1404 0 0 6425 6615 365 727 0 2630 818 635 403 37 3 6 59 0 0 8 174 136 357 499 423 6197 1376 1939 3 0 274 0 0 0 0 0 0 0 0 0 0 0 0 0 0 399 772 0 0 912 7 5255 51 0 0 0 0 0 0 0 27 119 89 177 1 0 324 0 81 0 0 0 0 2272 
0 0 0 0 0 1 0 0 5 723 0 0 0 0 32 20 1925 2630 0 0 0 0 838 0 322 0 0 0 3450 1989 2987 2380 1788 1034 2 0 1140 1 0 10 0 0 0 0 0 0 0 0 0 0 0 0 0 0 0 6 0 0 0 0 2 0 0 0 0 0 0 0 0 0 0 0 0 0 0 0 0 0 0 0 0 0 52 
0 0 0 0 0 0 0 0 0 0 454 0 0 4678 3631 0 0 818 0 0 225 1 0 1 0 226 0 0 0 0 0 0 0 3 0 0 0 0 0 265 0 0 0 0 0 0 0 0 0 0 0 0 0 0 0 36 0 0 10 0 150 326 0 0 0 0 0 0 0 0 0 0 0 0 0 0 0 0 0 0 0 0 0 
0 0 0 0 0 0 0 0 0 0 0 0 0 0 114 0 0 635 0 225 0 539 40 42 0 2 0 0 0 0 0 0 0 0 0 0 0 0 0 19 0 0 0 0 0 0 0 0 0 0 0 0 0 0 2 141 0 0 298 47 1294 1585 0 0 5 0 0 0 0 0 0 1 0 0 0 0 0 0 0 0 0 0 3 
0 0 0 0 0 0 0 0 0 0 0 0 0 0 0 0 0 403 0 1 539 0 26 497 0 0 0 0 0 0 0 106 0 255 0 0 140 0 0 4 0 0 0 0 0 0 0 0 0 0 0 0 0 0 0 98 0 0 1870 1457 3261 2512 0 0 18 0 0 0 0 0 0 0 0 0 0 0 0 0 0 0 0 0 31 
0 0 0 0 0 0 0 0 0 0 0 0 0 0 0 0 0 37 838 0 40 26 0 125 597 0 0 0 697 2195 331 6379 206 2902 0 0 2139 0 0 40 0 0 0 0 0 0 0 0 0 0 0 0 0 0 0 19 0 0 424 3058 436 216 0 0 0 0 0 0 0 25 114 62 223 24 0 0 0 0 0 0 0 0 210 
0 0 0 0 0 0 2 0 0 0 0 0 0 0 5 0 0 3 0 1 42 497 125 0 30 0 0 0 0 81 240 2722 0 3481 0 0 373 0 0 0 0 0 0 0 0 0 0 0 0 0 0 0 0 0 0 0 0 0 700 483 528 594 1 0 22 0 0 0 0 0 0 0 0 0 0 0 0 0 0 0 0 0 0 
0 0 0 0 0 0 2 0 0 0 0 0 0 0 0 0 0 6 322 0 0 0 597 30 0 9 0 13 1905 595 11 4273 0 196 6 0 4 0 0 10 0 0 0 0 0 0 0 0 0 0 0 0 0 0 0 0 0 0 0 0 0 0 0 0 0 0 0 0 0 0 0 0 0 0 0 0 0 0 0 0 0 0 0 
0 0 0 0 0 0 0 0 0 0 0 0 0 0 48 0 0 59 0 226 2 0 0 0 9 0 0 9 36 0 0 139 0 5 0 0 0 0 0 105 0 0 0 0 0 0 0 0 0 0 0 0 0 0 0 0 0 0 0 0 6 4 0 0 0 0 0 0 0 0 0 0 0 0 0 0 0 0 0 0 0 0 0 
0 0 0 0 0 0 0 0 0 0 0 0 0 0 0 0 0 0 0 0 0 0 0 0 0 0 0 0 0 0 0 0 0 0 0 0 0 0 0 0 0 0 0 0 0 0 0 0 0 0 0 0 0 0 0 0 0 0 0 0 0 0 0 0 0 0 0 0 0 0 0 0 0 0 0 0 0 0 0 0 0 0 0 
0 0 0 0 0 0 0 0 0 0 0 0 0 0 0 0 0 0 0 0 0 0 0 0 13 9 0 0 0 0 0 0 0 0 0 0 708 3 0 166 56 0 0 0 0 0 0 0 0 0 0 0 0 0 0 0 0 0 0 0 0 0 0 0 0 0 0 0 0 0 0 0 0 0 0 0 0 0 0 0 0 0 0 
0 0 0 0 0 135 0 1 210 675 0 0 0 0 0 45 773 8 3450 0 0 0 697 0 1905 36 0 0 0 1295 62 690 0 483 0 0 483 0 0 17 0 0 0 0 0 0 0 0 0 0 0 0 0 0 0 0 0 0 0 0 0 0 0 0 0 0 0 0 0 0 0 0 0 0 0 0 0 0 0 0 0 0 0 
0 0 0 0 0 39 0 0 353 1064 0 0 0 0 0 181 3062 174 1989 0 0 0 2195 81 595 0 0 0 1295 0 308 277 0 110 0 0 44 0 0 0 0 0 0 0 0 0 0 0 0 0 0 0 0 0 0 0 0 0 0 0 0 0 0 0 0 0 0 0 0 0 0 0 0 0 0 0 0 0 0 0 0 0 0 
0 0 0 0 0 38 0 0 10 68 0 0 0 0 0 18 1016 136 2987 0 0 0 331 240 11 0 0 0 62 308 0 503 0 549 0 0 753 0 0 0 0 0 0 0 0 0 0 0 0 0 0 0 0 0 0 0 0 0 0 0 0 0 0 0 0 0 0 0 0 0 0 0 0 0 0 0 0 0 0 0 0 0 0 
0 0 0 0 0 80 1787 0 0 78 0 0 0 0 3 1 98 357 2380 0 0 106 6379 2722 4273 139 0 0 690 277 503 0 2 911 122 0 1145 16 0 65 1 0 0 0 0 0 0 0 0 0 0 0 0 0 0 0 0 0 0 0 0 0 0 0 3 0 0 0 0 0 0 0 0 0 0 0 0 0 0 0 0 0 1 
0 0 0 0 0 0 0 0 0 0 0 0 0 0 304 0 12 499 1788 0 0 0 206 0 0 0 0 0 0 0 0 2 0 67 0 0 4 0 0 0 0 0 0 0 0 0 0 0 0 0 0 0 0 0 0 7 0 0 0 0 4 0 0 0 0 0 0 0 0 0 0 0 0 0 0 0 0 0 0 0 0 0 0 
255 1893 380 0 1080 347 11783 4097 1714 1396 0 0 0 0 183 62 2311 423 1034 3 0 255 2902 3481 196 5 0 0 483 110 549 911 67 0 122 0 154 1 0 1 0 0 0 0 0 0 0 0 0 0 0 0 0 0 0 80 0 0 99 51 33 37 0 0 2 0 0 0 0 0 1 2 30 32 44 0 0 37 0 0 0 0 4 
0 0 0 0 0 0 254 7335 0 17293 0 0 0 0 940 7779 0 6197 2 0 0 0 0 0 6 0 0 0 0 0 0 122 0 122 0 350 179 17 0 0 0 0 0 0 0 0 0 0 0 0 0 0 0 0 0 264 1 33 417 67 948 58 0 0 0 0 0 0 0 6 97 343 474 635 734 264 2 1099 0 1 113 0 1188 
0 0 429 0 0 0 10682 3522 0 1347 0 0 0 0 0 818 0 1376 0 0 0 0 0 0 0 0 0 0 0 0 0 0 0 0 350 0 7 93 0 0 0 0 0 0 0 0 0 0 0 0 0 0 0 0 0 0 0 0 126 0 246 0 0 0 0 0 0 0 0 0 0 0 0 0 0 122 0 14 0 0 0 0 442 
0 0 2 0 0 4 6884 3178 956 3450 0 0 0 0 785 4693 1328 1939 1140 0 0 140 2139 373 4 0 0 708 483 44 753 1145 4 154 179 7 0 0 0 19 0 0 0 0 0 0 0 0 0 0 0 0 0 0 0 195 0 2 192 583 67 158 1 0 0 0 0 0 0 6 13 55 413 366 276 0 0 68 0 0 0 0 683 
0 0 0 0 0 0 1162 3236 44 816 0 0 0 0 4 14 0 3 1 0 0 0 0 0 0 0 0 3 0 0 0 16 0 1 17 93 0 0 0 0 0 0 0 0 0 0 0 0 0 0 0 0 0 0 0 1 0 0 0 0 3 0 0 0 0 0 0 0 0 0 0 0 0 0 0 0 0 0 0 0 0 0 528 
0 0 577 2 0 0 48 0 0 0 0 0 0 0 0 0 0 0 0 0 0 0 0 0 0 0 0 0 0 0 0 0 0 0 0 0 0 0 0 0 0 0 0 0 0 0 0 0 0 0 0 0 0 0 0 0 0 0 0 0 0 0 0 0 0 0 0 0 0 0 0 0 0 0 0 0 0 0 0 0 0 0 0 
0 0 0 0 0 0 19 0 0 0 0 0 0 0 52 286 1 274 10 265 19 4 40 0 10 105 0 166 17 0 0 65 0 1 0 0 19 0 0 0 0 0 0 0 0 0 0 0 0 0 0 0 0 0 0 6 0 0 0 0 628 2527 82 0 25 0 0 0 0 2 2 7 35 3 31 3 0 76 0 0 152 0 2 
0 0 0 0 0 0 0 0 0 0 0 0 0 0 1 0 0 0 0 0 0 0 0 0 0 0 0 56 0 0 0 1 0 0 0 0 0 0 0 0 0 0 0 0 0 0 0 0 0 0 0 0 0 0 0 0 0 0 0 0 0 0 0 0 0 0 0 0 0 0 0 0 0 0 0 0 0 0 0 0 0 0 0 
0 0 0 0 0 0 0 0 0 0 0 0 0 0 0 0 0 0 0 0 0 0 0 0 0 0 0 0 0 0 0 0 0 0 0 0 0 0 0 0 0 0 1722 98 28 1773 3 3306 0 0 0 0 86 0 0 0 0 0 0 0 0 0 0 0 0 0 0 0 0 0 0 0 250 0 169 0 5 29 0 0 29 0 0 
0 0 0 0 0 0 0 0 0 0 0 0 0 0 0 0 0 0 0 0 0 0 0 0 0 0 0 0 0 0 0 0 0 0 0 0 0 0 0 0 0 1722 0 0 0 0 0 0 0 0 0 0 0 0 0 0 0 0 0 0 0 0 0 0 0 0 0 0 0 0 0 0 2 0 4 0 0 113 0 0 2 0 0 
0 0 0 0 0 0 1 0 0 0 0 2 0 0 0 0 0 0 0 0 0 0 0 0 0 0 0 0 0 0 0 0 0 0 0 0 0 0 0 0 0 98 0 0 3 0 0 0 0 0 0 0 567 0 0 0 0 0 0 0 0 0 0 0 0 0 0 0 0 0 0 0 0 0 0 0 0 0 0 0 0 0 0 
0 0 57 0 0 0 0 0 0 0 0 117 0 0 0 0 0 0 0 0 0 0 0 0 0 0 0 0 0 0 0 0 0 0 0 0 0 0 0 0 0 28 0 3 0 0 0 1 0 0 0 0 4 0 0 0 0 0 0 0 0 0 0 0 0 0 0 0 0 0 0 0 0 0 0 0 0 0 0 0 0 0 0 
0 0 0 0 0 0 0 0 0 0 0 0 0 0 0 0 0 0 0 0 0 0 0 0 0 0 0 0 0 0 0 0 0 0 0 0 0 0 0 0 0 1773 0 0 0 0 18 30 0 0 0 0 0 0 0 0 0 0 0 0 0 0 0 0 0 1 0 0 0 0 0 0 126 0 2799 0 0 966 1 0 66 0 0 
0 0 0 0 0 0 0 2 0 0 0 0 0 0 0 0 0 0 0 0 0 0 0 0 0 0 0 0 0 0 0 0 0 0 0 0 0 0 0 0 0 3 0 0 0 18 0 622 2312 1893 411 0 0 0 0 0 5 0 0 0 0 0 0 0 0 0 0 0 0 0 0 0 0 0 796 0 0 0 0 0 0 0 0 
0 0 1186 286 0 0 4791 664 0 0 0 954 139 0 0 0 0 0 0 0 0 0 0 0 0 0 0 0 0 0 0 0 0 0 0 0 0 0 0 0 0 3306 0 0 1 30 622 0 1269 1325 0 0 1794 0 0 0 0 0 0 0 0 0 0 0 0 0 0 0 0 0 0 0 293 0 5457 2 17414 9791 880 256 107 0 0 
0 0 0 113 0 0 2238 7221 0 398 0 198 846 60 0 0 0 0 0 0 0 0 0 0 0 0 0 0 0 0 0 0 0 0 0 0 0 0 0 0 0 0 0 0 0 0 2312 1269 0 803 149 714 1721 6771 2806 0 0 0 0 0 1 0 0 0 0 0 0 0 0 0 0 0 0 0 3288 1940 1454 2159 560 0 0 0 1969 
0 0 0 0 0 0 1 0 0 0 0 0 0 0 0 0 0 0 0 0 0 0 0 0 0 0 0 0 0 0 0 0 0 0 0 0 0 0 0 0 0 0 0 0 0 0 1893 1325 803 0 5199 0 0 0 0 0 68 0 0 0 0 0 0 0 0 0 0 0 0 0 0 0 0 0 1888 323 147 1504 98 0 0 0 263 
0 0 0 0 0 0 0 0 0 7601 0 0 0 60 0 0 0 0 0 0 0 0 0 0 0 0 0 0 0 0 0 0 0 0 0 0 0 0 0 0 0 0 0 0 0 0 411 0 149 5199 0 310 0 0 1668 0 4425 823 0 5 0 0 0 0 0 0 0 0 0 24 146 821 495 0 5916 10853 1805 10127 44 0 446 0 4413 
0 0 0 0 0 0 0 0 0 338 0 0 0 20 0 30 0 0 0 0 0 0 0 0 0 0 0 0 0 0 0 0 0 0 0 0 0 0 0 0 0 0 0 0 0 0 0 0 714 0 310 0 0 3 1647 0 12 0 5 0 0 0 0 0 0 0 0 0 0 0 0 0 0 0 0 0 0 0 0 0 0 0 0 
0 0 1 0 0 0 502 388 0 0 0 0 7 0 0 0 0 0 0 0 0 0 0 0 0 0 0 0 0 0 0 0 0 0 0 0 0 0 0 0 0 86 0 567 4 0 0 1794 1721 0 0 0 0 0 0 0 0 0 0 0 0 0 0 0 0 0 0 0 0 0 0 0 0 0 0 0 0 0 0 0 0 0 0 
0 0 0 0 0 0 2 203 0 0 0 0 2 1 0 0 0 0 0 0 0 0 0 0 0 0 0 0 0 0 0 0 0 0 0 0 0 0 0 0 0 0 0 0 0 0 0 0 6771 0 0 3 0 0 21 132 0 0 0 0 274 0 0 0 0 0 0 0 0 0 0 0 0 0 0 0 0 0 0 0 0 0 0 
0 0 0 0 0 0 0 48 0 898 0 0 0 13 11 40 0 399 0 0 2 0 0 0 0 0 0 0 0 0 0 0 0 0 0 0 0 0 0 0 0 0 0 0 0 0 0 0 2806 0 1668 1647 0 21 0 738 632 0 310 0 4560 0 0 0 0 0 0 0 0 0 0 0 0 0 0 0 0 0 0 0 0 0 0 
0 0 0 0 0 0 0 0 0 0 0 0 0 0 7 0 0 772 6 36 141 98 19 0 0 0 0 0 0 0 0 0 7 80 264 0 195 1 0 6 0 0 0 0 0 0 0 0 0 0 0 0 0 132 738 0 0 65 1 876 2351 0 0 0 17 0 30 16 0 21 231 421 324 314 169 2 0 319 0 0 261 0 282 
0 0 0 0 0 0 0 0 0 231 0 0 0 42 0 123 0 0 0 0 0 0 0 0 0 0 0 0 0 0 0 0 0 0 1 0 0 0 0 0 0 0 0 0 0 0 5 0 0 68 4425 12 0 0 632 0 0 3397 709 598 0 0 0 0 0 0 0 0 0 27 95 2854 854 0 2802 4373 182 7425 1038 0 65 0 1445 
0 0 0 0 0 0 0 0 0 0 0 0 0 0 0 0 0 0 0 0 0 0 0 0 0 0 0 0 0 0 0 0 0 0 33 0 2 0 0 0 0 0 0 0 0 0 0 0 0 0 823 0 0 0 0 65 3397 0 2183 217 3 0 0 0 0 0 0 0 0 23 217 7539 4846 0 29 0 0 0 0 0 0 0 29 
0 0 0 0 0 0 17 0 0 40 0 0 0 43 1 1498 0 912 0 10 298 1870 424 700 0 0 0 0 0 0 0 0 0 99 417 126 192 0 0 0 0 0 0 0 0 0 0 0 0 0 0 5 0 0 310 1 709 2183 0 7282 220 89 263 2056 61 274 0 0 0 316 779 1192 1572 127 319 2365 25 3111 0 0 0 0 477 
0 0 0 0 0 0 1 0 0 0 0 0 0 0 8 0 0 7 0 0 47 1457 3058 483 0 0 0 0 0 0 0 0 0 51 67 0 583 0 0 0 0 0 0 0 0 0 0 0 0 0 5 0 0 0 0 876 598 217 7282 0 1075 6 11 336 0 0 0 0 0 769 1410 1200 1084 34 0 0 0 0 0 0 0 0 44 
0 0 0 0 0 0 0 0 0 5 0 0 0 89 243 1589 0 5255 2 150 1294 3261 436 528 0 6 0 0 0 0 0 0 4 33 948 246 67 3 0 628 0 0 0 0 0 0 0 0 1 0 0 0 0 274 4560 2351 0 3 220 1075 0 22 0 0 5 0 10 0 0 16 68 337 42 29 77 13 0 347 0 0 48 0 164 
0 0 0 0 0 0 4 0 0 0 0 0 0 0 205 0 0 51 0 326 1585 2512 216 594 0 4 0 0 0 0 0 0 0 37 58 0 158 0 0 2527 0 0 0 0 0 0 0 0 0 0 0 0 0 0 0 0 0 0 89 6 22 0 1094 156 20 0 0 0 0 80 199 9 670 3 0 0 0 0 0 0 0 0 0 
0 0 0 0 0 0 0 0 0 0 0 0 0 0 0 0 0 0 0 0 0 0 0 1 0 0 0 0 0 0 0 0 0 0 0 0 1 0 0 82 0 0 0 0 0 0 0 0 0 0 0 0 0 0 0 0 0 0 263 11 0 1094 0 118 230 2 0 0 0 3364 2350 172 3214 0 1 0 0 0 0 0 0 0 0 
0 0 0 0 0 0 0 0 0 0 0 0 0 0 0 0 0 0 0 0 0 0 0 0 0 0 0 0 0 0 0 0 0 0 0 0 0 0 0 0 0 0 0 0 0 0 0 0 0 0 0 0 0 0 0 0 0 0 2056 336 0 156 118 0 8 429 0 0 0 2541 1296 130 160 0 0 0 0 0 0 0 0 0 0 
0 0 0 0 0 0 0 0 0 0 0 0 0 0 7 0 0 0 0 0 5 18 0 22 0 0 0 0 0 0 0 3 0 2 0 0 0 0 0 25 0 0 0 0 0 0 0 0 0 0 0 0 0 0 0 17 0 0 61 0 5 20 230 8 0 36 0 0 0 2541 8674 0 2200 0 0 0 0 3 0 0 66 0 0 
0 0 0 0 0 0 0 0 0 0 0 0 0 0 0 0 0 0 0 0 0 0 0 0 0 0 0 0 0 0 0 0 0 0 0 0 0 0 0 0 0 0 0 0 0 1 0 0 0 0 0 0 0 0 0 0 0 0 274 0 0 0 2 429 36 0 1 0 546 1866 1456 0 1064 0 0 70 0 126 0 0 75 0 0 
0 0 0 0 0 0 0 0 0 0 0 0 0 0 0 0 0 0 0 0 0 0 0 0 0 0 0 0 0 0 0 0 0 0 0 0 0 0 0 0 0 0 0 0 0 0 0 0 0 0 0 0 0 0 0 30 0 0 0 0 10 0 0 0 0 1 0 5 1 0 29 0 16 0 0 8 0 23 0 0 42 0 0 
0 0 0 0 0 0 0 0 0 0 0 0 0 0 0 0 0 0 0 0 0 0 0 0 0 0 0 0 0 0 0 0 0 0 0 0 0 0 0 0 0 0 0 0 0 0 0 0 0 0 0 0 0 0 0 16 0 0 0 0 0 0 0 0 0 0 5 0 1 0 0 0 0 0 0 0 0 0 0 0 3 0 0 
0 0 0 0 0 0 0 0 0 0 0 0 0 0 0 0 0 0 0 0 0 0 0 0 0 0 0 0 0 0 0 0 0 0 0 0 0 0 0 0 0 0 0 0 0 0 0 0 0 0 0 0 0 0 0 0 0 0 0 0 0 0 0 0 0 546 1 1 0 1 0 0 0 0 1 0 0 1132 113 0 722 79 0 
0 0 0 0 0 0 0 0 0 0 0 0 0 0 0 0 0 27 0 0 0 0 25 0 0 0 0 0 0 0 0 0 0 0 6 0 6 0 0 2 0 0 0 0 0 0 0 0 0 0 24 0 0 0 0 21 27 23 316 769 16 80 3364 2541 2541 1866 0 0 1 0 1012 934 169 0 2 0 0 0 0 0 10 0 26 
0 0 0 0 0 0 0 0 0 0 0 0 0 0 1 0 0 119 0 0 0 0 114 0 0 0 0 0 0 0 0 0 0 1 97 0 13 0 0 2 0 0 0 0 0 0 0 0 0 0 146 0 0 0 0 231 95 217 779 1410 68 199 2350 1296 8674 1456 29 0 0 1012 0 372 280 0 19 0 0 67 0 0 260 0 184 
0 0 0 0 0 0 0 0 0 0 0 0 0 0 3 0 0 89 0 0 1 0 62 0 0 0 0 0 0 0 0 0 0 2 343 0 55 0 0 7 0 0 0 0 0 0 0 0 0 0 821 0 0 0 0 421 2854 7539 1192 1200 337 9 172 130 0 0 0 0 0 934 372 0 354 26 353 0 0 37 0 0 0 0 324 
0 0 0 0 0 0 3 0 0 0 0 0 0 0 0 0 0 177 0 0 0 0 223 0 0 0 0 0 0 0 0 0 0 30 474 0 413 0 0 35 0 250 2 0 0 126 0 293 0 0 495 0 0 0 0 324 854 4846 1572 1084 42 670 3214 160 2200 1064 16 0 0 169 280 354 0 0 80 0 0 470 4 6 2256 0 449 
0 0 0 0 0 0 6 0 0 0 0 0 0 0 0 0 0 1 0 0 0 0 24 0 0 0 0 0 0 0 0 0 0 32 635 0 366 0 0 3 0 0 0 0 0 0 0 0 0 0 0 0 0 0 0 314 0 0 127 34 29 3 0 0 0 0 0 0 0 0 0 26 0 0 18 2 0 0 0 0 0 0 502 
0 0 0 0 0 0 37 11 0 0 0 0 1 0 0 0 0 0 0 0 0 0 0 0 0 0 0 0 0 0 0 0 0 44 734 0 276 0 0 31 0 169 4 0 0 2799 796 5457 3288 1888 5916 0 0 0 0 169 2802 29 319 0 77 0 1 0 0 0 0 0 1 2 19 353 80 18 0 8 112 13 0 29 34 0 344 
0 0 0 0 0 0 0 0 0 0 0 0 0 0 0 0 0 324 0 0 0 0 0 0 0 0 0 0 0 0 0 0 0 0 264 122 0 0 0 3 0 0 0 0 0 0 0 2 1940 323 10853 0 0 0 0 2 4373 0 2365 0 13 0 0 0 0 70 8 0 0 0 0 0 0 2 8 0 77 167 0 0 1073 0 1041 
0 0 0 0 0 0 0 0 0 0 0 0 0 0 0 0 0 0 0 0 0 0 0 0 0 0 0 0 0 0 0 0 0 0 2 0 0 0 0 0 0 5 0 0 0 0 0 17414 1454 147 1805 0 0 0 0 0 182 0 25 0 0 0 0 0 0 0 0 0 0 0 0 0 0 0 112 77 0 33 5 0 0 0 765 
0 0 0 0 0 0 53 0 0 0 0 0 0 0 0 0 0 81 0 0 0 0 0 0 0 0 0 0 0 0 0 0 0 37 1099 14 68 0 0 76 0 29 113 0 0 966 0 9791 2159 1504 10127 0 0 0 0 319 7425 0 3111 0 347 0 0 0 3 126 23 0 1132 0 67 37 470 0 13 167 33 0 0 2 953 0 2192 
0 0 0 0 0 0 0 0 0 0 0 0 0 0 0 0 0 0 0 0 0 0 0 0 0 0 0 0 0 0 0 0 0 0 0 0 0 0 0 0 0 0 0 0 0 1 0 880 560 98 44 0 0 0 0 0 1038 0 0 0 0 0 0 0 0 0 0 0 113 0 0 0 4 0 0 0 5 0 0 0 0 0 1296 
0 0 0 0 0 0 0 0 0 0 0 0 0 0 0 0 0 0 0 0 0 0 0 0 0 0 0 0 0 0 0 0 0 0 1 0 0 0 0 0 0 0 0 0 0 0 0 256 0 0 0 0 0 0 0 0 0 0 0 0 0 0 0 0 0 0 0 0 0 0 0 0 6 0 29 0 0 2 0 0 0 0 0 
0 0 0 0 0 0 0 0 0 0 0 0 0 0 3 0 0 0 0 0 0 0 0 0 0 0 0 0 0 0 0 0 0 0 113 0 0 0 0 152 0 29 2 0 0 66 0 107 0 0 446 0 0 0 0 261 65 0 0 0 48 0 0 0 66 75 42 3 722 10 260 0 2256 0 34 1073 0 953 0 0 0 0 0 
0 0 0 0 0 0 0 0 0 0 0 0 0 0 0 0 0 0 0 0 0 0 0 0 0 0 0 0 0 0 0 0 0 0 0 0 0 0 0 0 0 0 0 0 0 0 0 0 0 0 0 0 0 0 0 0 0 0 0 0 0 0 0 0 0 0 0 0 79 0 0 0 0 0 0 0 0 0 0 0 0 0 0 
0 0 0 0 0 0 62 1556 0 3737 0 0 0 0 981 4509 20 2272 52 0 3 31 210 0 0 0 0 0 0 0 0 1 0 4 1188 442 683 528 0 2 0 0 0 0 0 0 0 0 1969 263 4413 0 0 0 0 282 1445 29 477 44 164 0 0 0 0 0 0 0 0 26 184 324 449 502 344 1041 765 2192 1296 0 0 0 0 
