0 1263 0 125 1103 0 350 0 0 0 0 173 0 0 0 0 1 13 0 0 0 4 197 0 1921 0 155 1646 316 41 1 155 0 1180 11 710 389 3 243 0 1 1973 0 0 132 0 0 2220 0 0 0 0 87 43 0 0 0 0 0 0 0 0 0 0 0 0 0 0 0 0 0 0 0 0 0 0 695 2 0 38 0 0 617 
1263 0 0 0 8 0 4 0 0 0 0 0 0 0 8 0 2 52 0 2 5 18 264 0 268 0 3 0 1 8 0 16 0 738 0 6 2597 0 0 0 0 0 0 0 0 0 0 0 0 0 0 0 0 0 0 0 0 0 0 0 0 0 0 0 0 0 0 0 0 0 1 0 5 0 0 0 0 12 0 0 1 0 0 
0 0 0 499 0 0 0 287 0 0 0 3247 4 0 0 0 0 0 0 0 0 0 0 0 0 0 0 0 0 0 0 0 0 0 0 4 0 0 0 0 0 41 0 0 0 0 0 1491 10 0 0 0 0 119 0 0 0 0 0 0 0 0 0 0 0 0 0 0 0 0 0 0 0 0 0 0 0 0 0 0 0 0 0 
125 0 499 0 0 0 0 11 0 0 0 148 0 0 0 0 0 0 0 0 0 0 0 0 0 0 0 0 0 0 0 0 0 0 0 0 0 0 0 0 0 237 0 0 12 0 0 20 0 0 0 0 15 16 0 0 0 0 0 0 0 0 0 0 0 0 0 0 0 0 0 0 0 0 0 0 10 0 0 1 0 0 0 
1103 8 0 0 0 984 292 5 104 885 0 0 0 0 0 1 1 1 1 0 0 0 1 0 0 0 0 0 0 0 0 1 0 1417 36 444 11440 0 0 0 0 0 0 0 0 0 0 0 0 0 0 0 0 0 0 0 0 0 0 0 0 0 0 0 0 0 0 0 0 0 0 0 0 0 0 0 0 0 0 0 0 0 31 
0 0 0 0 984 0 192 51 1042 2043 0 0 0 0 0 0 0 0 0 0 0 0 0 0 0 0 0 0 0 0 0 0 0 63 0 0 181 0 0 0 0 0 0 0 0 0 0 0 0 0 0 0 0 0 0 0 0 0 0 0 0 0 0 0 0 0 0 0 0 0 0 0 0 0 0 0 0 0 0 0 0 0 0 
350 4 0 0 292 192 0 3150 3657 827 0 1062 2501 0 15 0 3 110 4 1 10 34 618 0 1087 0 151 316 4 5 0 34 0 407 607 12660 11685 686 0 0 0 12 0 0 0 0 0 9227 475 0 0 0 0 589 0 0 0 0 0 0 1 0 0 0 0 0 0 0 0 0 0 0 5 0 2 0 0 34 0 0 3 0 1158 
0 0 287 11 5 51 3150 0 473 625 141 289 13795 8379 0 3 0 0 0 0 0 0 0 0 0 0 0 0 1 0 0 0 0 8 16096 4270 12147 43 0 0 0 0 0 0 0 0 0 2115 25080 0 176 1101 0 794 275 0 5 0 14 0 0 0 0 0 0 0 0 0 0 0 0 0 0 0 0 0 0 1 0 0 0 0 435 
0 0 0 0 104 1042 3657 473 0 8614 0 0 0 0 0 0 0 0 0 0 0 0 0 0 0 0 0 0 0 0 0 0 0 1174 1520 0 7733 0 0 0 0 0 0 0 0 0 0 0 0 0 0 0 0 0 0 0 0 0 0 0 0 0 0 0 0 0 0 0 0 0 0 0 0 0 0 0 0 0 0 0 0 0 12 
0 0 0 0 885 2043 827 625 8614 0 424 0 0 5845 0 1068 974 468 2281 0 0 0 0 0 4 0 0 0 16 128 0 0 0 1934 25183 732 19141 147 0 203 0 0 0 0 0 0 0 0 0 0 101 45 0 0 1715 1 84 0 21 0 4 0 0 0 0 0 0 0 0 0 0 0 0 0 0 0 0 0 0 0 0 0 15562 
0 0 0 0 0 0 0 141 0 424 0 0 2 2422 0 151 0 14 0 2 0 0 0 0 0 0 0 0 0 0 0 0 0 0 0 0 0 0 0 0 0 0 0 0 0 0 0 0 94 0 1642 1228 0 0 238 0 1 0 0 0 0 0 0 0 0 0 0 0 0 0 0 0 0 0 0 0 0 0 0 0 0 0 0 
173 0 3247 148 0 0 1062 289 0 0 0 0 0 0 0 0 0 0 0 0 0 0 0 0 1 0 0 2 0 0 0 0 0 8 0 1 0 0 4 0 0 37 0 0 5 0 0 5 0 0 0 0 4 0 0 0 0 0 0 0 0 0 0 0 0 0 0 0 0 0 0 0 0 0 0 0 0 0 0 0 0 0 0 
0 0 4 0 0 0 2501 13795 0 0 2 0 0 13 0 4 0 0 0 11 0 0 0 0 0 0 0 0 0 0 0 0 0 0 0 0 0 0 0 0 0 0 0 0 0 0 0 6 95 0 0 0 0 1 0 0 0 0 0 0 0 0 0 0 0 0 0 0 0 0 0 0 0 0 0 0 0 0 0 0 0 0 0 
0 0 0 0 0 0 0 8379 0 5845 2422 0 13 0 17 2940 0 3509 0 3122 0 0 0 0 0 0 0 0 0 0 0 0 0 0 0 2 0 0 0 0 0 0 0 0 0 0 0 0 30 0 18 105 0 0 0 0 0 0 0 0 0 0 0 0 0 0 0 0 0 0 0 0 0 0 0 0 0 0 0 0 0 0 0 
0 8 0 0 0 0 15 0 0 0 0 0 0 17 0 2 0 7515 71 7563 2 1 61 24 3 167 1 0 83 32 0 256 0 12 0 0 1154 499 0 88 0 0 0 0 0 0 0 0 0 0 0 0 0 0 0 2 0 0 11 0 224 146 0 0 0 0 0 0 0 0 4 0 13 0 4 0 0 40 0 0 0 0 11 
0 0 0 0 1 0 0 3 0 1068 151 0 4 2940 2 0 7535 4569 4174 23 0 0 0 0 0 0 0 0 1208 2245 95 30 0 2943 5259 348 5694 0 0 0 0 0 0 0 0 0 0 0 0 0 0 8 0 0 682 427 5 0 4 0 627 0 0 0 0 0 0 0 0 0 0 0 0 0 0 0 0 0 0 0 0 0 857 
1 2 0 0 1 0 3 0 0 974 0 0 0 0 0 7535 0 463 1446 0 0 0 0 0 0 0 0 0 557 1694 48 232 2 2184 13 0 1991 0 0 0 0 0 0 0 0 0 0 0 0 0 0 0 0 0 0 0 0 0 0 0 0 0 0 0 0 0 0 0 0 0 0 0 0 0 0 0 0 0 0 0 0 0 157 
13 52 0 0 1 0 110 0 0 468 14 0 0 3509 7515 4569 463 0 7280 2509 0 7 840 7 91 27 1 0 2370 1943 90 1315 2 305 3637 0 2819 955 0 146 0 17 0 0 0 0 0 8 0 0 0 5 0 0 607 2005 2 0 560 0 2034 4880 0 92 0 0 0 0 0 0 42 0 56 0 32 0 0 1731 0 0 0 0 779 
0 0 0 0 1 0 4 0 0 2281 0 0 0 0 71 4174 1446 7280 0 305 0 0 338 0 127 0 0 0 541 5314 200 0 0 542 0 0 1989 5 0 0 0 0 0 0 0 0 0 0 0 0 0 0 0 0 0 0 0 0 0 0 0 0 0 0 0 0 0 0 0 0 0 0 0 0 0 0 0 0 0 0 0 0 0 
0 2 0 0 0 0 1 0 0 0 2 0 11 3122 7563 23 0 2509 305 0 75 4 427 514 27 0 0 0 0 0 0 0 0 0 0 0 546 45 0 22 0 4 0 0 0 0 0 4 0 0 0 0 0 0 38 42 0 0 578 0 151 3490 0 280 2 0 0 0 0 0 7 0 2 0 3 0 0 125 0 0 0 0 1 
0 5 0 0 0 0 10 0 0 0 0 0 0 0 2 0 0 0 0 75 0 543 357 1555 44 0 0 0 0 104 0 2 0 0 0 0 23 0 0 0 0 1 0 0 0 0 0 1 0 0 0 0 0 0 0 0 0 0 555 0 5 631 1 23 1 0 0 0 0 0 0 0 1 0 1 0 0 9 0 0 0 0 0 
4 18 0 0 0 0 34 0 0 0 0 0 0 0 1 0 0 7 0 4 543 0 612 418 256 0 0 0 370 523 0 187 0 7 0 0 289 0 0 39 0 0 0 0 0 0 0 0 0 0 0 0 0 0 0 0 0 0 6 0 22 43 0 0 0 0 0 0 0 0 2 0 25 0 8 0 0 154 3 0 1 0 0 
197 264 0 0 1 0 618 0 0 0 0 0 0 0 61 0 0 840 338 427 357 612 0 64 4717 35 0 0 3944 2181 0 1727 0 803 0 0 2730 0 4 139 0 36 0 0 0 0 0 10 0 0 0 0 0 0 0 3 0 0 1998 0 126 1226 0 1046 0 0 0 0 0 0 37 0 135 0 74 0 0 1631 4 0 5 0 0 
0 0 0 0 0 0 0 0 0 0 0 0 0 0 24 0 0 7 0 514 1555 418 64 0 241 1 0 0 284 6 0 2 0 0 0 0 15 0 0 4 0 0 0 0 0 0 0 0 0 0 0 0 0 0 0 21 0 0 25 0 80 165 0 0 0 0 0 0 0 0 0 0 2 0 3 0 0 2 0 0 0 0 0 
1921 268 0 0 0 0 1087 0 0 4 0 1 0 0 3 0 0 91 127 27 44 256 4717 241 0 15 34 0 492 385 0 242 0 33 40 7 934 123 38 28 0 0 0 0 0 0 0 0 0 0 0 0 0 0 0 5 1 0 9 0 60 7 0 0 0 0 0 0 0 0 0 0 0 0 1 1 0 9 1 0 1 0 0 
0 0 0 0 0 0 0 0 0 0 0 0 0 0 167 0 0 27 0 0 0 0 35 1 15 0 17 0 0 0 0 0 0 0 0 0 7 1 0 112 0 0 0 0 0 0 0 0 0 0 0 0 0 0 0 125 0 0 0 0 18 74 0 0 9 0 5 0 0 0 0 0 0 0 0 1 0 0 0 0 0 0 0 
155 3 0 0 0 0 151 0 0 0 0 0 0 0 1 0 0 1 0 0 0 0 0 0 34 17 0 0 0 1 0 0 0 267 9 0 1199 278 8 371 0 0 0 0 0 0 0 0 0 0 0 0 0 0 0 1 0 0 17 0 17 0 0 0 0 0 0 0 0 0 0 0 0 0 0 6 0 6 0 0 0 0 0 
1646 0 0 0 0 0 316 0 0 0 0 2 0 0 0 0 0 0 0 0 0 0 0 0 0 0 0 0 0 0 0 0 0 976 0 0 12 0 31 0 0 0 0 0 0 0 0 0 0 0 0 0 0 0 0 0 0 0 0 0 0 0 0 0 0 0 0 0 0 0 0 0 0 0 0 0 0 0 0 0 0 0 0 
316 1 0 0 0 0 4 1 0 16 0 0 0 0 83 1208 557 2370 541 0 0 370 3944 284 492 0 0 0 0 2723 1265 549 0 48 11 2 94 0 0 2 0 0 0 0 0 0 0 0 0 0 0 0 0 0 0 6 0 0 6 0 50 0 0 0 0 0 0 0 0 0 0 0 2 0 0 0 0 4 0 0 0 0 8 
41 8 0 0 0 0 5 0 0 128 0 0 0 0 32 2245 1694 1943 5314 0 104 523 2181 6 385 0 1 0 2723 0 1418 1199 0 234 17 0 683 0 0 13 0 0 0 0 0 0 0 0 0 0 0 0 0 0 0 14 0 0 0 0 0 0 0 0 0 0 0 0 0 0 2 0 0 0 0 0 0 70 0 0 1 0 233 
1 0 0 0 0 0 0 0 0 0 0 0 0 0 0 95 48 90 200 0 0 0 0 0 0 0 0 0 1265 1418 0 499 0 0 32 0 170 0 0 0 0 0 0 0 0 0 0 0 0 0 0 0 0 0 0 0 0 0 0 0 0 0 0 0 0 0 0 0 0 0 0 0 0 0 0 0 0 0 0 0 0 0 114 
155 16 0 0 1 0 34 0 0 0 0 0 0 0 256 30 232 1315 0 0 2 187 1727 2 242 0 0 0 549 1199 499 0 401 451 3 0 298 0 0 1 0 0 0 0 0 0 0 0 0 0 0 0 0 0 0 39 0 0 0 0 0 0 0 0 0 0 0 0 0 0 1 0 0 0 0 0 0 6 0 0 0 0 28 
0 0 0 0 0 0 0 0 0 0 0 0 0 0 0 0 2 2 0 0 0 0 0 0 0 0 0 0 0 0 0 401 0 0 0 0 2 0 0 0 0 0 0 0 0 0 0 0 0 0 0 0 0 0 0 0 0 0 0 0 0 0 0 0 0 0 0 0 0 0 0 0 0 0 0 0 0 0 0 0 0 0 3 
1180 738 0 0 1417 63 407 8 1174 1934 0 8 0 0 12 2943 2184 305 542 0 0 7 803 0 33 0 267 976 48 234 0 451 0 0 35 0 100 20 116 0 0 0 0 0 0 0 0 0 0 0 0 0 0 0 0 0 0 0 0 0 0 0 0 0 0 0 0 0 0 0 0 0 0 0 0 0 0 0 0 0 0 0 3 
11 0 0 0 36 0 607 16096 1520 25183 0 0 0 0 0 5259 13 3637 0 0 0 0 0 0 40 0 9 0 11 17 32 3 0 35 0 607 321 408 0 967 14 0 0 0 0 0 0 3 0 0 0 0 0 0 125 0 8 0 21 0 37 0 0 0 0 0 0 0 0 0 0 0 0 0 0 0 0 0 0 0 0 0 338 
710 6 4 0 444 0 12660 4270 0 732 0 1 0 2 0 348 0 0 0 0 0 0 0 0 7 0 0 0 2 0 0 0 0 0 607 0 5 81 20 11 0 0 0 0 81 0 0 8 0 0 0 2 99 0 321 0 46 0 41 0 3 0 0 0 0 0 0 0 0 0 0 0 0 0 0 0 73 0 0 73 0 0 847 
389 2597 0 0 11440 181 11685 12147 7733 19141 0 0 0 0 1154 5694 1991 2819 1989 546 23 289 2730 15 934 7 1199 12 94 683 170 298 2 100 321 5 0 5 7 4 0 0 0 0 0 0 0 18 0 0 0 1 0 0 0 174 1 0 320 0 880 0 0 0 0 0 0 0 0 0 20 0 66 6 7 64 0 339 9 0 4 21 4546 
3 0 0 0 0 0 686 43 0 147 0 0 0 0 499 0 0 955 5 45 0 0 0 0 123 1 278 0 0 0 0 0 0 20 408 81 5 0 0 0 0 0 0 0 0 0 0 0 0 0 0 0 0 0 0 273 0 0 79 0 120 0 0 0 0 0 0 0 0 0 0 0 0 0 0 19 0 56 0 0 0 6 6356 
243 0 0 0 0 0 0 0 0 0 0 4 0 0 0 0 0 0 0 0 0 0 4 0 38 0 8 31 0 0 0 0 0 116 0 20 7 0 0 0 0 0 0 0 52 0 0 0 0 0 0 0 88 0 0 0 0 0 0 0 0 0 0 0 0 0 0 0 0 0 0 0 0 0 0 0 248 0 0 88 0 0 0 
0 0 0 0 0 0 0 0 0 203 0 0 0 0 88 0 0 146 0 22 0 39 139 4 28 112 371 0 2 13 0 1 0 0 967 11 4 0 0 0 2 0 0 0 0 0 0 0 0 0 0 1 0 0 0 85 3 0 54 0 535 35 0 0 1 0 3 0 0 2 30 0 77 0 16 0 0 67 3 0 0 0 72 
1 0 0 0 0 0 0 0 0 0 0 0 0 0 0 0 0 0 0 0 0 0 0 0 0 0 0 0 0 0 0 0 0 0 14 0 0 0 0 2 0 0 0 0 0 0 0 0 0 0 0 0 0 0 0 0 0 0 0 0 0 0 0 0 0 0 0 0 0 0 0 0 0 0 0 0 0 0 0 0 0 0 7 
1973 0 41 237 0 0 12 0 0 0 0 37 0 0 0 0 0 17 0 4 1 0 36 0 0 0 0 0 0 0 0 0 0 0 0 0 0 0 0 0 0 0 544 0 252 298 0 490 0 0 0 0 882 630 0 0 0 0 67 13 8 2 11 85 0 2 0 0 87 1 196 0 444 0 410 0 2789 2242 52 470 0 0 0 
0 0 0 0 0 0 0 0 0 0 0 0 0 0 0 0 0 0 0 0 0 0 0 0 0 0 0 0 0 0 0 0 0 0 0 0 0 0 0 0 0 544 0 0 0 6 0 20 0 0 0 0 0 0 0 0 0 0 0 0 0 0 0 1 0 0 0 0 0 0 2 0 0 0 28 0 75 1359 0 0 0 0 0 
0 0 0 0 0 0 0 0 0 0 0 0 0 0 0 0 0 0 0 0 0 0 0 0 0 0 0 0 0 0 0 0 0 0 0 0 0 0 0 0 0 0 0 0 33 0 0 0 0 0 0 0 27 0 0 0 0 0 0 0 0 0 0 0 0 0 0 0 0 0 0 0 0 0 0 0 0 0 0 0 0 0 0 
132 0 0 12 0 0 0 0 0 0 0 5 0 0 0 0 0 0 0 0 0 0 0 0 0 0 0 0 0 0 0 0 0 0 0 81 0 0 52 0 0 252 0 33 0 0 0 1 528 0 0 0 305 2 0 0 0 0 0 0 0 0 0 0 0 0 0 0 0 0 0 0 0 0 1 0 56 0 0 2 0 0 54 
0 0 0 0 0 0 0 0 0 0 0 0 0 0 0 0 0 0 0 0 0 0 0 0 0 0 0 0 0 0 0 0 0 0 0 0 0 0 0 0 0 298 6 0 0 0 397 582 0 8 0 0 0 0 0 0 0 0 0 0 0 0 0 0 0 0 0 0 0 0 0 0 0 0 750 0 14 6604 0 0 0 0 0 
0 0 0 0 0 0 0 0 0 0 0 0 0 0 0 0 0 0 0 0 0 0 0 0 0 0 0 0 0 0 0 0 0 0 0 0 0 0 0 0 0 0 0 0 0 397 0 1937 419 7186 4304 0 0 0 0 0 139 346 13 0 0 0 0 0 0 0 0 0 0 0 11 42 2 0 222 0 0 944 0 0 0 0 0 
2220 0 1491 20 0 0 9227 2115 0 0 0 5 6 0 0 0 0 8 0 4 1 0 10 0 0 0 0 0 0 0 0 0 0 0 3 8 18 0 0 0 0 490 20 0 1 582 1937 0 1319 561 0 0 467 5329 0 0 0 0 25 9 8 0 47 141 0 0 0 0 0 0 86 0 396 0 2249 0 16347 13373 3 0 0 0 11 
0 0 10 0 0 0 475 25080 0 0 94 0 95 30 0 0 0 0 0 0 0 0 0 0 0 0 0 0 0 0 0 0 0 0 0 0 0 0 0 0 0 0 0 0 528 0 419 1319 0 31 312 18 441 12040 2219 0 4 0 0 0 0 0 0 0 0 0 0 0 0 0 0 0 0 0 1536 16330 3636 19256 209 0 11 0 6254 
0 0 0 0 0 0 0 0 0 0 0 0 0 0 0 0 0 0 0 0 0 0 0 0 0 0 0 0 0 0 0 0 0 0 0 0 0 0 0 0 0 0 0 0 0 8 7186 561 31 0 4556 0 0 0 0 0 0 0 0 0 0 0 0 0 0 0 0 0 0 0 0 0 0 0 3113 0 0 3928 0 0 0 0 0 
0 0 0 0 0 0 0 176 0 101 1642 0 0 18 0 0 0 0 0 0 0 0 0 0 0 0 0 0 0 0 0 0 0 0 0 0 0 0 0 0 0 0 0 0 0 0 4304 0 312 4556 0 1072 0 248 837 0 1690 8781 786 24 0 0 0 0 0 0 0 0 0 0 903 1344 13 0 1026 15203 377 17434 2643 0 316 0 8770 
0 0 0 0 0 0 0 1101 0 45 1228 0 0 105 0 8 0 5 0 0 0 0 0 0 0 0 0 0 0 0 0 0 0 0 0 2 1 0 0 1 0 0 0 0 0 0 0 0 18 0 1072 0 0 603 1441 2 536 0 0 0 0 0 0 0 0 0 0 0 0 0 0 0 0 0 0 3 14 0 0 0 0 0 0 
87 0 0 15 0 0 0 0 0 0 0 4 0 0 0 0 0 0 0 0 0 0 0 0 0 0 0 0 0 0 0 0 0 0 0 99 0 0 88 0 0 882 0 27 305 0 0 467 441 0 0 0 0 43 0 0 0 0 0 0 0 0 0 0 0 0 0 0 0 0 0 0 0 0 0 0 16 0 0 0 0 0 0 
43 0 119 16 0 0 589 794 0 0 0 0 1 0 0 0 0 0 0 0 0 0 0 0 0 0 0 0 0 0 0 0 0 0 0 0 0 0 0 0 0 630 0 0 2 0 0 5329 12040 0 248 603 43 0 988 0 61 0 0 0 0 0 0 0 0 0 0 0 0 0 0 0 0 0 0 0 0 0 0 0 0 0 0 
0 0 0 0 0 0 0 275 0 1715 238 0 0 0 0 682 0 607 0 38 0 0 0 0 0 0 0 0 0 0 0 0 0 0 125 321 0 0 0 0 0 0 0 0 0 0 0 0 2219 0 837 1441 0 988 0 1070 1100 0 9 0 3547 0 0 0 0 0 0 0 0 0 0 0 0 0 0 0 0 0 0 0 0 0 0 
0 0 0 0 0 0 0 0 0 1 0 0 0 0 2 427 0 2005 0 42 0 0 3 21 5 125 1 0 6 14 0 39 0 0 0 0 174 273 0 85 0 0 0 0 0 0 0 0 0 0 0 2 0 0 1070 0 0 0 301 2 4442 684 0 0 17 7 6 0 0 0 9 0 22 0 2 1 0 173 0 0 2 0 4 
0 0 0 0 0 0 0 5 0 84 1 0 0 0 0 5 0 2 0 0 0 0 0 0 1 0 0 0 0 0 0 0 0 0 8 46 1 0 0 3 0 0 0 0 0 0 139 0 4 0 1690 536 0 61 1100 0 0 6412 3896 391 8 0 0 0 0 0 0 0 0 0 1232 159 3 0 124 4457 6 13607 432 0 0 0 1504 
0 0 0 0 0 0 0 0 0 0 0 0 0 0 0 0 0 0 0 0 0 0 0 0 0 0 0 0 0 0 0 0 0 0 0 0 0 0 0 0 0 0 0 0 0 0 346 0 0 0 8781 0 0 0 0 0 6412 0 1558 1371 0 0 0 0 0 0 0 0 0 0 1118 955 181 2 100 0 0 513 0 0 0 0 0 
0 0 0 0 0 0 0 14 0 21 0 0 0 0 11 4 0 560 0 578 555 6 1998 25 9 0 17 0 6 0 0 0 0 0 21 41 320 79 0 54 0 67 0 0 0 0 13 25 0 0 786 0 0 0 9 301 3896 1558 0 16538 1918 7 3 4517 0 219 3 0 0 2143 8771 1335 4483 401 365 4987 49 6602 589 0 12 51 1328 
0 0 0 0 0 0 0 0 0 0 0 0 0 0 0 0 0 0 0 0 0 0 0 0 0 0 0 0 0 0 0 0 0 0 0 0 0 0 0 0 0 13 0 0 0 0 0 9 0 0 24 0 0 0 0 2 391 1371 16538 0 283 27 0 2173 0 1 0 0 0 1046 3949 16 1287 0 180 0 0 287 0 0 0 0 0 
0 0 0 0 0 0 1 0 0 4 0 0 0 0 224 627 0 2034 0 151 5 22 126 80 60 18 17 0 50 0 0 0 0 0 37 3 880 120 0 535 0 8 0 0 0 0 0 8 0 0 0 0 0 0 3547 4442 8 0 1918 283 0 312 2 2 0 0 15 0 0 624 1565 17 1890 1 377 0 0 2772 164 0 2 41 5 
0 0 0 0 0 0 0 0 0 0 0 0 0 0 146 0 0 4880 0 3490 631 43 1226 165 7 74 0 0 0 0 0 0 0 0 0 0 0 0 0 35 0 2 0 0 0 0 0 0 0 0 0 0 0 0 0 684 0 0 7 27 312 0 321 136 901 0 10 0 0 2 93 0 4 0 13 0 0 611 0 0 0 0 0 
0 0 0 0 0 0 0 0 0 0 0 0 0 0 0 0 0 0 0 0 1 0 0 0 0 0 0 0 0 0 0 0 0 0 0 0 0 0 0 0 0 11 0 0 0 0 0 47 0 0 0 0 0 0 0 0 0 0 3 0 2 321 0 324 784 1765 312 0 0 149 986 0 188 0 46 0 0 50 0 0 1 0 0 
0 0 0 0 0 0 0 0 0 0 0 0 0 0 0 0 0 92 0 280 23 0 1046 0 0 0 0 0 0 0 0 0 0 0 0 0 0 0 0 0 0 85 1 0 0 0 0 141 0 0 0 0 0 0 0 0 0 0 4517 2173 2 136 324 0 57 8132 10 0 0 13190 4565 0 2171 0 809 1 0 841 0 0 3 0 0 
0 0 0 0 0 0 0 0 0 0 0 0 0 0 0 0 0 0 0 2 1 0 0 0 0 9 0 0 0 0 0 0 0 0 0 0 0 0 0 1 0 0 0 0 0 0 0 0 0 0 0 0 0 0 0 17 0 0 0 0 0 901 784 57 0 1870 215 0 0 15 135 0 0 0 0 0 0 1 0 0 7 0 0 
0 0 0 0 0 0 0 0 0 0 0 0 0 0 0 0 0 0 0 0 0 0 0 0 0 0 0 0 0 0 0 0 0 0 0 0 0 0 0 0 0 2 0 0 0 0 0 0 0 0 0 0 0 0 0 7 0 0 219 1 0 0 1765 8132 1870 0 93 0 1 282 28 0 0 0 115 7 0 1013 318 0 67 403 0 
0 0 0 0 0 0 0 0 0 0 0 0 0 0 0 0 0 0 0 0 0 0 0 0 0 5 0 0 0 0 0 0 0 0 0 0 0 0 0 3 0 0 0 0 0 0 0 0 0 0 0 0 0 0 0 6 0 0 3 0 15 10 312 10 215 93 0 0 0 0 0 0 0 0 0 0 0 0 0 0 118 3 0 
0 0 0 0 0 0 0 0 0 0 0 0 0 0 0 0 0 0 0 0 0 0 0 0 0 0 0 0 0 0 0 0 0 0 0 0 0 0 0 0 0 0 0 0 0 0 0 0 0 0 0 0 0 0 0 0 0 0 0 0 0 0 0 0 0 0 0 0 0 0 0 0 0 0 8 0 0 0 0 0 0 124 0 
0 0 0 0 0 0 0 0 0 0 0 0 0 0 0 0 0 0 0 0 0 0 0 0 0 0 0 0 0 0 0 0 0 0 0 0 0 0 0 0 0 87 0 0 0 0 0 0 0 0 0 0 0 0 0 0 0 0 0 0 0 0 0 0 0 1 0 0 0 0 0 0 0 0 238 0 0 848 235 0 0 0 0 
0 0 0 0 0 0 0 0 0 0 0 0 0 0 0 0 0 0 0 0 0 0 0 0 0 0 0 0 0 0 0 0 0 0 0 0 0 0 0 2 0 1 0 0 0 0 0 0 0 0 0 0 0 0 0 0 0 0 2143 1046 624 2 149 13190 15 282 0 0 0 0 203 0 6 0 5 0 0 348 24 0 1 0 0 
0 1 0 0 0 0 0 0 0 0 0 0 0 0 4 0 0 42 0 7 0 2 37 0 0 0 0 0 0 2 0 1 0 0 0 0 20 0 0 30 0 196 2 0 0 0 11 86 0 0 903 0 0 0 0 9 1232 1118 8771 3949 1565 93 986 4565 135 28 0 0 0 203 0 47 1439 0 131 197 0 1070 5 0 2 0 0 
0 0 0 0 0 0 0 0 0 0 0 0 0 0 0 0 0 0 0 0 0 0 0 0 0 0 0 0 0 0 0 0 0 0 0 0 0 0 0 0 0 0 0 0 0 0 42 0 0 0 1344 0 0 0 0 0 159 955 1335 16 17 0 0 0 0 0 0 0 0 0 47 0 155 0 524 0 0 482 0 0 0 0 0 
0 5 0 0 0 0 5 0 0 0 0 0 0 0 13 0 0 56 0 2 1 25 135 2 0 0 0 0 2 0 0 0 0 0 0 0 66 0 0 77 0 444 0 0 0 0 2 396 0 0 13 0 0 0 0 22 3 181 4483 1287 1890 4 188 2171 0 0 0 0 0 6 1439 155 0 91 487 0 0 335 0 0 0 0 0 
0 0 0 0 0 0 0 0 0 0 0 0 0 0 0 0 0 0 0 0 0 0 0 0 0 0 0 0 0 0 0 0 0 0 0 0 6 0 0 0 0 0 0 0 0 0 0 0 0 0 0 0 0 0 0 0 0 2 401 0 1 0 0 0 0 0 0 0 0 0 0 0 91 0 70 0 0 3 0 0 0 0 0 
0 0 0 0 0 0 2 0 0 0 0 0 0 0 4 0 0 32 0 3 1 8 74 3 1 0 0 0 0 0 0 0 0 0 0 0 7 0 0 16 0 410 28 0 1 750 222 2249 1536 3113 1026 0 0 0 0 2 124 100 365 180 377 13 46 809 0 115 0 8 238 5 131 524 487 70 0 0 0 291 0 7 0 0 0 
0 0 0 0 0 0 0 0 0 0 0 0 0 0 0 0 0 0 0 0 0 0 0 0 1 1 6 0 0 0 0 0 0 0 0 0 64 19 0 0 0 0 0 0 0 0 0 0 16330 0 15203 3 0 0 0 1 4457 0 4987 0 0 0 0 1 0 7 0 0 0 0 197 0 0 0 0 0 367 283 16 0 869 722 2180 
695 0 0 10 0 0 0 0 0 0 0 0 0 0 0 0 0 0 0 0 0 0 0 0 0 0 0 0 0 0 0 0 0 0 0 73 0 0 248 0 0 2789 75 0 56 14 0 16347 3636 0 377 14 16 0 0 0 6 0 49 0 0 0 0 0 0 0 0 0 0 0 0 0 0 0 0 367 0 0 0 172 0 0 2188 
2 12 0 0 0 0 34 1 0 0 0 0 0 0 40 0 0 1731 0 125 9 154 1631 2 9 0 6 0 4 70 0 6 0 0 0 0 339 56 0 67 0 2242 1359 0 0 6604 944 13373 19256 3928 17434 0 0 0 0 173 13607 513 6602 287 2772 611 50 841 1 1013 0 0 848 348 1070 482 335 3 291 283 0 0 12 0 77 0 3407 
0 0 0 0 0 0 0 0 0 0 0 0 0 0 0 0 0 0 0 0 0 3 4 0 1 0 0 0 0 0 0 0 0 0 0 0 9 0 0 3 0 52 0 0 0 0 0 3 209 0 2643 0 0 0 0 0 432 0 589 0 164 0 0 0 0 318 0 0 235 24 5 0 0 0 0 16 0 12 0 0 1 0 5854 
38 0 0 1 0 0 0 0 0 0 0 0 0 0 0 0 0 0 0 0 0 0 0 0 0 0 0 0 0 0 0 0 0 0 0 73 0 0 88 0 0 470 0 0 2 0 0 0 0 0 0 0 0 0 0 0 0 0 0 0 0 0 0 0 0 0 0 0 0 0 0 0 0 0 7 0 172 0 0 0 0 0 0 
0 1 0 0 0 0 3 0 0 0 0 0 0 0 0 0 0 0 0 0 0 1 5 0 1 0 0 0 0 1 0 0 0 0 0 0 4 0 0 0 0 0 0 0 0 0 0 0 11 0 316 0 0 0 0 2 0 0 12 0 2 0 1 3 7 67 118 0 0 1 2 0 0 0 0 869 0 77 1 0 0 17 1 
0 0 0 0 0 0 0 0 0 0 0 0 0 0 0 0 0 0 0 0 0 0 0 0 0 0 0 0 0 0 0 0 0 0 0 0 21 6 0 0 0 0 0 0 0 0 0 0 0 0 0 0 0 0 0 0 0 0 51 0 41 0 0 0 0 403 3 124 0 0 0 0 0 0 0 722 0 0 0 0 17 0 8 
617 0 0 0 31 0 1158 435 12 15562 0 0 0 0 11 857 157 779 0 1 0 0 0 0 0 0 0 0 8 233 114 28 3 3 338 847 4546 6356 0 72 7 0 0 0 54 0 0 11 6254 0 8770 0 0 0 0 4 1504 0 1328 0 5 0 0 0 0 0 0 0 0 0 0 0 0 0 0 2180 2188 3407 5854 0 1 8 0 
