0 351 0 82 122 0 192 0 0 0 0 567 0 0 0 0 0 16 7 0 0 0 102 0 0 0 0 95 137 72 0 20 0 1550 0 166 996 0 61 0 0 561 0 0 89 0 0 13 0 0 0 0 0 0 0 0 0 0 0 0 0 0 0 0 0 0 0 0 0 0 0 0 0 0 0 0 0 0 0 0 0 0 334 
351 0 0 0 56 0 1 0 0 1 0 0 1 0 0 0 0 0 25 0 0 0 0 0 0 0 0 0 0 0 0 0 0 1927 9 401 6420 115 0 0 0 0 0 0 0 0 0 0 0 0 0 0 0 0 0 0 0 0 0 0 0 0 0 0 0 0 0 0 0 0 0 0 0 0 0 0 0 0 0 0 0 0 0 
0 0 0 77 0 0 0 0 0 0 0 936 0 0 0 0 0 0 0 0 0 0 0 0 0 0 0 0 0 0 0 0 0 0 0 0 0 0 0 0 0 317 0 0 1 0 0 248 0 0 0 0 0 0 0 0 0 0 0 0 0 0 0 0 0 0 0 0 0 0 0 0 0 0 0 0 0 0 0 0 0 0 0 
82 0 77 0 0 0 0 0 0 0 0 214 0 0 0 0 0 0 0 0 0 0 0 0 0 0 0 0 0 0 0 0 0 0 0 0 0 0 0 0 0 468 0 0 4 0 0 500 0 0 0 0 0 0 0 0 0 0 0 0 0 0 0 0 0 0 0 0 0 0 0 0 0 0 0 0 0 0 0 0 0 0 0 
122 56 0 0 0 293 392 176 4 212 0 0 340 0 0 1 0 0 16 0 0 0 0 0 0 0 0 0 0 0 0 0 0 3181 4 733 1947 13 0 0 0 0 0 0 0 0 12 185 99 0 0 0 0 1 0 0 0 0 0 0 0 0 0 0 0 0 0 0 0 0 0 0 0 0 64 24 20 125 3 0 0 0 0 
0 0 0 0 293 0 72 493 1678 595 0 0 60 0 0 0 0 0 0 0 0 0 0 0 0 0 0 0 0 0 0 0 0 46 0 0 0 0 0 0 0 0 0 0 0 0 0 0 0 0 0 0 0 0 0 0 0 0 0 0 0 0 0 0 0 0 0 0 0 0 0 0 0 0 5 0 0 0 0 0 0 0 0 
192 1 0 0 392 72 0 4510 2267 186 0 3981 5692 0 0 0 0 0 0 0 0 0 0 0 0 0 0 0 0 0 0 0 0 1712 92 12501 7675 320 56 0 0 2243 2 0 3 0 12 7099 186 0 0 0 0 1 0 0 0 0 0 0 0 0 0 0 0 0 0 0 0 0 0 0 0 0 95 7 452 64 2 0 0 0 0 
0 0 0 0 176 493 4510 0 1092 4713 71 2569 16620 15690 0 0 0 0 0 0 0 0 0 0 0 0 0 0 0 0 0 0 0 580 10413 643 6617 98 0 0 0 0 0 0 0 2 54 440 4494 0 25 0 0 1 203 0 0 0 0 0 0 0 0 0 0 0 0 0 0 0 0 0 0 0 70 416 564 227 0 0 0 0 1 
0 0 0 0 4 1678 2267 1092 0 234 0 0 11 0 0 0 0 0 0 0 0 0 0 0 0 0 0 0 0 0 0 0 0 33 13 0 149 0 0 0 0 0 0 0 0 0 2 0 0 0 0 0 0 0 0 0 0 0 0 0 0 0 0 0 0 0 0 0 0 0 0 0 0 0 0 0 0 0 0 0 0 0 0 
0 1 0 0 212 595 186 4713 234 0 500 0 333 13434 23 232 856 6 2250 7 0 0 0 0 0 0 0 0 11 96 23 0 0 3195 29868 2999 8399 68 0 498 0 0 0 0 0 4 72 0 799 0 1327 703 0 0 56 1 2 0 0 0 0 0 0 0 0 1 0 0 0 0 0 0 3 0 77 1144 13 48 0 0 0 0 675 
0 0 0 0 0 0 0 71 0 500 0 0 0 4545 30 3 0 0 0 4 0 0 0 0 0 0 0 0 0 0 0 0 0 0 0 0 0 0 0 0 0 0 0 0 0 0 0 0 0 0 0 0 0 0 1 0 0 0 0 0 0 0 0 0 0 0 0 0 0 0 0 0 0 0 0 0 0 0 0 0 0 0 0 
567 0 936 214 0 0 3981 2569 0 0 0 0 0 0 0 0 0 0 0 0 0 0 0 0 0 0 0 0 0 4 0 0 0 3 0 6 0 0 0 0 0 109 0 0 0 0 0 662 0 0 0 0 0 0 0 0 0 0 0 0 0 0 0 0 0 0 0 0 0 0 0 0 0 0 0 0 0 0 0 0 0 0 0 
0 1 0 0 340 60 5692 16620 11 333 0 0 0 2 0 0 0 0 0 0 0 0 0 0 0 0 0 0 0 0 0 0 0 88 10 245 30 0 0 0 0 0 0 0 0 0 121 871 1179 0 2 0 0 4 0 0 0 0 0 0 0 0 0 0 0 0 0 0 0 0 0 0 0 0 291 195 339 482 23 0 0 0 3 
0 0 0 0 0 0 0 15690 0 13434 4545 0 2 0 91 541 0 240 28 1170 0 0 0 0 0 0 0 0 0 0 0 0 0 0 0 35 0 0 0 45 0 0 0 0 0 0 0 0 365 0 298 358 0 0 0 1 61 0 4 0 77 0 0 0 0 0 0 0 0 1 1 4 42 7 36 8 18 3 0 0 0 0 0 
0 0 0 0 0 0 0 0 0 23 30 0 0 91 0 396 9 4450 65 6115 41 0 2 0 911 15 0 0 0 0 0 0 0 0 53 0 73 3 0 2106 0 0 0 0 0 0 0 0 0 0 3 0 0 0 0 9 13 0 135 0 201 0 0 0 0 2 0 0 0 1 7 4 104 44 101 80 0 186 10 0 0 0 0 
0 0 0 0 1 0 0 0 0 232 3 0 0 541 396 0 4959 4699 4758 3 0 0 0 0 0 0 0 0 97 384 560 118 0 4021 1220 0 1716 3 0 67 1 0 0 0 0 0 0 0 0 0 0 0 0 0 0 0 0 0 0 0 0 0 0 0 0 0 0 0 0 0 0 0 0 0 3 0 0 0 0 0 0 0 23 
0 0 0 0 0 0 0 0 0 856 0 0 0 0 9 4959 0 1247 1666 527 0 0 0 0 0 0 0 0 0 471 1178 31 0 719 3 0 24 0 0 0 0 0 0 0 0 0 0 0 0 0 0 0 0 0 0 0 0 0 0 0 0 0 0 0 0 0 0 0 0 0 0 0 0 0 0 0 0 0 0 0 0 0 0 
16 0 0 0 0 0 0 0 0 6 0 0 0 240 4450 4699 1247 0 9903 2150 30 0 5044 13 495 0 0 0 3308 1582 3137 965 0 116 566 3 877 43 0 2338 9 0 0 0 0 0 0 0 0 0 11 0 0 0 0 65 3 0 2949 0 1261 82 0 0 0 0 0 0 0 3 264 0 698 19 424 2 0 53 0 0 0 0 6 
7 25 0 0 16 0 0 0 0 2250 0 0 0 28 65 4758 1666 9903 0 24 0 0 319 1 1087 0 0 0 1692 1096 128 173 0 1100 0 0 3707 105 0 308 69 0 0 0 0 0 0 0 0 0 20 0 0 0 0 4 2 0 1 0 0 0 0 0 0 0 0 0 0 0 2 0 10 31 286 0 0 59 0 0 0 0 0 
0 0 0 0 0 0 0 0 0 7 4 0 0 1170 6115 3 527 2150 24 0 0 0 694 280 237 15 0 0 173 25 616 11 0 2 85 0 287 1 0 487 0 0 0 0 0 0 0 0 0 0 0 0 0 0 0 68 0 0 657 0 56 13 0 0 0 0 0 0 0 1 103 0 672 27 650 1 0 15 0 0 0 0 1 
0 0 0 0 0 0 0 0 0 0 0 0 0 0 41 0 0 30 0 0 0 126 19 541 277 3 0 0 0 0 0 0 0 0 0 0 0 0 0 0 0 0 0 0 0 0 0 0 0 0 0 0 0 0 0 34 0 0 987 0 35 0 1 0 0 0 0 0 0 0 0 0 10 0 9 0 0 0 0 0 0 0 0 
0 0 0 0 0 0 0 0 0 0 0 0 0 0 0 0 0 0 0 0 126 0 850 440 995 0 0 0 0 0 0 0 0 0 0 0 0 0 0 0 0 0 0 0 0 0 0 0 0 0 0 0 0 0 0 0 0 0 0 0 2 0 0 0 0 0 0 0 0 0 0 0 0 0 0 0 0 0 0 0 0 0 0 
102 0 0 0 0 0 0 0 0 0 0 0 0 0 2 0 0 5044 319 694 19 850 0 473 7059 0 0 0 2622 216 0 212 0 103 0 2 492 0 0 85 0 0 0 0 0 0 0 0 0 0 0 0 0 0 0 3 0 0 1163 0 1004 189 0 0 0 10 0 0 0 14 45 0 14 0 0 0 0 0 0 0 0 0 0 
0 0 0 0 0 0 0 0 0 0 0 0 0 0 0 0 0 13 1 280 541 440 473 0 1599 31 0 0 0 0 0 0 0 0 0 0 0 0 0 1 0 0 0 0 0 0 0 0 0 0 0 0 0 0 0 0 0 0 0 0 12 3 0 0 1 0 0 0 0 0 0 0 0 0 0 0 0 0 0 0 0 0 0 
0 0 0 0 0 0 0 0 0 0 0 0 0 0 911 0 0 495 1087 237 277 995 7059 1599 0 34 0 0 355 365 0 267 0 57 22 20 1488 7 0 9 6 0 0 0 0 0 0 0 0 0 0 0 0 0 0 59 0 0 25 0 5 2 0 0 0 905 0 0 0 874 2741 0 1744 2 26 7 0 209 0 0 0 0 54 
0 0 0 0 0 0 0 0 0 0 0 0 0 0 15 0 0 0 0 15 3 0 0 31 34 0 0 0 0 0 0 0 0 0 0 0 0 0 0 1 0 0 0 0 0 0 0 0 0 0 0 0 0 0 0 0 0 0 34 0 342 31 0 1 0 0 0 0 0 0 0 0 0 0 0 0 0 0 0 0 0 0 0 
0 0 0 0 0 0 0 0 0 0 0 0 0 0 0 0 0 0 0 0 0 0 0 0 0 0 0 0 0 0 0 0 0 0 0 0 3 0 0 0 0 0 0 0 0 0 0 0 0 0 0 0 0 0 0 0 0 0 0 0 0 0 0 0 0 0 0 0 0 0 0 0 0 0 0 0 0 0 0 0 0 0 0 
95 0 0 0 0 0 0 0 0 0 0 0 0 0 0 0 0 0 0 0 0 0 0 0 0 0 0 0 0 0 0 0 0 360 0 484 707 0 0 0 0 1 0 0 0 0 0 0 0 0 0 0 0 0 0 0 0 0 0 0 0 0 0 0 0 0 0 0 0 0 0 0 0 0 0 0 0 0 0 0 0 0 0 
137 0 0 0 0 0 0 0 0 11 0 0 0 0 0 97 0 3308 1692 173 0 0 2622 0 355 0 0 0 0 2464 0 169 0 29 10 228 588 3 0 0 0 3 0 0 0 0 0 0 0 0 0 0 0 0 0 0 0 0 0 0 0 0 0 0 0 67 0 0 0 93 195 0 44 0 0 0 0 2 0 0 0 0 25 
72 0 0 0 0 0 0 0 0 96 0 4 0 0 0 384 471 1582 1096 25 0 0 216 0 365 0 0 0 2464 0 192 502 12 283 0 145 68 0 0 0 0 2 0 0 0 0 0 0 0 0 0 0 0 0 0 0 0 0 0 0 0 0 0 0 0 47 0 0 0 55 66 0 5 0 0 0 0 0 0 0 0 0 0 
0 0 0 0 0 0 0 0 0 23 0 0 0 0 0 560 1178 3137 128 616 0 0 0 0 0 0 0 0 0 192 0 59 0 0 0 0 0 0 0 0 0 0 0 0 0 0 0 0 0 0 0 0 0 0 0 0 0 0 0 0 0 0 0 0 0 0 0 0 0 0 0 0 0 0 0 0 0 0 0 0 0 0 0 
20 0 0 0 0 0 0 0 0 0 0 0 0 0 0 118 31 965 173 11 0 0 212 0 267 0 0 0 169 502 59 0 731 837 0 2 69 0 0 0 0 8 0 0 0 0 0 0 0 0 0 0 0 0 0 0 0 0 0 0 0 0 0 0 0 0 0 0 0 0 0 0 0 0 0 0 0 0 0 0 0 0 0 
0 0 0 0 0 0 0 0 0 0 0 0 0 0 0 0 0 0 0 0 0 0 0 0 0 0 0 0 0 12 0 731 0 30 0 0 1 0 0 0 0 0 0 0 0 0 0 0 0 0 0 0 0 0 0 0 0 0 0 0 0 0 0 0 0 0 0 0 0 0 0 0 0 0 0 0 0 0 0 0 0 0 0 
1550 1927 0 0 3181 46 1712 580 33 3195 0 3 88 0 0 4021 719 116 1100 2 0 0 103 0 57 0 0 360 29 283 0 837 30 0 60 57 800 0 1 0 0 15 0 0 0 12 72 10 73 0 0 0 0 2 0 0 0 0 0 0 0 0 0 0 0 0 0 0 0 0 0 0 0 0 948 20 34 311 0 0 0 0 0 
0 9 0 0 4 0 92 10413 13 29868 0 0 10 0 53 1220 3 566 0 85 0 0 0 0 22 0 0 0 10 0 0 0 0 60 0 1139 451 74 0 476 355 0 0 0 0 0 18 9 741 0 0 0 0 0 0 0 0 0 22 0 9 14 0 3 0 0 0 0 0 0 0 0 0 0 70 9 25 60 0 0 0 0 1 
166 401 0 0 733 0 12501 643 0 2999 0 6 245 35 0 0 0 3 0 0 0 0 2 0 20 0 0 484 228 145 0 2 0 57 1139 0 216 11 14 271 4 57 0 0 9 0 58 38 878 0 0 0 0 0 12 0 0 0 0 0 0 0 0 0 0 0 0 0 0 0 0 0 1 0 110 203 421 76 0 0 0 0 244 
996 6420 0 0 1947 0 7675 6617 149 8399 0 0 30 0 73 1716 24 877 3707 287 0 0 492 0 1488 0 3 707 588 68 0 69 1 800 451 216 0 14 0 6 28 0 0 0 0 4 46 3 1691 0 0 0 0 1 0 0 0 0 0 0 1 2 0 0 0 12 0 0 0 66 104 0 127 12 526 2 4 218 0 0 0 0 2430 
0 115 0 0 13 0 320 98 0 68 0 0 0 0 3 3 0 43 105 1 0 0 0 0 7 0 0 0 3 0 0 0 0 0 74 11 14 0 0 0 0 0 0 0 0 0 0 0 127 0 0 0 0 0 0 0 0 0 0 0 0 0 0 0 0 0 0 0 0 0 0 0 0 0 0 0 0 1 0 0 0 0 8608 
61 0 0 0 0 0 56 0 0 0 0 0 0 0 0 0 0 0 0 0 0 0 0 0 0 0 0 0 0 0 0 0 0 1 0 14 0 0 0 0 0 0 0 0 0 0 0 0 0 0 0 0 0 0 0 0 0 0 0 0 0 0 0 0 0 0 0 0 0 0 0 0 0 0 0 0 0 0 0 0 0 0 76 
0 0 0 0 0 0 0 0 0 498 0 0 0 45 2106 67 0 2338 308 487 0 0 85 1 9 1 0 0 0 0 0 0 0 0 476 271 6 0 0 0 0 0 0 0 0 0 0 0 5 0 584 73 0 0 0 471 126 0 524 0 804 178 0 37 0 86 0 0 0 139 1362 2 2166 275 1367 2171 35 2374 29 0 0 0 2 
0 0 0 0 0 0 0 0 0 0 0 0 0 0 0 1 0 9 69 0 0 0 0 0 6 0 0 0 0 0 0 0 0 0 355 4 28 0 0 0 0 0 0 0 0 0 0 0 0 0 0 0 0 0 0 0 0 0 0 0 0 0 0 0 0 0 0 0 0 0 0 0 0 0 0 0 0 0 0 0 0 0 75 
561 0 317 468 0 0 2243 0 0 0 0 109 0 0 0 0 0 0 0 0 0 0 0 0 0 0 0 1 3 2 0 8 0 15 0 57 0 0 0 0 0 0 593 0 516 87 0 33 0 0 0 0 1453 0 0 1 0 0 1 0 13 0 0 0 0 0 0 0 0 0 0 0 0 0 235 0 2165 3510 0 1210 0 0 0 
0 0 0 0 0 0 2 0 0 0 0 0 0 0 0 0 0 0 0 0 0 0 0 0 0 0 0 0 0 0 0 0 0 0 0 0 0 0 0 0 0 593 0 0 0 1 0 1 170 0 0 0 2 0 0 0 0 0 0 0 0 0 0 0 0 0 0 0 0 0 0 0 0 0 0 0 1563 4327 0 0 0 0 0 
0 0 0 0 0 0 0 0 0 0 0 0 0 0 0 0 0 0 0 0 0 0 0 0 0 0 0 0 0 0 0 0 0 0 0 0 0 0 0 0 0 0 0 0 26 0 0 0 0 0 0 0 8 0 0 0 0 0 0 0 0 0 0 0 0 0 0 0 0 0 0 0 0 0 0 0 0 0 0 0 0 0 0 
89 0 1 4 0 0 3 0 0 0 0 0 0 0 0 0 0 0 0 0 0 0 0 0 0 0 0 0 0 0 0 0 0 0 0 9 0 0 0 0 0 516 0 26 0 0 0 48 176 0 0 0 172 0 0 0 0 0 0 0 0 0 0 0 0 0 0 0 0 0 0 0 0 0 82 0 0 411 0 1 0 0 0 
0 0 0 0 0 0 0 2 0 4 0 0 0 0 0 0 0 0 0 0 0 0 0 0 0 0 0 0 0 0 0 0 0 12 0 0 4 0 0 0 0 87 1 0 0 0 257 47 7 0 39 0 0 0 0 0 5 0 0 0 0 0 0 0 0 0 0 0 0 0 0 0 0 0 2497 0 43 2188 0 0 0 0 0 
0 0 0 0 12 0 12 54 2 72 0 0 121 0 0 0 0 0 0 0 0 0 0 0 0 0 0 0 0 0 0 0 0 72 18 58 46 0 0 0 0 0 0 0 0 257 0 387 3856 699 2203 0 0 5 0 0 184 0 0 0 0 0 0 0 0 0 0 0 0 0 0 0 0 0 704 1 0 30 0 0 0 0 0 
13 0 248 500 185 0 7099 440 0 0 0 662 871 0 0 0 0 0 0 0 0 0 0 0 0 0 0 0 0 0 0 0 0 10 9 38 3 0 0 0 0 33 1 0 48 47 387 0 10795 327 11 0 1051 72 0 0 0 0 0 0 0 0 0 0 0 0 0 0 0 0 0 0 0 0 2074 1 8520 6929 0 147 0 0 0 
0 0 0 0 99 0 186 4494 0 799 0 0 1179 365 0 0 0 0 0 0 0 0 0 0 0 0 0 0 0 0 0 0 0 73 741 878 1691 127 0 5 0 0 170 0 176 7 3856 10795 0 2558 2271 388 1739 6736 8002 0 85 0 0 0 24 0 0 0 0 0 0 0 0 0 0 0 0 0 2471 14208 3768 14261 30 0 0 0 920 
0 0 0 0 0 0 0 0 0 0 0 0 0 0 0 0 0 0 0 0 0 0 0 0 0 0 0 0 0 0 0 0 0 0 0 0 0 0 0 0 0 0 0 0 0 0 699 327 2558 0 1594 0 0 0 0 0 199 0 0 1 0 0 0 0 0 0 0 0 0 0 0 0 0 0 30 0 0 0 0 0 0 0 0 
0 0 0 0 0 0 0 25 0 1327 0 0 2 298 3 0 0 11 20 0 0 0 0 0 0 0 0 0 0 0 0 0 0 0 0 0 0 0 0 584 0 0 0 0 0 39 2203 11 2271 1594 0 13 0 0 1965 13 3167 135 715 2816 384 0 0 182 0 0 0 0 0 106 184 103 0 0 6528 8946 148 17445 488 0 0 0 522 
0 0 0 0 0 0 0 0 0 703 0 0 0 358 0 0 0 0 0 0 0 0 0 0 0 0 0 0 0 0 0 0 0 0 0 0 0 0 0 73 0 0 0 0 0 0 0 0 388 0 13 0 0 0 6333 80 2 0 0 0 0 0 0 0 0 0 0 0 0 0 0 0 0 0 8 1845 770 405 13 0 0 0 4 
0 0 0 0 0 0 0 0 0 0 0 0 0 0 0 0 0 0 0 0 0 0 0 0 0 0 0 0 0 0 0 0 0 0 0 0 0 0 0 0 0 1453 2 8 172 0 0 1051 1739 0 0 0 0 0 0 0 0 0 0 0 0 0 0 0 0 0 0 0 0 0 0 0 0 0 0 0 0 10 0 0 0 0 0 
0 0 0 0 1 0 1 1 0 0 0 0 4 0 0 0 0 0 0 0 0 0 0 0 0 0 0 0 0 0 0 0 0 2 0 0 1 0 0 0 0 0 0 0 0 0 5 72 6736 0 0 0 0 0 0 0 0 0 0 0 0 0 0 0 0 0 0 0 0 0 0 0 0 0 3 0 0 0 0 0 0 0 0 
0 0 0 0 0 0 0 203 0 56 1 0 0 0 0 0 0 0 0 0 0 0 0 0 0 0 0 0 0 0 0 0 0 0 0 12 0 0 0 0 0 0 0 0 0 0 0 0 8002 0 1965 6333 0 0 0 341 28 0 1 0 1438 0 0 0 0 0 0 0 0 0 0 0 0 0 40 79 10 36 0 0 0 0 0 
0 0 0 0 0 0 0 0 0 1 0 0 0 1 9 0 0 65 4 68 34 0 3 0 59 0 0 0 0 0 0 0 0 0 0 0 0 0 0 471 0 1 0 0 0 0 0 0 0 0 13 80 0 0 341 0 448 12 993 1 3032 1402 11 28 8 7 0 0 0 187 281 176 779 139 797 207 0 665 56 0 0 0 0 
0 0 0 0 0 0 0 0 0 2 0 0 0 61 13 0 0 3 2 0 0 0 0 0 0 0 0 0 0 0 0 0 0 0 0 0 0 0 0 126 0 0 0 0 0 5 184 0 85 199 3167 2 0 0 28 448 0 1887 5388 1107 725 0 0 5 0 0 0 0 0 561 462 815 22 0 1282 0 0 24 0 0 0 0 0 
0 0 0 0 0 0 0 0 0 0 0 0 0 0 0 0 0 0 0 0 0 0 0 0 0 0 0 0 0 0 0 0 0 0 0 0 0 0 0 0 0 0 0 0 0 0 0 0 0 0 135 0 0 0 0 12 1887 0 632 3560 0 0 0 58 0 0 0 0 0 866 1045 6077 114 0 93 0 0 0 0 0 0 0 0 
0 0 0 0 0 0 0 0 0 0 0 0 0 4 135 0 0 2949 1 657 987 0 1163 0 25 34 0 0 0 0 0 0 0 0 22 0 0 0 0 524 0 1 0 0 0 0 0 0 0 0 715 0 0 0 1 993 5388 632 0 4973 613 575 51 3227 1 42 1 0 0 3609 3832 284 4562 5 716 0 0 1570 0 0 0 0 0 
0 0 0 0 0 0 0 0 0 0 0 0 0 0 0 0 0 0 0 0 0 0 0 0 0 0 0 0 0 0 0 0 0 0 0 0 0 0 0 0 0 0 0 0 0 0 0 0 0 1 2816 0 0 0 0 1 1107 3560 4973 0 211 40 0 364 0 1 0 0 0 1762 1630 138 979 0 6 0 0 91 0 0 0 0 0 
0 0 0 0 0 0 0 0 0 0 0 0 0 77 201 0 0 1261 0 56 35 2 1004 12 5 342 0 0 0 0 0 0 0 0 9 0 1 0 0 804 0 13 0 0 0 0 0 0 24 0 384 0 0 0 1438 3032 725 0 613 211 0 250 5 16 64 32 64 0 0 2893 1708 1683 3384 85 1017 15 0 2444 3 0 52 0 0 
0 0 0 0 0 0 0 0 0 0 0 0 0 0 0 0 0 82 0 13 0 0 189 3 2 31 0 0 0 0 0 0 0 0 14 0 2 0 0 178 0 0 0 0 0 0 0 0 0 0 0 0 0 0 0 1402 0 0 575 40 250 0 824 63 128 5 1 0 0 29 45 0 468 0 62 0 0 1 0 0 5 0 0 
0 0 0 0 0 0 0 0 0 0 0 0 0 0 0 0 0 0 0 0 1 0 0 0 0 0 0 0 0 0 0 0 0 0 0 0 0 0 0 0 0 0 0 0 0 0 0 0 0 0 0 0 0 0 0 11 0 0 51 0 5 824 0 151 1129 2915 4 0 0 6682 0 0 0 0 0 0 0 0 0 0 0 0 0 
0 0 0 0 0 0 0 0 0 0 0 0 0 0 0 0 0 0 0 0 0 0 0 0 0 1 0 0 0 0 0 0 0 0 3 0 0 0 0 37 0 0 0 0 0 0 0 0 0 0 182 0 0 0 0 28 5 58 3227 364 16 63 151 0 82 2385 0 0 0 10080 922 0 366 0 0 0 0 5 0 0 0 0 0 
0 0 0 0 0 0 0 0 0 0 0 0 0 0 0 0 0 0 0 0 0 0 0 1 0 0 0 0 0 0 0 0 0 0 0 0 0 0 0 0 0 0 0 0 0 0 0 0 0 0 0 0 0 0 0 8 0 0 1 0 64 128 1129 82 0 2374 153 3 0 1245 5 0 11 0 2 0 0 0 0 0 69 0 0 
0 0 0 0 0 0 0 0 0 1 0 0 0 0 2 0 0 0 0 0 0 0 10 0 905 0 0 0 67 47 0 0 0 0 0 0 12 0 0 86 0 0 0 0 0 0 0 0 0 0 0 0 0 0 0 7 0 0 42 1 32 5 2915 2385 2374 0 11 0 0 1147 20 0 1 0 0 1 1 351 0 0 133 62 0 
0 0 0 0 0 0 0 0 0 0 0 0 0 0 0 0 0 0 0 0 0 0 0 0 0 0 0 0 0 0 0 0 0 0 0 0 0 0 0 0 0 0 0 0 0 0 0 0 0 0 0 0 0 0 0 0 0 0 1 0 64 1 4 0 153 11 0 0 0 0 1 0 0 0 0 0 0 0 0 0 29 0 0 
0 0 0 0 0 0 0 0 0 0 0 0 0 0 0 0 0 0 0 0 0 0 0 0 0 0 0 0 0 0 0 0 0 0 0 0 0 0 0 0 0 0 0 0 0 0 0 0 0 0 0 0 0 0 0 0 0 0 0 0 0 0 0 0 3 0 0 0 0 0 0 0 0 0 0 0 0 44 5 1 5 24 0 
0 0 0 0 0 0 0 0 0 0 0 0 0 0 0 0 0 0 0 0 0 0 0 0 0 0 0 0 0 0 0 0 0 0 0 0 0 0 0 0 0 0 0 0 0 0 0 0 0 0 0 0 0 0 0 0 0 0 0 0 0 0 0 0 0 0 0 0 0 0 0 0 0 0 126 0 0 0 0 0 0 5 0 
0 0 0 0 0 0 0 0 0 0 0 0 0 1 1 0 0 3 0 1 0 0 14 0 874 0 0 0 93 55 0 0 0 0 0 0 66 0 0 139 0 0 0 0 0 0 0 0 0 0 106 0 0 0 0 187 561 866 3609 1762 2893 29 6682 10080 1245 1147 0 0 0 0 85 22 1 0 1 9 0 947 0 0 60 0 0 
0 0 0 0 0 0 0 0 0 0 0 0 0 1 7 0 0 264 2 103 0 0 45 0 2741 0 0 0 195 66 0 0 0 0 0 0 104 0 0 1362 0 0 0 0 0 0 0 0 0 0 184 0 0 0 0 281 462 1045 3832 1630 1708 45 0 922 5 20 1 0 0 85 0 164 733 2 443 6 0 513 0 0 0 0 0 
0 0 0 0 0 0 0 0 0 0 0 0 0 4 4 0 0 0 0 0 0 0 0 0 0 0 0 0 0 0 0 0 0 0 0 0 0 0 0 2 0 0 0 0 0 0 0 0 0 0 103 0 0 0 0 176 815 6077 284 138 1683 0 0 0 0 0 0 0 0 22 164 0 315 0 0 0 0 0 0 0 0 0 0 
0 0 0 0 0 0 0 0 0 3 0 0 0 42 104 0 0 698 10 672 10 0 14 0 1744 0 0 0 44 5 0 0 0 0 0 1 127 0 0 2166 0 0 0 0 0 0 0 0 0 0 0 0 0 0 0 779 22 114 4562 979 3384 468 0 366 11 1 0 0 0 1 733 315 0 803 248 0 0 19 0 0 0 0 0 
0 0 0 0 0 0 0 0 0 0 0 0 0 7 44 0 0 19 31 27 0 0 0 0 2 0 0 0 0 0 0 0 0 0 0 0 12 0 0 275 0 0 0 0 0 0 0 0 0 0 0 0 0 0 0 139 0 0 5 0 85 0 0 0 0 0 0 0 0 0 2 0 803 0 16 0 0 0 0 0 0 0 0 
0 0 0 0 64 5 95 70 0 77 0 0 291 36 101 3 0 424 286 650 9 0 0 0 26 0 0 0 0 0 0 0 0 948 70 110 526 0 0 1367 0 235 0 0 82 2497 704 2074 2471 30 6528 8 0 3 40 797 1282 93 716 6 1017 62 0 0 2 0 0 0 126 1 443 0 248 16 0 1 6 80 0 58 0 0 0 
0 0 0 0 24 0 7 416 0 1144 0 0 195 8 80 0 0 2 0 1 0 0 0 0 7 0 0 0 0 0 0 0 0 20 9 203 2 0 0 2171 0 0 0 0 0 0 1 1 14208 0 8946 1845 0 0 79 207 0 0 0 0 15 0 0 0 0 1 0 0 0 9 6 0 0 0 1 0 410 246 28 0 60 950 122 
0 0 0 0 20 0 452 564 0 13 0 0 339 18 0 0 0 0 0 0 0 0 0 0 0 0 0 0 0 0 0 0 0 34 25 421 4 0 0 35 0 2165 1563 0 0 43 0 8520 3768 0 148 770 0 0 10 0 0 0 0 0 0 0 0 0 0 1 0 0 0 0 0 0 0 0 6 410 0 143 28 1 0 0 199 
0 0 0 0 125 0 64 227 0 48 0 0 482 3 186 0 0 53 59 15 0 0 0 0 209 0 0 0 2 0 0 0 0 311 60 76 218 1 0 2374 0 3510 4327 0 411 2188 30 6929 14261 0 17445 405 10 0 36 665 24 0 1570 91 2444 1 0 5 0 351 0 44 0 947 513 0 19 0 80 246 143 0 89 300 0 0 1165 
0 0 0 0 3 0 2 0 0 0 0 0 23 0 10 0 0 0 0 0 0 0 0 0 0 0 0 0 0 0 0 0 0 0 0 0 0 0 0 29 0 0 0 0 0 0 0 0 30 0 488 13 0 0 0 56 0 0 0 0 3 0 0 0 0 0 0 5 0 0 0 0 0 0 0 28 28 89 0 0 0 0 10948 
0 0 0 0 0 0 0 0 0 0 0 0 0 0 0 0 0 0 0 0 0 0 0 0 0 0 0 0 0 0 0 0 0 0 0 0 0 0 0 0 0 1210 0 0 1 0 0 147 0 0 0 0 0 0 0 0 0 0 0 0 0 0 0 0 0 0 0 1 0 0 0 0 0 0 58 0 1 300 0 0 0 3 2 
0 0 0 0 0 0 0 0 0 0 0 0 0 0 0 0 0 0 0 0 0 0 0 0 0 0 0 0 0 0 0 0 0 0 0 0 0 0 0 0 0 0 0 0 0 0 0 0 0 0 0 0 0 0 0 0 0 0 0 0 52 5 0 0 69 133 29 5 0 60 0 0 0 0 0 60 0 0 0 0 0 0 32 
0 0 0 0 0 0 0 0 0 0 0 0 0 0 0 0 0 0 0 0 0 0 0 0 0 0 0 0 0 0 0 0 0 0 0 0 0 0 0 0 0 0 0 0 0 0 0 0 0 0 0 0 0 0 0 0 0 0 0 0 0 0 0 0 0 62 0 24 5 0 0 0 0 0 0 950 0 0 0 3 0 0 49 
334 0 0 0 0 0 0 1 0 675 0 0 3 0 0 23 0 6 0 1 0 0 0 0 54 0 0 0 25 0 0 0 0 0 1 244 2430 8608 76 2 75 0 0 0 0 0 0 0 920 0 522 4 0 0 0 0 0 0 0 0 0 0 0 0 0 0 0 0 0 0 0 0 0 0 0 122 199 1165 10948 2 32 49 0 
