0 911 0 89 17 0 439 32 8 7 0 4 0 0 0 3 23 18 2 22 586 49 100 0 37 0 0 2 10 37 0 0 0 2212 0 1698 4592 0 700 0 0 3607 0 0 61 0 0 11 49 0 0 0 0 0 0 0 0 0 0 0 0 0 0 0 0 0 0 0 0 0 0 0 0 0 0 0 0 2 0 0 0 0 0 
911 0 0 0 28 0 9 12 2 1 0 0 0 0 0 0 5 0 0 0 0 0 0 0 0 0 0 0 0 0 0 0 0 361 65 2306 7597 476 0 0 0 0 0 0 0 0 0 0 3 0 0 0 0 0 0 0 0 0 0 0 0 0 0 0 0 0 0 0 0 0 0 0 0 0 0 0 0 0 0 0 0 0 9 
0 0 0 241 0 0 0 0 0 0 0 207 0 0 0 0 0 0 0 0 0 0 0 0 0 0 0 0 0 0 0 0 0 0 0 0 0 0 0 0 0 212 0 1 11 0 0 62 0 0 0 0 0 0 0 0 0 0 0 0 0 0 0 0 0 0 0 0 0 0 0 0 0 0 0 0 0 0 0 0 0 0 0 
89 0 241 0 0 0 13 15 0 0 0 13 0 0 0 0 0 0 0 0 0 0 0 0 0 0 0 0 0 0 0 0 0 7 0 0 0 0 38 0 0 860 0 0 135 0 0 0 0 0 0 0 3 0 0 0 0 0 0 0 0 0 0 0 0 0 0 0 0 0 0 0 0 0 0 0 0 0 0 0 0 0 0 
17 28 0 0 0 427 321 1091 523 117 0 0 0 0 0 0 0 0 0 0 0 0 0 0 0 0 0 0 0 0 0 0 0 2551 172 1040 4769 394 0 0 0 0 0 0 0 0 0 0 9 0 0 0 0 0 0 0 0 0 0 0 0 0 0 0 0 0 0 0 0 0 0 0 0 0 0 0 0 0 0 0 0 0 0 
0 0 0 0 427 0 197 760 2403 1398 0 0 0 0 0 11 243 0 55 0 0 0 0 0 0 0 0 0 0 0 0 0 0 302 0 0 127 0 0 0 0 0 0 0 0 0 0 0 0 0 0 0 0 0 0 0 0 0 0 0 0 0 0 0 0 0 0 0 0 0 0 0 0 0 0 0 0 0 0 0 0 0 0 
439 9 0 13 321 197 0 2457 639 78 0 3475 2523 0 0 0 6 0 3 0 2 0 0 0 0 0 0 0 0 0 0 0 0 391 141 29065 11585 1006 0 0 0 7338 0 2687 217 0 0 7116 10017 0 0 0 251 30 0 0 0 0 0 0 0 0 0 0 0 0 0 0 0 0 0 0 0 0 0 0 0 0 0 0 0 0 21 
32 12 0 15 1091 760 2457 0 162 520 319 1403 21232 8329 0 2 19 0 2 1 0 0 0 0 0 0 0 0 0 0 0 0 0 316 17895 4866 5862 344 0 0 0 0 0 24 0 0 0 215 42209 0 40 4 6 114 0 0 0 0 0 0 0 0 0 0 0 0 0 0 0 0 0 0 0 0 0 0 0 0 0 0 0 0 283 
8 2 0 0 523 2403 639 162 0 5788 0 0 0 0 0 3 24 0 0 0 0 0 0 0 0 0 0 0 0 0 0 0 0 181 2365 1210 3709 252 0 0 0 0 0 0 0 0 0 0 0 0 0 0 0 0 0 0 0 0 0 0 0 0 0 0 0 0 0 0 0 0 0 0 0 0 0 0 0 0 0 0 0 0 28 
7 1 0 0 117 1398 78 520 5788 0 13 0 0 240 0 1620 3822 40 768 0 0 0 0 0 0 0 0 0 0 1 0 0 0 1726 23138 1945 8397 0 0 0 0 0 0 0 0 0 0 0 4321 0 8244 12610 0 0 50 0 922 0 708 0 53 0 0 0 0 0 0 0 0 0 0 0 0 0 0 5 150 0 0 0 0 0 2685 
0 0 0 0 0 0 0 319 0 13 0 0 263 5621 0 14 0 297 0 382 0 0 0 0 0 0 0 0 0 0 0 0 0 0 0 0 0 0 0 0 0 0 0 0 0 0 0 0 3773 0 2934 5026 0 0 294 0 1 0 41 0 1 0 0 0 0 0 0 0 0 0 0 0 0 0 0 0 3 0 0 0 0 0 0 
4 0 207 13 0 0 3475 1403 0 0 0 0 0 0 0 0 0 0 0 0 0 0 0 0 0 0 0 0 0 0 0 0 0 1 0 0 0 0 2 0 0 278 0 121 118 0 0 85 7 0 0 0 7 0 0 0 0 0 0 0 0 0 0 0 0 0 0 0 0 0 0 0 0 0 0 0 0 0 0 0 0 0 0 
0 0 0 0 0 0 2523 21232 0 0 263 0 0 256 0 0 0 0 0 28 0 0 0 0 0 0 0 0 0 0 0 0 0 0 2 5 1 0 0 0 0 0 0 159 20 0 0 10 561 0 0 0 1 9 0 0 0 0 0 0 0 0 0 0 0 0 0 0 0 0 0 0 0 0 0 0 0 0 0 0 0 0 0 
0 0 0 0 0 0 0 8329 0 240 5621 0 256 0 1086 288 0 457 0 3753 0 0 0 0 0 0 0 0 0 0 0 0 0 0 0 0 0 0 0 0 0 0 0 0 0 0 0 0 10 0 0 371 0 0 91 0 114 0 224 0 45 0 0 0 0 0 0 0 0 0 0 0 0 0 0 0 0 0 0 0 0 0 0 
0 0 0 0 0 0 0 0 0 0 0 0 0 1086 0 0 0 1064 171 9992 377 0 0 0 1 0 0 0 0 0 0 0 0 0 0 0 0 0 0 1 0 7 1 0 0 0 0 0 0 0 0 0 0 0 15 9 0 0 547 2 1633 175 3 405 77 117 15 0 0 33 13 0 48 0 136 0 0 165 0 0 1 0 0 
3 0 0 0 0 11 0 2 3 1620 14 0 0 288 0 0 1659 1422 29 113 0 0 0 0 0 0 0 0 0 18 0 0 0 238 3257 2308 1958 0 0 0 0 0 0 0 0 0 0 0 2 0 1122 3007 0 0 55 3 1017 0 2949 0 140 0 0 0 0 0 0 0 0 0 0 0 0 0 0 16 949 0 0 0 0 0 403 
23 5 0 0 0 243 6 19 24 3822 0 0 0 0 0 1659 0 1228 447 0 0 0 0 0 0 0 0 0 539 5746 2278 643 0 1997 878 0 4776 0 0 0 0 0 0 0 0 0 0 0 0 0 0 0 0 0 0 0 0 0 0 0 0 0 0 0 0 0 0 0 0 0 0 0 0 0 0 0 0 0 0 0 0 0 155 
18 0 0 0 0 0 0 0 0 40 297 0 0 457 1064 1422 1228 0 20351 2043 10 2 2087 3 367 0 0 0 4024 1694 0 589 0 98 4009 1450 32 0 0 7 0 0 0 0 0 0 0 0 0 0 36 133 0 0 125 92 8 0 11359 0 9612 0 0 0 0 0 0 0 0 0 0 0 0 0 0 3563 592 5 1 0 5 154 9 
2 0 0 0 0 55 3 2 0 768 0 0 0 0 171 29 447 20351 0 6296 0 0 381 0 150 0 0 0 3972 1989 1 0 0 532 276 0 3437 0 0 48 0 28 0 0 0 0 0 0 0 0 0 0 0 0 0 0 0 0 146 0 36 25 0 206 0 0 0 0 0 64 5 0 48 0 170 0 0 1683 1 0 9 0 44 
22 0 0 0 0 0 0 1 0 0 382 0 28 3753 9992 113 0 2043 6296 0 1 45 755 895 724 2 0 4 378 300 0 10 0 211 105 0 93 0 0 13 0 119 2 0 0 0 0 0 0 0 12 173 0 0 87 141 13 0 1347 0 10308 0 0 3 2 6 0 0 0 455 107 0 412 0 550 352 0 2657 26 0 6 143 0 
586 0 0 0 0 0 2 0 0 0 0 0 0 0 377 0 0 10 0 1 0 247 1886 1232 1000 0 0 2 2261 1433 0 394 0 1613 360 0 532 0 0 4 0 0 0 0 0 0 0 0 0 0 0 0 0 0 0 0 0 0 0 0 0 9 0 3 11 3 0 0 0 0 0 0 0 0 0 0 0 3 0 0 3 0 0 
49 0 0 0 0 0 0 0 0 0 0 0 0 0 0 0 0 2 0 45 247 0 405 1803 4271 0 0 0 512 78 0 2 0 55 1 0 4 0 0 0 0 0 0 0 0 0 0 0 0 0 0 0 0 0 0 0 0 0 0 0 0 0 0 0 0 0 0 0 0 0 0 0 0 0 0 0 0 0 0 0 0 0 0 
100 0 0 0 0 0 0 0 0 0 0 0 0 0 0 0 0 2087 381 755 1886 405 0 60 3703 0 0 0 1526 531 0 114 0 452 104 0 1450 0 0 2 0 0 0 0 0 0 0 0 0 0 0 0 0 0 0 0 0 0 0 0 0 0 0 0 0 0 0 0 0 0 0 0 0 0 0 0 0 0 0 0 0 0 0 
0 0 0 0 0 0 0 0 0 0 0 0 0 0 0 0 0 3 0 895 1232 1803 60 0 1655 0 0 2 232 152 0 0 0 0 0 0 0 0 0 0 0 0 0 0 0 0 0 0 0 0 0 0 0 0 0 0 0 0 0 0 0 0 0 0 0 0 0 0 0 0 0 0 0 0 0 0 0 0 0 0 0 0 0 
37 0 0 0 0 0 0 0 0 0 0 0 0 0 1 0 0 367 150 724 1000 4271 3703 1655 0 203 0 0 955 5 0 69 0 173 40 0 1639 3 0 506 167 0 0 0 0 0 0 0 0 0 0 0 0 0 0 0 0 0 0 0 0 0 0 0 0 0 0 0 0 0 0 0 1 0 0 0 0 9 0 0 73 0 0 
0 0 0 0 0 0 0 0 0 0 0 0 0 0 0 0 0 0 0 2 0 0 0 0 203 0 0 0 0 0 0 0 0 0 0 0 0 0 0 62 0 0 0 0 0 0 0 0 0 0 0 0 0 0 0 0 0 0 0 0 0 0 0 0 0 0 0 0 0 0 0 0 0 0 0 0 0 0 0 0 0 0 0 
0 0 0 0 0 0 0 0 0 0 0 0 0 0 0 0 0 0 0 0 0 0 0 0 0 0 0 0 0 0 0 0 0 0 0 0 26 0 0 47 23 0 0 0 0 0 0 0 0 0 0 0 0 0 0 0 0 0 0 0 0 0 0 0 0 0 0 0 0 0 0 0 0 0 0 0 0 0 0 0 0 0 0 
2 0 0 0 0 0 0 0 0 0 0 0 0 0 0 0 0 0 0 4 2 0 0 2 0 0 0 0 0 0 0 0 0 2270 0 0 80 3 0 0 44 0 0 0 0 0 0 0 0 0 0 0 0 0 0 0 0 0 0 0 0 0 0 0 0 0 0 0 0 0 0 0 0 0 0 0 0 0 0 0 0 0 0 
10 0 0 0 0 0 0 0 0 0 0 0 0 0 0 0 539 4024 3972 378 2261 512 1526 232 955 0 0 0 0 1031 846 235 0 271 2262 0 1029 2 0 85 0 17 0 0 0 0 0 0 0 0 0 0 0 0 0 0 0 0 0 0 3 0 0 1 0 0 0 0 0 57 13 0 20 0 118 1 0 881 2 0 71 0 44 
37 0 0 0 0 0 0 0 0 1 0 0 0 0 0 18 5746 1694 1989 300 1433 78 531 152 5 0 0 0 1031 0 380 504 8 1421 6334 17 475 0 0 0 0 2 0 0 0 0 0 0 0 0 0 0 0 0 0 0 0 0 0 0 1 0 0 0 0 0 0 0 0 1 0 0 0 0 0 0 0 155 0 0 0 0 48 
0 0 0 0 0 0 0 0 0 0 0 0 0 0 0 0 2278 0 1 0 0 0 0 0 0 0 0 0 846 380 0 984 0 0 1520 0 16 0 0 0 0 0 0 0 0 0 0 0 0 0 0 0 0 0 0 0 0 0 0 0 0 0 0 0 0 0 0 0 0 0 0 0 0 0 0 0 0 0 0 0 0 0 30 
0 0 0 0 0 0 0 0 0 0 0 0 0 0 0 0 643 589 0 10 394 2 114 0 69 0 0 0 235 504 984 0 1316 1968 27 0 224 0 0 0 0 15 0 0 0 0 0 0 0 0 0 0 0 0 0 0 0 0 8 0 16 0 0 0 0 0 0 0 0 13 5 0 11 0 8 1 0 500 2 0 0 0 63 
0 0 0 0 0 0 0 0 0 0 0 0 0 0 0 0 0 0 0 0 0 0 0 0 0 0 0 0 0 8 0 1316 0 5 0 0 55 0 0 0 0 0 0 0 0 0 0 0 0 0 0 0 0 0 0 0 0 0 0 0 0 0 0 0 0 0 0 0 0 0 0 0 0 0 0 0 0 0 0 0 0 0 6 
2212 361 0 7 2551 302 391 316 181 1726 0 1 0 0 0 238 1997 98 532 211 1613 55 452 0 173 0 0 2270 271 1421 0 1968 5 0 98 1 668 0 0 0 0 2 0 0 0 0 0 3 39 0 0 0 0 0 0 0 0 0 0 0 0 0 0 0 0 0 0 0 0 7 0 0 3 0 3 0 0 142 0 0 2 0 94 
0 65 0 0 172 0 141 17895 2365 23138 0 0 2 0 0 3257 878 4009 276 105 360 1 104 0 40 0 0 0 2262 6334 1520 27 0 98 0 1753 142 1 0 608 39 32 0 0 0 0 0 24 3745 0 0 0 0 2 0 0 0 0 65 0 116 0 0 0 0 0 0 0 0 38 21 0 81 0 49 408 0 756 19 0 66 1 13 
1698 2306 0 0 1040 0 29065 4866 1210 1945 0 0 5 0 0 2308 0 1450 0 0 0 0 0 0 0 0 0 0 0 17 0 0 0 1 1753 0 4 3 0 0 0 0 0 0 0 0 0 94 2268 0 0 0 6 7 0 0 0 0 0 0 0 0 0 0 0 0 0 0 0 0 0 0 0 0 0 0 0 0 0 0 0 0 43 
4592 7597 0 0 4769 127 11585 5862 3709 8397 0 0 1 0 0 1958 4776 32 3437 93 532 4 1450 0 1639 0 26 80 1029 475 16 224 55 668 142 4 0 1 0 1 0 2 0 0 0 0 0 7 826 0 0 0 0 1 0 0 0 0 0 0 0 0 0 0 0 1 0 0 0 6 3 0 5 0 3 0 0 189 0 0 4 0 3015 
0 476 0 0 394 0 1006 344 252 0 0 0 0 0 0 0 0 0 0 0 0 0 0 0 3 0 0 3 2 0 0 0 0 0 1 3 1 0 0 0 0 0 0 0 0 0 0 10 218 0 0 0 0 5 0 0 0 0 0 0 0 0 0 0 0 0 0 0 0 0 0 0 0 0 0 0 0 0 0 0 0 0 14398 
700 0 0 38 0 0 0 0 0 0 0 2 0 0 0 0 0 0 0 0 0 0 0 0 0 0 0 0 0 0 0 0 0 0 0 0 0 0 0 0 0 0 0 0 0 0 0 0 0 0 0 0 0 0 0 0 0 0 0 0 0 0 0 0 0 0 0 0 0 0 0 0 0 0 0 0 0 0 0 0 0 0 0 
0 0 0 0 0 0 0 0 0 0 0 0 0 0 1 0 0 7 48 13 4 0 2 0 506 62 47 0 85 0 0 0 0 0 608 0 1 0 0 0 24 0 0 0 0 0 0 0 0 0 0 0 0 0 0 0 0 0 0 0 0 0 0 0 0 0 0 0 0 1 0 0 0 0 0 0 0 9 0 0 39 0 0 
0 0 0 0 0 0 0 0 0 0 0 0 0 0 0 0 0 0 0 0 0 0 0 0 167 0 23 44 0 0 0 0 0 0 39 0 0 0 0 24 0 0 0 0 0 0 0 0 0 0 0 0 0 0 0 0 0 0 0 0 0 0 0 0 0 0 0 0 0 0 0 0 0 0 0 0 0 0 0 0 0 0 33 
3607 0 212 860 0 0 7338 0 0 0 0 278 0 0 7 0 0 0 28 119 0 0 0 0 0 0 0 0 17 2 0 15 0 2 32 0 2 0 0 0 0 0 2685 0 396 438 0 590 0 0 0 0 51 0 0 214 0 0 26 0 127 0 0 0 0 0 0 0 21 3 9 0 140 0 1348 0 4858 2890 0 1061 1 0 0 
0 0 0 0 0 0 0 0 0 0 0 0 0 0 1 0 0 0 0 2 0 0 0 0 0 0 0 0 0 0 0 0 0 0 0 0 0 0 0 0 0 2685 0 0 0 0 0 0 20 0 0 0 0 0 0 0 0 0 10 0 18 0 0 0 0 0 0 0 0 0 0 0 42 0 577 0 2654 6553 0 0 0 0 0 
0 0 1 0 0 0 2687 24 0 0 0 121 159 0 0 0 0 0 0 0 0 0 0 0 0 0 0 0 0 0 0 0 0 0 0 0 0 0 0 0 0 0 0 0 112 0 0 0 15 0 0 0 404 0 0 0 0 0 0 0 0 0 0 0 0 0 0 0 0 0 0 0 0 0 0 0 0 0 0 0 0 0 0 
61 0 11 135 0 0 217 0 0 0 0 118 20 0 0 0 0 0 0 0 0 0 0 0 0 0 0 0 0 0 0 0 0 0 0 0 0 0 0 0 0 396 0 112 0 0 0 1 39 0 0 0 252 5 0 0 0 0 0 0 0 0 0 0 0 0 0 0 0 0 0 0 0 0 0 0 0 0 0 0 0 0 0 
0 0 0 0 0 0 0 0 0 0 0 0 0 0 0 0 0 0 0 0 0 0 0 0 0 0 0 0 0 0 0 0 0 0 0 0 0 0 0 0 0 438 0 0 0 0 149 289 0 49 0 0 0 0 0 0 0 0 0 0 0 0 0 0 0 0 0 0 0 0 0 0 0 0 1969 0 51 8113 0 0 0 0 0 
0 0 0 0 0 0 0 0 0 0 0 0 0 0 0 0 0 0 0 0 0 0 0 0 0 0 0 0 0 0 0 0 0 0 0 0 0 0 0 0 0 0 0 0 0 149 0 0 0 6071 2934 0 0 0 0 0 0 0 0 0 0 0 0 0 0 0 0 0 0 0 0 0 0 0 2749 0 0 393 0 0 0 0 0 
11 0 62 0 0 0 7116 215 0 0 0 85 10 0 0 0 0 0 0 0 0 0 0 0 0 0 0 0 0 0 0 0 0 3 24 94 7 10 0 0 0 590 0 0 1 289 0 0 4282 9637 0 0 1 0 0 0 0 0 0 0 1 0 0 0 0 0 0 0 0 0 0 0 1 0 560 115 15953 11066 168 0 0 0 39 
49 3 0 0 9 0 10017 42209 0 4321 3773 7 561 10 0 2 0 0 0 0 0 0 0 0 0 0 0 0 0 0 0 0 0 39 3745 2268 826 218 0 0 0 0 20 15 39 0 0 4282 0 400 231 87 452 1690 2065 0 172 0 0 0 0 0 0 0 0 0 0 0 0 0 0 0 0 0 3 7321 11502 7869 10 0 0 0 108 
0 0 0 0 0 0 0 0 0 0 0 0 0 0 0 0 0 0 0 0 0 0 0 0 0 0 0 0 0 0 0 0 0 0 0 0 0 0 0 0 0 0 0 0 0 49 6071 9637 400 0 3208 0 0 0 0 0 0 0 0 0 0 0 0 0 0 0 0 0 0 0 0 0 0 0 2868 2145 1783 10300 2 0 0 0 4 
0 0 0 0 0 0 0 40 0 8244 2934 0 0 0 0 1122 0 36 0 12 0 0 0 0 0 0 0 0 0 0 0 0 0 0 0 0 0 0 0 0 0 0 0 0 0 0 2934 0 231 3208 0 30 0 0 21 0 2172 2005 206 0 0 0 0 0 0 0 0 0 0 15 1364 0 0 0 3548 9131 3076 30505 0 0 0 0 51 
0 0 0 0 0 0 0 4 0 12610 5026 0 0 371 0 3007 0 133 0 173 0 0 0 0 0 0 0 0 0 0 0 0 0 0 0 0 0 0 0 0 0 0 0 0 0 0 0 0 87 0 30 0 0 0 1863 4 106 0 5 0 0 0 0 0 0 0 0 0 0 0 0 0 0 0 0 491 867 406 0 0 0 0 0 
0 0 0 3 0 0 251 6 0 0 0 7 1 0 0 0 0 0 0 0 0 0 0 0 0 0 0 0 0 0 0 0 0 0 0 6 0 0 0 0 0 51 0 404 252 0 0 1 452 0 0 0 0 18 0 0 0 0 0 0 0 0 0 0 0 0 0 0 0 0 0 0 0 0 0 0 0 0 0 0 0 0 0 
0 0 0 0 0 0 30 114 0 0 0 0 9 0 0 0 0 0 0 0 0 0 0 0 0 0 0 0 0 0 0 0 0 0 2 7 1 5 0 0 0 0 0 0 5 0 0 0 1690 0 0 0 18 0 11 0 0 0 0 0 0 0 0 0 0 0 0 0 0 0 0 0 0 0 0 0 0 0 0 0 0 0 0 
0 0 0 0 0 0 0 0 0 50 294 0 0 91 15 55 0 125 0 87 0 0 0 0 0 0 0 0 0 0 0 0 0 0 0 0 0 0 0 0 0 0 0 0 0 0 0 0 2065 0 21 1863 0 11 0 1149 177 0 124 0 1598 0 0 0 1 0 0 0 0 0 0 0 0 0 0 0 0 0 0 0 0 0 0 
0 0 0 0 0 0 0 0 0 0 0 0 0 0 9 3 0 92 0 141 0 0 0 0 0 0 0 0 0 0 0 0 0 0 0 0 0 0 0 0 0 214 0 0 0 0 0 0 0 0 0 4 0 0 1149 0 0 0 3059 1334 11748 2016 535 953 319 2102 229 0 0 780 282 0 160 0 1857 0 0 1572 0 0 23 0 0 
0 0 0 0 0 0 0 0 0 922 1 0 0 114 0 1017 0 8 0 13 0 0 0 0 0 0 0 0 0 0 0 0 0 0 0 0 0 0 0 0 0 0 0 0 0 0 0 0 172 0 2172 106 0 0 177 0 0 5882 995 664 2 0 0 0 0 0 0 0 0 20 715 0 0 0 896 6084 1122 9405 0 0 0 0 226 
0 0 0 0 0 0 0 0 0 0 0 0 0 0 0 0 0 0 0 0 0 0 0 0 0 0 0 0 0 0 0 0 0 0 0 0 0 0 0 0 0 0 0 0 0 0 0 0 0 0 2005 0 0 0 0 0 5882 0 93 199 0 0 0 0 0 0 0 0 0 352 12898 1824 71 29 99 0 0 1020 0 0 0 0 0 
0 0 0 0 0 0 0 0 0 708 41 0 0 224 547 2949 0 11359 146 1347 0 0 0 0 0 0 0 0 0 0 0 8 0 0 65 0 0 0 0 0 0 26 10 0 0 0 0 0 0 0 206 5 0 0 124 3059 995 93 0 13038 2474 27 82 19 806 2061 0 0 3 13474 18099 455 5145 1191 624 6409 458 5905 231 0 18 579 957 
0 0 0 0 0 0 0 0 0 0 0 0 0 0 2 0 0 0 0 0 0 0 0 0 0 0 0 0 0 0 0 0 0 0 0 0 0 0 0 0 0 0 0 0 0 0 0 0 0 0 0 0 0 0 0 1334 664 199 13038 0 37 0 0 2624 0 2972 0 0 0 10566 5320 38 2 0 51 0 0 92 0 0 0 0 0 
0 0 0 0 0 0 0 0 0 53 1 0 0 45 1633 140 0 9612 36 10308 0 0 0 0 0 0 0 0 3 1 0 16 0 0 116 0 0 0 0 0 0 127 18 0 0 0 0 1 0 0 0 0 0 0 1598 11748 2 0 2474 37 0 203 0 0 5 139 0 0 0 3492 1965 0 1501 0 1397 577 0 1012 207 0 1 38 0 
0 0 0 0 0 0 0 0 0 0 0 0 0 0 175 0 0 0 25 0 9 0 0 0 0 0 0 0 0 0 0 0 0 0 0 0 0 0 0 0 0 0 0 0 0 0 0 0 0 0 0 0 0 0 0 2016 0 0 27 0 203 0 277 4 1776 1750 0 0 0 12 0 0 0 0 0 0 0 0 0 0 0 0 0 
0 0 0 0 0 0 0 0 0 0 0 0 0 0 3 0 0 0 0 0 0 0 0 0 0 0 0 0 0 0 0 0 0 0 0 0 0 0 0 0 0 0 0 0 0 0 0 0 0 0 0 0 0 0 0 535 0 0 82 0 0 277 0 2 474 1789 0 0 0 18 0 0 0 0 0 0 0 0 0 0 0 0 0 
0 0 0 0 0 0 0 0 0 0 0 0 0 0 405 0 0 0 206 3 3 0 0 0 0 0 0 0 1 0 0 0 0 0 0 0 0 0 0 0 0 0 0 0 0 0 0 0 0 0 0 0 0 0 0 953 0 0 19 2624 0 4 2 0 377 7906 1 0 79 9818 116 0 0 0 0 0 0 220 0 0 1 0 0 
0 0 0 0 0 0 0 0 0 0 0 0 0 0 77 0 0 0 0 2 11 0 0 0 0 0 0 0 0 0 0 0 0 0 0 0 0 0 0 0 0 0 0 0 0 0 0 0 0 0 0 0 0 0 1 319 0 0 806 0 5 1776 474 377 0 1653 1 0 0 8 0 0 0 0 0 0 0 0 0 0 0 0 0 
0 0 0 0 0 0 0 0 0 0 0 0 0 0 117 0 0 0 0 6 3 0 0 0 0 0 0 0 0 0 0 0 0 0 0 0 1 0 0 0 0 0 0 0 0 0 0 0 0 0 0 0 0 0 0 2102 0 0 2061 2972 139 1750 1789 7906 1653 0 19 0 0 2180 9 0 0 0 0 283 0 395 0 0 91 720 0 
0 0 0 0 0 0 0 0 0 0 0 0 0 0 15 0 0 0 0 0 0 0 0 0 0 0 0 0 0 0 0 0 0 0 0 0 0 0 0 0 0 0 0 0 0 0 0 0 0 0 0 0 0 0 0 229 0 0 0 0 0 0 0 1 1 19 0 9 0 0 0 0 0 0 0 0 0 0 0 0 502 0 0 
0 0 0 0 0 0 0 0 0 0 0 0 0 0 0 0 0 0 0 0 0 0 0 0 0 0 0 0 0 0 0 0 0 0 0 0 0 0 0 0 0 0 0 0 0 0 0 0 0 0 0 0 0 0 0 0 0 0 0 0 0 0 0 0 0 0 9 0 0 0 0 0 0 0 0 0 0 0 0 0 93 0 0 
0 0 0 0 0 0 0 0 0 0 0 0 0 0 0 0 0 0 0 0 0 0 0 0 0 0 0 0 0 0 0 0 0 0 0 0 0 0 0 0 0 21 0 0 0 0 0 0 0 0 0 0 0 0 0 0 0 0 3 0 0 0 0 79 0 0 0 0 0 0 0 0 0 0 1048 0 0 214 20 0 0 152 0 
0 0 0 0 0 0 0 0 0 0 0 0 0 0 33 0 0 0 64 455 0 0 0 0 0 0 0 0 57 1 0 13 0 7 38 0 6 0 0 1 0 3 0 0 0 0 0 0 0 0 15 0 0 0 0 780 20 352 13474 10566 3492 12 18 9818 8 2180 0 0 0 0 1791 348 163 0 201 544 0 1819 31 3 459 168 0 
0 0 0 0 0 0 0 0 0 0 0 0 0 0 13 0 0 0 5 107 0 0 0 0 0 0 0 0 13 0 0 5 0 0 21 0 3 0 0 0 0 9 0 0 0 0 0 0 0 0 1364 0 0 0 0 282 715 12898 18099 5320 1965 0 0 116 0 9 0 0 0 1791 0 578 2549 22 112 0 0 1801 0 0 0 0 1 
0 0 0 0 0 0 0 0 0 0 0 0 0 0 0 0 0 0 0 0 0 0 0 0 0 0 0 0 0 0 0 0 0 0 0 0 0 0 0 0 0 0 0 0 0 0 0 0 0 0 0 0 0 0 0 0 0 1824 455 38 0 0 0 0 0 0 0 0 0 348 578 0 3386 3 4 0 0 77 0 0 0 0 0 
0 0 0 0 0 0 0 0 0 0 0 0 0 0 48 0 0 0 48 412 0 0 0 0 1 0 0 0 20 0 0 11 0 3 81 0 5 0 0 0 0 140 42 0 0 0 0 1 0 0 0 0 0 0 0 160 0 71 5145 2 1501 0 0 0 0 0 0 0 0 163 2549 3386 0 201 2452 0 0 63 0 0 0 0 0 
0 0 0 0 0 0 0 0 0 0 0 0 0 0 0 0 0 0 0 0 0 0 0 0 0 0 0 0 0 0 0 0 0 0 0 0 0 0 0 0 0 0 0 0 0 0 0 0 0 0 0 0 0 0 0 0 0 29 1191 0 0 0 0 0 0 0 0 0 0 0 22 3 201 0 76 0 0 0 0 0 0 0 0 
0 0 0 0 0 0 0 0 0 0 0 0 0 0 136 0 0 0 170 550 0 0 0 0 0 0 0 0 118 0 0 8 0 3 49 0 3 0 0 0 0 1348 577 0 0 1969 2749 560 3 2868 3548 0 0 0 0 1857 896 99 624 51 1397 0 0 0 0 0 0 0 1048 201 112 4 2452 76 0 0 0 450 0 0 0 10 282 
0 0 0 0 0 0 0 0 0 5 0 0 0 0 0 16 0 3563 0 352 0 0 0 0 0 0 0 0 1 0 0 1 0 0 408 0 0 0 0 0 0 0 0 0 0 0 0 115 7321 2145 9131 491 0 0 0 0 6084 0 6409 0 577 0 0 0 0 283 0 0 0 544 0 0 0 0 0 0 274 205 11 0 426 224 136 
0 0 0 0 0 0 0 0 0 150 3 0 0 0 0 949 0 592 0 0 0 0 0 0 0 0 0 0 0 0 0 0 0 0 0 0 0 0 0 0 0 4858 2654 0 0 51 0 15953 11502 1783 3076 867 0 0 0 0 1122 0 458 0 0 0 0 0 0 0 0 0 0 0 0 0 0 0 0 274 0 34 0 2 0 0 1164 
2 0 0 0 0 0 0 0 0 0 0 0 0 0 165 0 0 5 1683 2657 3 0 0 0 9 0 0 0 881 155 0 500 0 142 756 0 189 0 0 9 0 2890 6553 0 0 8113 393 11066 7869 10300 30505 406 0 0 0 1572 9405 1020 5905 92 1012 0 0 220 0 395 0 0 214 1819 1801 77 63 0 450 205 34 0 0 0 0 0 3192 
0 0 0 0 0 0 0 0 0 0 0 0 0 0 0 0 0 1 1 26 0 0 0 0 0 0 0 0 2 0 0 2 0 0 19 0 0 0 0 0 0 0 0 0 0 0 0 168 10 2 0 0 0 0 0 0 0 0 231 0 207 0 0 0 0 0 0 0 20 31 0 0 0 0 0 11 0 0 0 0 0 0 10354 
0 0 0 0 0 0 0 0 0 0 0 0 0 0 0 0 0 0 0 0 0 0 0 0 0 0 0 0 0 0 0 0 0 0 0 0 0 0 0 0 0 1061 0 0 0 0 0 0 0 0 0 0 0 0 0 0 0 0 0 0 0 0 0 0 0 0 0 0 0 3 0 0 0 0 0 0 2 0 0 0 0 6 229 
0 0 0 0 0 0 0 0 0 0 0 0 0 0 1 0 0 5 9 6 3 0 0 0 73 0 0 0 71 0 0 0 0 2 66 0 4 0 0 39 0 1 0 0 0 0 0 0 0 0 0 0 0 0 0 23 0 0 18 0 1 0 0 1 0 91 502 93 0 459 0 0 0 0 0 426 0 0 0 0 0 9 0 
0 0 0 0 0 0 0 0 0 0 0 0 0 0 0 0 0 154 0 143 0 0 0 0 0 0 0 0 0 0 0 0 0 0 1 0 0 0 0 0 0 0 0 0 0 0 0 0 0 0 0 0 0 0 0 0 0 0 579 0 38 0 0 0 0 720 0 0 152 168 0 0 0 0 10 224 0 0 0 6 9 0 0 
0 9 0 0 0 0 21 283 28 2685 0 0 0 0 0 403 155 9 44 0 0 0 0 0 0 0 0 0 44 48 30 63 6 94 13 43 3015 14398 0 0 33 0 0 0 0 0 0 39 108 4 51 0 0 0 0 0 226 0 957 0 0 0 0 0 0 0 0 0 0 0 1 0 0 0 282 136 1164 3192 10354 229 0 0 0 
