0 771 0 1368 1751 0 134 0 0 0 0 0 0 0 0 1 0 1739 0 0 154 229 467 414 0 0 14 278 21 428 0 2756 0 1433 0 1971 1052 0 41 0 0 137 0 8 17 0 0 0 0 0 0 0 0 0 0 0 0 0 336 5 0 0 0 0 0 6 0 0 0 0 0 0 0 0 0 0 0 12 0 0 0 0 35 
771 0 0 0 284 0 0 0 0 0 0 0 0 0 0 0 0 45 0 0 12 23 103 22 0 0 0 0 0 0 0 3 0 3909 0 52 4934 0 0 0 0 0 0 0 0 0 0 0 0 0 0 0 0 0 0 0 0 0 0 0 0 0 0 0 0 0 0 0 0 0 0 0 0 0 0 0 0 0 0 0 0 0 0 
0 0 0 222 0 0 0 0 0 0 0 682 0 0 0 0 0 0 0 0 0 0 0 0 0 0 0 0 0 0 0 0 0 0 0 869 0 0 0 0 0 144 0 1397 194 0 0 263 1878 0 0 0 0 0 0 0 0 0 0 0 0 0 0 0 0 0 0 0 0 0 0 0 0 0 0 0 0 0 0 0 0 0 0 
1368 0 222 0 0 0 10 495 0 0 0 47 6 0 0 0 0 0 0 0 0 0 0 0 0 0 0 61 0 4 0 47 0 209 0 951 5 0 20 0 0 650 0 462 388 0 0 23 101 0 2 0 17 0 0 0 2 0 0 0 0 0 0 0 0 0 0 0 0 0 0 0 0 0 0 0 0 0 0 0 0 0 49 
1751 284 0 0 0 657 908 17 608 0 0 0 0 0 0 20 0 1 0 0 0 0 0 0 0 0 0 0 0 0 0 0 0 3681 113 2554 7070 325 0 0 0 0 0 0 0 0 0 0 0 0 0 0 0 0 0 0 0 0 0 0 0 0 0 0 0 0 0 0 0 0 0 0 0 0 0 0 0 0 0 0 0 0 71 
0 0 0 0 657 0 159 780 745 2377 0 0 0 0 0 1149 0 0 3685 0 0 0 0 0 0 0 0 0 0 0 8 0 0 444 0 13 4327 6 0 0 0 0 0 0 0 0 0 0 0 0 0 0 0 0 0 0 0 0 0 0 0 0 0 0 0 0 0 0 0 0 0 0 0 0 0 0 0 0 0 0 0 0 0 
134 0 0 10 908 159 0 417 671 0 0 494 1132 0 0 2 0 1380 1 2 279 329 1463 633 0 0 0 0 0 21 0 330 0 336 132 19704 12118 105 0 0 0 160 0 84 21 0 0 1919 4353 0 0 0 0 5 0 0 0 0 0 0 0 0 0 0 0 0 0 0 0 0 0 0 0 0 0 0 0 0 0 0 0 0 14 
0 0 0 495 17 780 417 0 4021 214 687 2184 8446 4203 0 21 0 29 0 1805 0 0 0 0 0 0 0 0 0 0 0 0 0 0 7984 7645 2572 124 0 0 0 0 0 8 0 0 0 954 23702 0 2606 1 0 126 454 0 0 0 0 0 0 0 0 0 0 0 0 0 0 0 0 0 0 0 0 0 1 0 0 0 0 0 2582 
0 0 0 0 608 745 671 4021 0 4142 0 0 0 0 0 66 0 0 10 0 0 0 0 0 0 0 0 0 0 0 0 0 0 0 485 542 1148 0 0 0 0 0 0 0 0 0 0 0 0 0 0 0 0 0 0 0 0 0 0 0 0 0 0 0 0 0 0 0 0 0 0 0 0 0 0 0 0 0 0 0 0 0 0 
0 0 0 0 0 2377 0 214 4142 0 116 0 0 3417 0 1987 119 24 15573 1 0 0 0 0 0 0 0 0 0 0 1 2 0 648 14793 2689 4736 1510 0 0 0 0 0 0 0 0 0 0 0 0 3799 608 0 0 172 0 1383 0 79 0 134 0 0 0 0 0 0 0 0 0 0 0 0 0 0 7 0 0 0 0 0 0 12139 
0 0 0 0 0 0 0 687 0 116 0 0 0 2694 0 33 0 46 0 690 0 0 0 0 0 0 0 0 0 0 0 0 0 0 0 0 0 0 0 0 0 0 0 0 0 0 0 0 0 0 88 23 0 0 37 0 100 0 11 0 23 0 0 0 0 0 0 0 0 0 0 0 0 0 0 1 0 0 0 0 0 0 0 
0 0 682 47 0 0 494 2184 0 0 0 0 283 301 0 0 0 0 0 185 0 0 0 0 0 0 0 0 0 0 0 0 0 0 0 0 0 0 0 0 0 83 0 353 318 0 0 105 306 0 0 0 1 0 0 0 0 0 0 0 0 0 0 0 0 0 0 0 0 0 0 0 0 0 0 0 0 0 0 0 0 0 0 
0 0 0 6 0 0 1132 8446 0 0 0 283 0 472 2 0 0 0 0 382 0 0 0 0 0 0 0 0 0 0 0 0 0 0 0 7 0 0 0 0 0 0 0 0 0 0 0 196 777 0 0 0 0 16 0 0 0 0 0 0 0 0 0 0 0 0 0 0 0 0 0 0 0 0 0 0 0 0 0 0 0 0 0 
0 0 0 0 0 0 0 4203 0 3417 2694 301 472 0 697 204 0 316 0 7698 0 0 0 8 0 0 0 0 0 0 0 0 0 0 0 0 0 0 0 0 0 0 0 0 0 0 0 0 10 0 28 14 0 0 3 15 14 0 5 0 398 0 0 0 0 0 0 0 0 0 0 0 0 0 0 0 0 0 0 0 0 0 0 
0 0 0 0 0 0 0 0 0 0 0 0 2 697 0 0 0 1047 0 9101 5 0 0 14 6 10 0 0 0 0 0 0 0 0 0 0 0 0 0 0 0 0 0 0 0 0 0 0 0 0 0 0 0 0 1 0 0 0 89 0 11 1 0 0 0 0 0 0 0 0 0 0 0 0 0 0 0 0 0 0 0 0 0 
1 0 0 0 20 1149 2 21 66 1987 33 0 0 204 0 0 1698 353 5229 1 0 0 0 0 0 0 0 0 0 214 159 647 18 3329 3969 1048 10251 3 0 0 0 0 0 0 0 0 0 0 0 0 46 510 0 0 0 0 850 0 240 0 964 0 0 0 0 0 0 0 1 0 0 0 0 0 0 137 0 0 0 0 2 0 2332 
0 0 0 0 0 0 0 0 0 119 0 0 0 0 0 1698 0 46 2479 0 0 0 0 0 0 0 0 0 0 69 42 151 0 647 0 0 40 0 0 0 0 0 0 0 0 0 0 0 0 0 0 0 0 0 0 0 0 0 0 0 0 0 0 0 0 0 0 0 0 0 0 0 0 0 0 0 0 0 0 0 0 0 0 
1739 45 0 0 1 0 1380 29 0 24 46 0 0 316 1047 353 46 0 1928 107 432 871 835 43 3200 33 0 0 3051 5035 1951 10189 1027 2766 3103 208 13941 1934 0 457 1414 595 0 0 0 0 0 0 0 0 0 14 0 0 19 354 23 0 14280 5 3903 5740 0 62 0 627 0 0 31 0 0 0 0 0 63 291 0 90 0 0 14 0 3884 
0 0 0 0 0 3685 1 0 10 15573 0 0 0 0 0 5229 2479 1928 0 0 0 0 594 0 1130 0 0 0 1437 3501 172 566 2 1623 0 0 5880 0 0 0 0 0 0 0 0 0 0 0 0 0 0 0 0 0 0 0 0 0 0 0 0 0 0 0 0 0 0 0 0 0 0 0 0 0 0 0 0 0 0 0 0 0 0 
0 0 0 0 0 0 2 1805 0 1 690 185 382 7698 9101 1 0 107 0 0 48 4 0 979 22 440 0 0 0 0 0 0 0 0 0 1 32 6 0 1 3 4 0 0 0 0 0 0 0 0 0 7 0 1 13 538 51 0 3159 0 1738 425 0 17 0 0 0 0 2 0 0 0 0 0 0 81 0 2 0 0 2 0 0 
154 12 0 0 0 0 279 0 0 0 0 0 0 0 5 0 0 432 0 48 0 1252 57 282 14 0 0 0 404 156 0 185 0 135 0 0 4 0 0 0 0 310 0 0 0 0 0 0 0 0 0 0 0 0 0 0 0 0 145 0 131 730 3 39 0 0 0 0 0 0 0 0 0 0 125 0 0 3 0 0 0 0 0 
229 23 0 0 0 0 329 0 0 0 0 0 0 0 0 0 0 871 0 4 1252 0 0 387 14 0 0 0 84 49 0 38 0 263 0 0 0 0 0 0 0 4 0 0 0 0 0 0 0 0 0 0 0 0 0 0 0 0 0 0 12 77 0 3 0 0 0 0 0 0 0 0 0 0 0 0 0 0 0 0 0 0 0 
467 103 0 0 0 0 1463 0 0 0 0 0 0 0 0 0 0 835 594 0 57 0 0 3 4962 0 0 0 11903 3213 0 2448 0 2065 0 0 12 0 0 0 0 402 0 0 0 0 0 0 0 0 0 0 0 0 0 0 0 0 13 0 0 437 0 162 0 0 0 0 0 0 0 0 0 0 226 0 0 4 0 0 0 0 0 
414 22 0 0 0 0 633 0 0 0 0 0 0 8 14 0 0 43 0 979 282 387 3 0 3120 0 0 0 3774 1601 0 494 0 832 0 0 5 0 0 12 0 0 0 0 0 0 0 0 0 0 0 0 0 0 0 0 0 0 0 0 0 0 0 0 0 0 0 0 0 0 0 0 0 0 0 0 0 0 0 0 0 0 0 
0 0 0 0 0 0 0 0 0 0 0 0 0 0 6 0 0 3200 1130 22 14 14 4962 3120 0 155 0 0 224 1 0 145 0 0 71 0 36 0 0 768 0 0 0 0 0 0 0 0 0 0 0 0 0 0 0 0 0 0 0 0 0 0 0 0 0 0 0 0 0 0 0 0 0 0 0 0 0 0 0 0 0 0 0 
0 0 0 0 0 0 0 0 0 0 0 0 0 0 10 0 0 33 0 440 0 0 0 0 155 0 1 0 0 0 0 0 0 0 0 0 0 0 0 97 0 0 0 0 0 0 0 0 0 0 0 0 0 0 0 0 0 0 0 0 0 0 0 0 0 0 0 0 0 0 0 0 0 0 0 0 0 0 0 0 0 0 0 
14 0 0 0 0 0 0 0 0 0 0 0 0 0 0 0 0 0 0 0 0 0 0 0 0 1 0 0 0 0 0 0 0 8 102 0 354 0 0 151 22 0 0 0 0 0 0 0 0 0 0 0 0 0 0 0 0 0 0 0 0 0 0 0 0 0 0 0 0 0 0 0 0 0 0 0 0 0 0 0 0 0 0 
278 0 0 61 0 0 0 0 0 0 0 0 0 0 0 0 0 0 0 0 0 0 0 0 0 0 0 0 0 0 0 0 0 700 0 0 87 0 0 0 54 0 0 0 0 0 0 0 0 0 0 0 0 0 0 0 0 0 0 0 0 0 0 0 0 0 0 0 0 0 0 0 0 0 0 0 0 0 0 0 0 0 0 
21 0 0 0 0 0 0 0 0 0 0 0 0 0 0 0 0 3051 1437 0 404 84 11903 3774 224 0 0 0 0 95 18 0 0 172 243 0 2013 0 0 333 11 0 0 0 0 0 0 0 0 0 0 0 0 0 0 0 0 0 0 0 0 0 0 0 0 0 0 0 0 0 0 0 0 0 0 0 0 0 0 0 0 0 0 
428 0 0 4 0 0 21 0 0 0 0 0 0 0 0 214 69 5035 3501 0 156 49 3213 1601 1 0 0 0 95 0 666 111 0 356 0 0 308 0 0 32 0 0 0 0 0 0 0 0 0 0 0 0 0 0 0 0 0 0 0 0 0 0 0 0 0 0 0 0 0 0 0 0 0 0 0 0 0 0 0 0 0 0 0 
0 0 0 0 0 8 0 0 0 1 0 0 0 0 0 159 42 1951 172 0 0 0 0 0 0 0 0 0 18 666 0 57 0 951 0 0 201 0 0 0 0 0 0 0 0 0 0 0 0 0 0 0 0 0 0 0 0 0 0 0 0 0 0 0 0 0 0 0 0 0 0 0 0 0 0 0 0 0 0 0 0 0 0 
2756 3 0 47 0 0 330 0 0 2 0 0 0 0 0 647 151 10189 566 0 185 38 2448 494 145 0 0 0 0 111 57 0 65 2951 0 0 56 0 0 0 0 0 0 0 0 0 0 0 0 0 0 0 0 0 0 0 0 0 0 0 0 0 0 0 0 0 0 0 0 0 0 0 0 0 0 0 0 0 0 0 0 0 0 
0 0 0 0 0 0 0 0 0 0 0 0 0 0 0 18 0 1027 2 0 0 0 0 0 0 0 0 0 0 0 0 65 0 23 0 0 1 0 0 0 0 0 0 0 0 0 0 0 0 0 0 0 0 0 0 0 0 0 0 0 0 0 0 0 0 0 0 0 0 0 0 0 0 0 0 0 0 0 0 0 0 0 0 
1433 3909 0 209 3681 444 336 0 0 648 0 0 0 0 0 3329 647 2766 1623 0 135 263 2065 832 0 0 8 700 172 356 951 2951 23 0 0 0 186 0 0 0 0 0 0 0 0 0 0 0 0 0 0 0 0 0 0 0 0 0 2 0 0 0 0 0 0 0 0 0 0 0 0 0 0 0 0 0 0 0 0 0 0 0 0 
0 0 0 0 113 0 132 7984 485 14793 0 0 0 0 0 3969 0 3103 0 0 0 0 0 0 71 0 102 0 243 0 0 0 0 0 0 855 1377 0 0 1173 142 0 0 0 0 0 0 0 427 0 30 4 0 0 0 0 8 0 141 0 571 0 0 0 0 0 0 0 165 0 0 0 0 0 0 341 0 505 3 0 184 0 21 
1971 52 869 951 2554 13 19704 7645 542 2689 0 0 7 0 0 1048 0 208 0 1 0 0 0 0 0 0 0 0 0 0 0 0 0 0 855 0 26 0 0 70 0 0 0 0 0 0 0 0 111 0 17 5 0 0 0 0 2 0 0 0 0 0 0 0 0 0 0 0 0 0 0 0 0 0 0 0 0 1 0 0 0 0 446 
1052 4934 0 5 7070 4327 12118 2572 1148 4736 0 0 0 0 0 10251 40 13941 5880 32 4 0 12 5 36 0 354 87 2013 308 201 56 1 186 1377 26 0 0 1 36 9 36 0 0 0 0 0 0 445 0 0 0 0 0 0 0 0 0 2768 1 208 0 0 1 0 0 0 0 41 0 0 0 0 0 2 7 0 463 0 0 22 0 733 
0 0 0 0 325 6 105 124 0 1510 0 0 0 0 0 3 0 1934 0 6 0 0 0 0 0 0 0 0 0 0 0 0 0 0 0 0 0 0 0 0 0 0 0 0 0 0 0 0 0 0 0 0 0 0 0 0 0 0 22 0 7 0 0 0 0 0 0 0 0 0 0 0 0 0 0 0 0 0 0 0 0 0 8705 
41 0 0 20 0 0 0 0 0 0 0 0 0 0 0 0 0 0 0 0 0 0 0 0 0 0 0 0 0 0 0 0 0 0 0 0 1 0 0 0 0 0 0 0 0 0 0 0 0 0 0 0 0 0 0 0 2 0 0 0 0 0 0 0 0 0 0 0 0 0 0 0 0 0 0 0 0 0 0 0 0 0 60 
0 0 0 0 0 0 0 0 0 0 0 0 0 0 0 0 0 457 0 1 0 0 0 12 768 97 151 0 333 32 0 0 0 0 1173 70 36 0 0 0 0 6 0 0 0 0 0 0 0 0 0 0 0 0 0 0 0 0 129 0 2 0 0 1 0 0 0 0 39 0 0 0 0 0 1 0 0 889 0 0 2 0 0 
0 0 0 0 0 0 0 0 0 0 0 0 0 0 0 0 0 1414 0 3 0 0 0 0 0 0 22 54 11 0 0 0 0 0 142 0 9 0 0 0 0 0 0 0 0 0 0 0 0 0 0 0 0 0 0 0 0 0 4 0 4 0 0 0 0 0 0 0 1 0 0 0 0 0 0 0 0 1 0 0 1 0 0 
137 0 144 650 0 0 160 0 0 0 0 83 0 0 0 0 0 595 0 4 310 4 402 0 0 0 0 0 0 0 0 0 0 0 0 0 36 0 0 6 0 0 470 0 175 560 0 4471 0 0 0 0 187 0 0 0 0 0 500 50 0 805 0 967 0 136 0 0 112 1 1 0 5 0 999 0 6974 3230 0 164 5 0 0 
0 0 0 0 0 0 0 0 0 0 0 0 0 0 0 0 0 0 0 0 0 0 0 0 0 0 0 0 0 0 0 0 0 0 0 0 0 0 0 0 0 470 0 0 0 720 0 146 0 0 0 0 0 0 0 0 0 0 0 0 0 29 0 10 0 0 0 0 0 0 0 0 0 0 368 0 0 273 0 0 0 0 0 
8 0 1397 462 0 0 84 8 0 0 0 353 0 0 0 0 0 0 0 0 0 0 0 0 0 0 0 0 0 0 0 0 0 0 0 0 0 0 0 0 0 0 0 0 20 0 0 49 0 0 0 0 74 0 0 0 0 0 0 0 0 0 0 0 0 0 0 0 0 0 0 0 0 0 0 0 181 0 0 0 0 0 0 
17 0 194 388 0 0 21 0 0 0 0 318 0 0 0 0 0 0 0 0 0 0 0 0 0 0 0 0 0 0 0 0 0 0 0 0 0 0 0 0 0 175 0 20 0 0 0 0 0 0 0 0 238 0 0 0 0 0 0 0 0 0 0 0 0 0 0 0 0 0 0 0 0 0 0 0 0 0 0 0 0 0 15 
0 0 0 0 0 0 0 0 0 0 0 0 0 0 0 0 0 0 0 0 0 0 0 0 0 0 0 0 0 0 0 0 0 0 0 0 0 0 0 0 0 560 720 0 0 0 648 840 18 208 12 0 0 0 0 0 0 36 0 240 0 44 0 32 0 0 0 0 0 357 5 15 2 0 5616 0 0 2320 0 0 0 0 0 
0 0 0 0 0 0 0 0 0 0 0 0 0 0 0 0 0 0 0 0 0 0 0 0 0 0 0 0 0 0 0 0 0 0 0 0 0 0 0 0 0 0 0 0 0 648 0 2 145 2082 1379 0 0 0 0 0 46 328 0 2692 0 0 0 0 0 0 0 0 0 4060 715 651 0 0 432 0 0 26 0 0 0 0 0 
0 0 263 23 0 0 1919 954 0 0 0 105 196 0 0 0 0 0 0 0 0 0 0 0 0 0 0 0 0 0 0 0 0 0 0 0 0 0 0 0 0 4471 146 49 0 840 2 0 1739 2070 0 0 0 199 0 0 0 0 23 0 0 25 0 79 0 7 0 0 0 1 0 0 0 0 2199 1036 16240 18086 226 0 0 0 0 
0 0 1878 101 0 0 4353 23702 0 0 0 306 777 10 0 0 0 0 0 0 0 0 0 0 0 0 0 0 0 0 0 0 0 0 427 111 445 0 0 0 0 0 0 0 0 18 145 1739 0 48 44 466 2028 7445 1676 0 0 8 0 11 0 0 0 0 0 0 0 0 0 0 0 0 0 0 381 12275 9422 7539 507 0 0 0 326 
0 0 0 0 0 0 0 0 0 0 0 0 0 0 0 0 0 0 0 0 0 0 0 0 0 0 0 0 0 0 0 0 0 0 0 0 0 0 0 0 0 0 0 0 0 208 2082 2070 48 0 1193 0 0 0 0 0 2 31 0 57 0 0 0 0 0 0 0 0 0 0 0 0 0 0 221 433 2 4651 186 0 0 0 58 
0 0 0 2 0 0 0 2606 0 3799 88 0 0 28 0 46 0 0 0 0 0 0 0 0 0 0 0 0 0 0 0 0 0 0 30 17 0 0 0 0 0 0 0 0 0 12 1379 0 44 1193 0 633 0 0 2826 0 897 733 3 4506 0 0 0 0 0 0 0 0 0 530 402 37 0 0 892 20189 5336 6607 214 0 0 0 2188 
0 0 0 0 0 0 0 1 0 608 23 0 0 14 0 510 0 14 0 7 0 0 0 0 0 0 0 0 0 0 0 0 0 0 4 5 0 0 0 0 0 0 0 0 0 0 0 0 466 0 633 0 0 0 1638 0 31 0 1 0 1 0 0 0 0 0 0 0 0 0 0 0 0 0 0 0 0 0 0 0 0 0 0 
0 0 0 17 0 0 0 0 0 0 0 1 0 0 0 0 0 0 0 0 0 0 0 0 0 0 0 0 0 0 0 0 0 0 0 0 0 0 0 0 0 187 0 74 238 0 0 0 2028 0 0 0 0 0 0 0 0 0 0 0 0 0 0 0 0 0 0 0 0 0 0 0 0 0 0 0 0 0 0 0 0 0 0 
0 0 0 0 0 0 5 126 0 0 0 0 16 0 0 0 0 0 0 1 0 0 0 0 0 0 0 0 0 0 0 0 0 0 0 0 0 0 0 0 0 0 0 0 0 0 0 199 7445 0 0 0 0 0 582 0 0 0 0 0 117 0 0 0 0 0 0 0 0 0 0 0 0 0 0 0 0 0 0 0 0 0 0 
0 0 0 0 0 0 0 454 0 172 37 0 0 3 1 0 0 19 0 13 0 0 0 0 0 0 0 0 0 0 0 0 0 0 0 0 0 0 0 0 0 0 0 0 0 0 0 0 1676 0 2826 1638 0 582 0 197 2 0 26 0 6548 0 0 0 0 0 0 0 0 0 0 0 0 0 0 0 0 0 0 0 0 0 0 
0 0 0 0 0 0 0 0 0 0 0 0 0 15 0 0 0 354 0 538 0 0 0 0 0 0 0 0 0 0 0 0 0 0 0 0 0 0 0 0 0 0 0 0 0 0 0 0 0 0 0 0 0 0 197 0 0 0 1814 0 7544 110 34 0 156 0 16 0 0 0 0 0 0 0 0 0 0 0 0 0 2 0 0 
0 0 0 2 0 0 0 0 0 1383 100 0 0 14 0 850 0 23 0 51 0 0 0 0 0 0 0 0 0 0 0 0 0 0 8 2 0 0 2 0 0 0 0 0 0 0 46 0 0 2 897 31 0 0 2 0 0 2458 1022 5278 0 0 0 0 0 0 0 0 0 505 1490 798 128 0 959 4711 669 11808 772 0 3 0 762 
0 0 0 0 0 0 0 0 0 0 0 0 0 0 0 0 0 0 0 0 0 0 0 0 0 0 0 0 0 0 0 0 0 0 0 0 0 0 0 0 0 0 0 0 0 36 328 0 8 31 733 0 0 0 0 0 2458 0 1370 1540 0 0 0 0 0 0 0 0 0 252 3748 1924 435 0 80 0 0 383 0 0 0 0 0 
336 0 0 0 0 0 0 0 0 79 11 0 0 5 89 240 0 14280 0 3159 145 0 13 0 0 0 0 0 0 0 0 0 0 2 141 0 2768 22 0 129 4 500 0 0 0 0 0 23 0 0 3 1 0 0 26 1814 1022 1370 0 2793 536 66 14 3613 56 3310 38 0 1 431 6 23 1836 238 901 7124 145 9745 3267 0 32 21 1819 
5 0 0 0 0 0 0 0 0 0 0 0 0 0 0 0 0 5 0 0 0 0 0 0 0 0 0 0 0 0 0 0 0 0 0 0 1 0 0 0 0 50 0 0 0 240 2692 0 11 57 4506 0 0 0 0 0 5278 1540 2793 0 0 0 0 309 0 667 0 0 0 4645 4252 470 5156 245 1811 0 0 5509 0 0 0 0 0 
0 0 0 0 0 0 0 0 0 134 23 0 0 398 11 964 0 3903 0 1738 131 12 0 0 0 0 0 0 0 0 0 0 0 0 571 0 208 7 0 2 4 0 0 0 0 0 0 0 0 0 0 1 0 117 6548 7544 0 0 536 0 0 172 48 0 331 0 188 0 7 0 0 0 0 0 0 545 2 8 16 0 65 0 346 
0 0 0 0 0 0 0 0 0 0 0 0 0 0 1 0 0 5740 0 425 730 77 437 0 0 0 0 0 0 0 0 0 0 0 0 0 0 0 0 0 0 805 29 0 0 44 0 25 0 0 0 0 0 0 0 110 0 0 66 0 172 0 1002 1620 85 2190 0 0 16 2756 206 0 1378 0 1792 0 0 0 0 0 0 0 0 
0 0 0 0 0 0 0 0 0 0 0 0 0 0 0 0 0 0 0 0 3 0 0 0 0 0 0 0 0 0 0 0 0 0 0 0 0 0 0 0 0 0 0 0 0 0 0 0 0 0 0 0 0 0 0 34 0 0 14 0 48 1002 0 40 712 86 0 0 56 375 1 0 0 0 0 0 0 0 0 0 3 0 0 
0 0 0 0 0 0 0 0 0 0 0 0 0 0 0 0 0 62 0 17 39 3 162 0 0 0 0 0 0 0 0 0 0 0 0 0 1 0 0 1 0 967 10 0 0 32 0 79 0 0 0 0 0 0 0 0 0 0 3613 309 0 1620 40 0 0 5925 0 0 790 8799 1706 0 2423 0 5986 0 0 8 0 0 0 0 0 
0 0 0 0 0 0 0 0 0 0 0 0 0 0 0 0 0 0 0 0 0 0 0 0 0 0 0 0 0 0 0 0 0 0 0 0 0 0 0 0 0 0 0 0 0 0 0 0 0 0 0 0 0 0 0 156 0 0 56 0 331 85 712 0 0 2935 2 0 213 1680 39 0 8 0 5 0 0 0 0 0 38 0 0 
6 0 0 0 0 0 0 0 0 0 0 0 0 0 0 0 0 627 0 0 0 0 0 0 0 0 0 0 0 0 0 0 0 0 0 0 0 0 0 0 0 136 0 0 0 0 0 7 0 0 0 0 0 0 0 0 0 0 3310 667 0 2190 86 5925 2935 0 1 0 0 1114 1177 0 2515 0 432 276 5 919 0 0 1343 2 0 
0 0 0 0 0 0 0 0 0 0 0 0 0 0 0 0 0 0 0 0 0 0 0 0 0 0 0 0 0 0 0 0 0 0 0 0 0 0 0 0 0 0 0 0 0 0 0 0 0 0 0 0 0 0 0 16 0 0 38 0 188 0 0 0 2 1 0 0 0 0 0 0 0 0 0 0 0 0 0 0 168 0 0 
0 0 0 0 0 0 0 0 0 0 0 0 0 0 0 0 0 0 0 0 0 0 0 0 0 0 0 0 0 0 0 0 0 0 0 0 0 0 0 0 0 0 0 0 0 0 0 0 0 0 0 0 0 0 0 0 0 0 0 0 0 0 0 0 0 0 0 0 0 0 0 0 0 0 0 8 0 8 0 0 255 0 0 
0 0 0 0 0 0 0 0 0 0 0 0 0 0 0 1 0 31 0 2 0 0 0 0 0 0 0 0 0 0 0 0 0 0 165 0 41 0 0 39 1 112 0 0 0 0 0 0 0 0 0 0 0 0 0 0 0 0 1 0 7 16 56 790 213 0 0 0 0 0 0 0 0 0 410 261 4 729 0 0 941 551 25 
0 0 0 0 0 0 0 0 0 0 0 0 0 0 0 0 0 0 0 0 0 0 0 0 0 0 0 0 0 0 0 0 0 0 0 0 0 0 0 0 0 1 0 0 0 357 4060 1 0 0 530 0 0 0 0 0 505 252 431 4645 0 2756 375 8799 1680 1114 0 0 0 0 279 185 230 0 520 0 0 33 0 0 280 0 0 
0 0 0 0 0 0 0 0 0 0 0 0 0 0 0 0 0 0 0 0 0 0 0 0 0 0 0 0 0 0 0 0 0 0 0 0 0 0 0 0 0 1 0 0 0 5 715 0 0 0 402 0 0 0 0 0 1490 3748 6 4252 0 206 1 1706 39 1177 0 0 0 279 0 149 502 0 162 0 0 17 0 0 129 0 0 
0 0 0 0 0 0 0 0 0 0 0 0 0 0 0 0 0 0 0 0 0 0 0 0 0 0 0 0 0 0 0 0 0 0 0 0 0 0 0 0 0 0 0 0 0 15 651 0 0 0 37 0 0 0 0 0 798 1924 23 470 0 0 0 0 0 0 0 0 0 185 149 0 1166 0 952 0 0 0 0 0 0 0 0 
0 0 0 0 0 0 0 0 0 0 0 0 0 0 0 0 0 0 0 0 0 0 0 0 0 0 0 0 0 0 0 0 0 0 0 0 0 0 0 0 0 5 0 0 0 2 0 0 0 0 0 0 0 0 0 0 128 435 1836 5156 0 1378 0 2423 8 2515 0 0 0 230 502 1166 0 84 1230 0 0 0 0 0 0 0 0 
0 0 0 0 0 0 0 0 0 0 0 0 0 0 0 0 0 0 0 0 0 0 0 0 0 0 0 0 0 0 0 0 0 0 0 0 0 0 0 0 0 0 0 0 0 0 0 0 0 0 0 0 0 0 0 0 0 0 238 245 0 0 0 0 0 0 0 0 0 0 0 0 84 0 29 0 0 0 0 0 0 0 0 
0 0 0 0 0 0 0 0 0 0 0 0 0 0 0 0 0 63 0 0 125 0 226 0 0 0 0 0 0 0 0 0 0 0 0 0 2 0 0 1 0 999 368 0 0 5616 432 2199 381 221 892 0 0 0 0 0 959 80 901 1811 0 1792 0 5986 5 432 0 0 410 520 162 952 1230 29 0 0 0 541 0 0 0 0 0 
0 0 0 0 0 0 0 0 0 7 1 0 0 0 0 137 0 291 0 81 0 0 0 0 0 0 0 0 0 0 0 0 0 0 341 0 7 0 0 0 0 0 0 0 0 0 0 1036 12275 433 20189 0 0 0 0 0 4711 0 7124 0 545 0 0 0 0 276 0 8 261 0 0 0 0 0 0 0 133 171 17 0 319 451 271 
0 0 0 0 0 0 0 1 0 0 0 0 0 0 0 0 0 0 0 0 0 0 0 0 0 0 0 0 0 0 0 0 0 0 0 0 0 0 0 0 0 6974 0 181 0 0 0 16240 9422 2 5336 0 0 0 0 0 669 0 145 0 2 0 0 0 0 5 0 0 4 0 0 0 0 0 0 133 0 38 10 0 19 0 347 
12 0 0 0 0 0 0 0 0 0 0 0 0 0 0 0 0 90 0 2 3 0 4 0 0 0 0 0 0 0 0 0 0 0 505 1 463 0 0 889 1 3230 273 0 0 2320 26 18086 7539 4651 6607 0 0 0 0 0 11808 383 9745 5509 8 0 0 8 0 919 0 8 729 33 17 0 0 0 541 171 38 0 1 0 160 2 1793 
0 0 0 0 0 0 0 0 0 0 0 0 0 0 0 0 0 0 0 0 0 0 0 0 0 0 0 0 0 0 0 0 0 0 3 0 0 0 0 0 0 0 0 0 0 0 0 226 507 186 214 0 0 0 0 0 772 0 3267 0 16 0 0 0 0 0 0 0 0 0 0 0 0 0 0 17 10 1 0 0 2 0 6196 
0 0 0 0 0 0 0 0 0 0 0 0 0 0 0 0 0 0 0 0 0 0 0 0 0 0 0 0 0 0 0 0 0 0 0 0 0 0 0 0 0 164 0 0 0 0 0 0 0 0 0 0 0 0 0 0 0 0 0 0 0 0 0 0 0 0 0 0 0 0 0 0 0 0 0 0 0 0 0 0 0 0 18 
0 0 0 0 0 0 0 0 0 0 0 0 0 0 0 2 0 14 0 2 0 0 0 0 0 0 0 0 0 0 0 0 0 0 184 0 22 0 0 2 1 5 0 0 0 0 0 0 0 0 0 0 0 0 0 2 3 0 32 0 65 0 3 0 38 1343 168 255 941 280 129 0 0 0 0 319 19 160 2 0 0 1 19 
0 0 0 0 0 0 0 0 0 0 0 0 0 0 0 0 0 0 0 0 0 0 0 0 0 0 0 0 0 0 0 0 0 0 0 0 0 0 0 0 0 0 0 0 0 0 0 0 0 0 0 0 0 0 0 0 0 0 21 0 0 0 0 0 0 2 0 0 551 0 0 0 0 0 0 451 0 2 0 0 1 0 5 
35 0 0 49 71 0 14 2582 0 12139 0 0 0 0 0 2332 0 3884 0 0 0 0 0 0 0 0 0 0 0 0 0 0 0 0 21 446 733 8705 60 0 0 0 0 0 15 0 0 0 326 58 2188 0 0 0 0 0 762 0 1819 0 346 0 0 0 0 0 0 0 25 0 0 0 0 0 0 271 347 1793 6196 18 19 5 0 
