0 62 0 186 3 0 0 0 0 0 0 15 0 0 1 0 0 473 0 286 320 23 0 0 156 0 11 397 1071 166 0 0 0 1379 30 2040 8190 1 165 1 1 2785 0 138 2 0 0 1614 0 0 0 0 0 0 0 40 0 0 12 2 63 0 0 2 0 0 0 0 0 9 1 0 12 0 8 0 0 1 0 0 2 0 3 
62 0 0 0 26 2 10 0 0 15 0 0 0 0 0 5 11 0 1 0 0 0 0 0 0 0 0 0 15 4 0 0 0 72 2852 4024 5549 37 0 0 0 0 0 0 0 0 0 0 0 0 0 0 0 0 0 0 0 0 0 0 0 0 0 0 0 0 0 0 0 0 0 0 0 0 0 0 0 0 0 0 0 0 15 
0 0 0 299 0 0 8 144 0 0 0 667 0 0 0 0 0 0 0 0 0 0 0 0 0 0 0 0 0 0 0 0 0 0 0 307 0 0 0 0 0 3068 0 1465 109 0 0 6162 443 0 0 0 0 0 0 0 0 0 0 0 0 0 0 0 0 0 0 0 0 0 0 0 0 0 0 0 0 0 0 0 0 0 0 
186 0 299 0 0 0 0 5 0 1 0 63 4 0 0 0 0 0 0 0 0 0 0 0 0 0 0 0 0 0 0 0 0 0 2 4 2 0 2 0 0 1842 0 149 39 0 0 529 19 0 0 0 3 0 0 0 0 0 0 0 0 0 0 0 0 0 0 0 0 0 0 0 0 0 0 0 0 0 0 0 0 0 0 
3 26 0 0 0 858 214 0 0 399 0 0 0 0 0 389 252 0 0 0 0 0 0 0 0 0 0 0 193 83 0 0 0 1102 380 2716 5417 0 0 0 0 0 0 0 0 0 0 0 0 0 0 0 0 0 0 0 0 0 0 0 0 0 0 0 0 0 0 0 0 0 0 0 0 0 0 0 0 0 0 0 0 0 0 
0 2 0 0 858 0 782 9 8 197 0 0 0 0 0 11 0 0 0 0 0 0 0 0 0 0 0 0 0 0 0 0 0 431 0 0 2 0 0 0 0 0 0 0 0 0 0 0 0 0 0 0 0 0 0 0 0 0 0 0 0 0 0 0 0 0 0 0 0 0 0 0 0 0 0 0 0 0 0 0 0 0 0 
0 10 8 0 214 782 0 3470 0 283 0 268 91 0 0 7 0 0 0 1 1 0 0 0 4 0 0 3 27 0 0 0 0 34 2645 17020 5869 250 0 0 0 29 0 1952 31 2 189 18183 15263 23 0 0 7 116 0 1 0 0 0 3 0 0 0 0 0 0 0 0 0 0 0 0 0 0 385 465 291 2383 0 0 0 0 58 
0 0 144 5 0 9 3470 0 1957 7480 2103 1128 12174 12091 0 1 0 0 0 255 0 0 0 0 0 0 0 0 0 0 0 0 0 0 981 89 3723 0 0 0 0 0 0 0 0 0 3 617 26073 0 1506 744 0 20 1783 0 0 0 0 0 0 0 0 0 0 0 0 0 0 0 0 0 0 0 14 0 0 41 0 0 0 0 18 
0 0 0 0 0 8 0 1957 0 4950 0 0 0 0 0 105 0 0 0 0 0 0 0 0 0 0 0 0 0 0 0 0 0 0 6 18 31 0 0 0 0 0 0 0 0 0 0 0 25 0 0 0 0 0 0 0 0 0 0 0 0 0 0 0 0 0 0 0 0 0 0 0 0 0 0 0 0 0 0 0 0 0 0 
0 15 0 1 399 197 283 7480 4950 0 81 0 0 2754 0 2881 362 47 6273 0 0 0 0 0 0 0 0 0 148 139 0 0 0 2642 12531 1774 10004 0 0 0 0 0 0 0 0 0 0 0 2457 0 3767 2641 0 0 1838 0 615 0 24 0 1 0 0 0 0 0 0 0 0 0 0 0 0 0 0 0 0 0 0 0 0 0 10428 
0 0 0 0 0 0 0 2103 0 81 0 0 0 3923 0 241 0 0 0 6 0 0 0 0 0 0 0 0 0 1 0 1 0 1 95 0 1248 11 0 3 0 0 0 0 0 0 0 0 0 0 82 197 0 0 1095 7 57 0 1 0 1111 0 0 0 0 0 0 0 0 0 0 0 0 0 0 0 0 0 0 0 0 0 1742 
15 0 667 63 0 0 268 1128 0 0 0 0 43 0 0 0 0 0 0 0 0 0 0 0 0 0 0 0 0 0 0 0 0 0 0 0 2 0 0 0 0 291 0 89 119 0 0 648 1164 0 0 0 4 3 0 0 0 0 0 0 0 0 0 0 0 0 0 0 0 0 0 0 0 0 1 0 1 0 0 0 0 0 0 
0 0 0 4 0 0 91 12174 0 0 0 43 0 328 0 0 0 0 0 68 0 0 0 0 0 0 0 0 0 0 0 0 0 0 0 0 0 0 0 0 0 0 0 0 0 0 0 5 647 0 0 0 0 3 17 0 0 0 0 0 0 0 0 0 0 0 0 0 0 0 0 0 0 0 0 0 0 0 0 0 0 0 0 
0 0 0 0 0 0 0 12091 0 2754 3923 0 328 0 1014 1358 0 158 0 3435 0 0 0 0 0 0 0 0 0 0 0 0 0 0 0 0 0 0 0 0 0 0 0 0 0 0 0 0 39 0 4 4 0 0 0 0 0 0 1 0 0 0 0 0 0 0 0 0 0 0 0 0 0 0 0 0 0 0 0 0 0 0 0 
1 0 0 0 0 0 0 0 0 0 0 0 0 1014 0 0 0 119 0 11420 38 0 0 0 25 0 0 0 22 37 0 45 0 47 0 0 18 0 0 255 0 0 0 0 0 0 0 0 0 0 0 0 0 0 0 15 0 0 367 267 58 1 0 0 0 0 0 0 0 10 0 0 2 0 1 0 0 0 0 0 1 0 0 
0 5 0 0 389 11 7 1 105 2881 241 0 0 1358 0 0 2487 269 4831 0 0 0 0 0 1 0 0 0 3926 1208 46 13 4 6443 1671 81 9663 0 0 0 0 0 0 0 0 0 0 0 0 0 0 10 0 0 361 0 26 0 100 0 45 0 0 0 0 0 0 0 0 0 0 0 0 0 0 0 0 0 0 0 0 0 1979 
0 11 0 0 252 0 0 0 0 362 0 0 0 0 0 2487 0 1363 3187 0 0 0 0 0 0 0 0 0 1550 6136 851 1124 2 3157 0 0 737 0 0 0 0 0 0 0 0 0 0 0 0 0 0 0 0 0 0 0 0 0 0 0 0 0 0 0 0 0 0 0 0 0 0 0 0 0 0 0 0 0 0 0 0 0 0 
473 0 0 0 0 0 0 0 0 47 0 0 0 158 119 269 1363 0 5554 499 4 0 2035 2 7330 0 0 0 14621 10361 39 5307 29 2093 1042 22 3994 0 0 0 0 0 0 0 0 0 0 0 0 0 0 196 0 0 211 55 20 0 101 2 669 5 0 0 0 0 0 0 0 0 0 0 0 0 0 1 0 0 0 0 0 0 1063 
0 1 0 0 0 0 0 0 0 6273 0 0 0 0 0 4831 3187 5554 0 12 0 0 2716 0 514 0 0 0 3855 5873 479 187 0 114 0 0 1599 0 0 0 0 0 0 0 0 0 0 0 0 0 0 0 0 0 0 0 0 0 0 0 0 0 0 0 0 0 0 0 0 0 0 0 0 0 0 0 0 0 0 0 0 0 0 
286 0 0 0 0 0 1 255 0 0 6 0 68 3435 11420 0 0 499 12 0 66 7 192 112 574 0 0 0 3229 2119 0 828 0 1076 118 0 2979 65 0 9 0 0 0 0 0 0 0 0 0 0 0 75 0 0 327 1285 1 0 2189 1 3634 682 0 116 0 0 0 0 0 1 0 0 0 0 0 3 0 47 0 0 0 0 1331 
320 0 0 0 0 0 1 0 0 0 0 0 0 0 38 0 0 4 0 66 0 503 255 10 5973 0 0 0 10080 1556 0 175 0 1711 0 0 1365 11 0 87 0 0 0 0 0 0 0 0 0 0 0 0 0 0 0 84 0 0 1094 6 803 707 18 134 121 5 0 0 0 9 1 0 5 0 2 15 0 59 1 0 10 0 0 
23 0 0 0 0 0 0 0 0 0 0 0 0 0 0 0 0 0 0 7 503 0 96 1164 13071 0 0 0 2000 173 0 0 0 22 0 0 26 0 0 0 0 0 0 0 0 0 0 0 0 0 0 0 0 0 0 0 0 0 0 0 0 36 1 0 0 0 0 0 0 0 0 0 0 0 0 0 0 0 0 0 0 0 0 
0 0 0 0 0 0 0 0 0 0 0 0 0 0 0 0 0 2035 2716 192 255 96 0 16 6871 0 0 0 13 53 0 0 0 5 0 0 0 0 0 0 0 0 0 0 0 0 0 0 0 0 0 0 0 0 0 0 0 0 0 0 0 0 0 0 0 0 0 0 0 0 0 0 0 0 0 0 0 0 0 0 0 0 0 
0 0 0 0 0 0 0 0 0 0 0 0 0 0 0 0 0 2 0 112 10 1164 16 0 1357 35 0 0 1319 0 0 0 0 0 0 0 6 1 0 28 0 0 0 0 0 0 0 0 0 0 0 0 0 0 0 0 0 0 0 0 0 103 1 0 0 2 0 0 0 0 0 0 0 0 0 0 0 0 0 0 0 0 0 
156 0 0 0 0 0 4 0 0 0 0 0 0 0 25 1 0 7330 514 574 5973 13071 6871 1357 0 64 0 3 1485 648 0 287 0 754 2 0 370 212 0 321 1 0 0 0 0 0 0 0 0 0 0 0 0 0 0 0 0 0 352 4 77 41 0 0 0 0 0 0 0 2 0 0 0 0 3 1 0 20 0 0 0 0 0 
0 0 0 0 0 0 0 0 0 0 0 0 0 0 0 0 0 0 0 0 0 0 0 35 64 0 0 0 0 0 0 0 0 0 0 0 0 0 0 36 0 0 0 0 0 0 0 0 0 0 0 0 0 0 0 0 0 0 0 0 0 0 0 0 0 0 0 0 0 0 0 0 0 0 0 0 0 0 0 0 0 0 0 
11 0 0 0 0 0 0 0 0 0 0 0 0 0 0 0 0 0 0 0 0 0 0 0 0 0 0 0 0 0 0 0 0 4 0 0 18 0 0 53 0 0 0 0 0 0 0 0 0 0 0 0 0 0 0 0 0 0 0 0 0 0 0 0 0 0 0 0 0 0 0 0 0 0 0 0 0 0 0 0 0 0 0 
397 0 0 0 0 0 3 0 0 0 0 0 0 0 0 0 0 0 0 0 0 0 0 0 3 0 0 0 0 0 0 0 0 1001 0 0 53 0 0 0 0 0 0 0 0 0 0 0 0 0 0 0 0 0 0 0 0 0 0 0 0 0 0 0 0 0 0 0 0 0 0 0 0 0 0 0 0 0 0 0 0 0 0 
1071 15 0 0 193 0 27 0 0 148 0 0 0 0 22 3926 1550 14621 3855 3229 10080 2000 13 1319 1485 0 0 0 0 1376 0 16 0 3576 0 0 8093 27 0 2 0 0 0 0 0 0 0 0 0 0 0 0 0 0 0 34 0 0 45 20 116 8 0 1 0 0 0 0 0 9 1 0 28 0 14 0 0 1 0 0 0 0 0 
166 4 0 0 83 0 0 0 0 139 1 0 0 0 37 1208 6136 10361 5873 2119 1556 173 53 0 648 0 0 0 1376 0 421 629 0 4017 0 0 1773 0 0 3 0 0 0 0 0 0 0 0 0 0 0 0 0 0 0 96 0 0 86 72 774 1 0 19 0 0 0 0 0 82 15 0 158 0 68 0 0 7 0 0 0 0 0 
0 0 0 0 0 0 0 0 0 0 0 0 0 0 0 46 851 39 479 0 0 0 0 0 0 0 0 0 0 421 0 569 0 10 0 0 0 0 0 0 0 0 0 0 0 0 0 0 0 0 0 0 0 0 0 0 0 0 0 0 0 0 0 0 0 0 0 0 0 0 0 0 0 0 0 0 0 0 0 0 0 0 0 
0 0 0 0 0 0 0 0 0 0 1 0 0 0 45 13 1124 5307 187 828 175 0 0 0 287 0 0 0 16 629 569 0 148 1980 0 0 1 0 0 2 0 0 0 0 0 0 0 0 0 0 0 0 0 0 0 41 0 0 70 12 126 0 0 5 0 0 0 0 0 22 1 0 34 0 11 0 0 1 0 0 0 0 0 
0 0 0 0 0 0 0 0 0 0 0 0 0 0 0 4 2 29 0 0 0 0 0 0 0 0 0 0 0 0 0 148 0 7 0 0 0 0 0 0 0 0 0 0 0 0 0 0 0 0 0 0 0 0 0 0 0 0 0 0 0 0 0 0 0 0 0 0 0 0 0 0 0 0 0 0 0 0 0 0 0 0 0 
1379 72 0 0 1102 431 34 0 0 2642 1 0 0 0 47 6443 3157 2093 114 1076 1711 22 5 0 754 0 4 1001 3576 4017 10 1980 7 0 1 4 119 0 0 0 0 0 0 0 0 0 0 0 0 0 0 0 0 0 0 23 0 0 586 39 259 2 0 25 0 0 0 0 0 61 7 0 86 0 33 1 0 8 0 0 0 0 0 
30 2852 0 2 380 0 2645 981 6 12531 95 0 0 0 0 1671 0 1042 0 118 0 0 0 0 2 0 0 0 0 0 0 0 0 1 0 468 2730 121 0 861 713 0 0 0 0 0 0 0 3796 0 42 540 0 0 28 0 420 0 86 0 2189 0 0 0 0 0 0 0 0 0 0 0 0 0 0 352 228 0 0 0 5 0 222 
2040 4024 307 4 2716 0 17020 89 18 1774 0 0 0 0 0 81 0 22 0 0 0 0 0 0 0 0 0 0 0 0 0 0 0 4 468 0 181 17 0 127 18 0 0 0 0 0 0 0 73 0 168 112 0 0 20 0 1374 0 467 0 763 0 0 0 0 0 0 0 0 0 0 0 0 0 0 11 75 0 0 0 0 0 31 
8190 5549 0 2 5417 2 5869 3723 31 10004 1248 2 0 0 18 9663 737 3994 1599 2979 1365 26 0 6 370 0 18 53 8093 1773 0 1 0 119 2730 181 0 0 24 378 0 0 0 0 0 0 0 0 3344 0 0 16 0 0 2 402 0 0 97 5 6394 0 0 129 0 3 0 0 0 52 0 0 30 0 22 986 0 293 26 0 21 0 4883 
1 37 0 0 0 0 250 0 0 0 11 0 0 0 0 0 0 0 0 65 11 0 0 1 212 0 0 0 27 0 0 0 0 0 121 17 0 0 0 0 0 0 0 0 0 0 0 0 0 0 0 0 0 0 0 0 0 0 0 0 169 0 0 0 0 0 0 0 0 0 0 0 0 0 0 10 0 5 1 0 0 0 6853 
165 0 0 2 0 0 0 0 0 0 0 0 0 0 0 0 0 0 0 0 0 0 0 0 0 0 0 0 0 0 0 0 0 0 0 0 24 0 0 0 0 0 0 0 0 0 0 0 0 0 0 0 0 0 0 0 0 0 0 0 0 0 0 0 0 0 0 0 0 0 0 0 0 0 0 0 0 0 0 0 0 0 0 
1 0 0 0 0 0 0 0 0 0 3 0 0 0 255 0 0 0 0 9 87 0 0 28 321 36 53 0 2 3 0 2 0 0 861 127 378 0 0 0 0 0 0 0 0 0 0 0 0 0 0 0 0 0 1 1 0 0 4 7 766 0 1 164 1 6 2 0 3 13 0 0 40 0 0 5427 0 339 148 0 196 0 3 
1 0 0 0 0 0 0 0 0 0 0 0 0 0 0 0 0 0 0 0 0 0 0 0 1 0 0 0 0 0 0 0 0 0 713 18 0 0 0 0 0 0 0 0 0 0 0 0 0 0 0 0 0 0 1 0 0 0 0 0 21 0 0 0 0 0 0 0 0 0 0 0 0 0 0 44 0 1 0 0 0 0 0 
2785 0 3068 1842 0 0 29 0 0 0 0 291 0 0 0 0 0 0 0 0 0 0 0 0 0 0 0 0 0 0 0 0 0 0 0 0 0 0 0 0 0 0 30 0 271 1 0 146 0 0 0 0 394 0 0 0 0 0 0 0 0 0 0 0 0 0 0 0 0 0 0 0 0 0 2724 4 2924 4473 0 1062 0 0 0 
0 0 0 0 0 0 0 0 0 0 0 0 0 0 0 0 0 0 0 0 0 0 0 0 0 0 0 0 0 0 0 0 0 0 0 0 0 0 0 0 0 30 0 0 0 4 0 29 0 0 0 0 0 0 0 0 0 0 0 0 0 0 0 0 0 0 0 0 0 0 0 0 0 0 624 39 62 4832 3 0 0 0 0 
138 0 1465 149 0 0 1952 0 0 0 0 89 0 0 0 0 0 0 0 0 0 0 0 0 0 0 0 0 0 0 0 0 0 0 0 0 0 0 0 0 0 0 0 0 50 0 0 0 1 0 0 0 704 30 0 0 0 0 0 0 0 0 0 0 0 0 0 0 0 0 0 0 0 0 0 0 0 0 0 0 0 0 0 
2 0 109 39 0 0 31 0 0 0 0 119 0 0 0 0 0 0 0 0 0 0 0 0 0 0 0 0 0 0 0 0 0 0 0 0 0 0 0 0 0 271 0 50 0 0 0 38 17 0 0 0 1095 67 3 0 0 0 0 0 0 0 0 0 0 0 0 0 0 0 0 0 0 0 11 0 3 10 0 73 0 4 0 
0 0 0 0 0 0 2 0 0 0 0 0 0 0 0 0 0 0 0 0 0 0 0 0 0 0 0 0 0 0 0 0 0 0 0 0 0 0 0 0 0 1 4 0 0 0 384 226 43 18 0 0 0 0 0 0 0 0 0 0 0 0 0 0 0 0 0 0 0 0 0 0 0 0 4361 170 507 4721 0 0 0 0 0 
0 0 0 0 0 0 189 3 0 0 0 0 0 0 0 0 0 0 0 0 0 0 0 0 0 0 0 0 0 0 0 0 0 0 0 0 0 0 0 0 0 0 0 0 0 384 0 743 4950 5263 1844 0 0 0 0 0 0 209 0 11 0 0 0 0 0 0 0 0 0 0 117 0 0 0 599 0 0 113 0 0 0 0 0 
1614 0 6162 529 0 0 18183 617 0 0 0 648 5 0 0 0 0 0 0 0 0 0 0 0 0 0 0 0 0 0 0 0 0 0 0 0 0 0 0 0 0 146 29 0 38 226 743 0 2171 506 6 0 320 45 0 0 0 0 0 1 0 0 0 0 0 0 0 0 0 0 0 0 0 0 867 2273 13864 10189 54 30 0 0 14 
0 0 443 19 0 0 15263 26073 25 2457 0 1164 647 39 0 0 0 0 0 0 0 0 0 0 0 0 0 0 0 0 0 0 0 0 3796 73 3344 0 0 0 0 0 0 1 17 43 4950 2171 0 483 335 9 549 4543 4722 0 0 226 0 32 0 0 0 0 0 0 0 0 0 42 594 0 0 0 770 12295 2750 9603 0 0 0 0 2661 
0 0 0 0 0 0 23 0 0 0 0 0 0 0 0 0 0 0 0 0 0 0 0 0 0 0 0 0 0 0 0 0 0 0 0 0 0 0 0 0 0 0 0 0 0 18 5263 506 483 0 1235 0 0 0 0 0 0 1 0 0 0 0 0 0 0 0 0 0 0 0 0 0 0 0 35 847 10 2645 0 0 0 0 0 
0 0 0 0 0 0 0 1506 0 3767 82 0 0 4 0 0 0 0 0 0 0 0 0 0 0 0 0 0 0 0 0 0 0 0 42 168 0 0 0 0 0 0 0 0 0 0 1844 6 335 1235 0 49 0 0 989 0 3111 1946 446 70 0 0 0 0 0 0 0 0 0 2 840 37 0 0 2929 17567 3250 12392 174 0 0 0 1599 
0 0 0 0 0 0 0 744 0 2641 197 0 0 4 0 10 0 196 0 75 0 0 0 0 0 0 0 0 0 0 0 0 0 0 540 112 16 0 0 0 0 0 0 0 0 0 0 0 9 0 49 0 0 0 4172 0 102 0 0 0 0 0 0 0 0 0 0 0 0 0 0 0 0 0 0 0 0 0 0 0 0 0 44 
0 0 0 3 0 0 7 0 0 0 0 4 0 0 0 0 0 0 0 0 0 0 0 0 0 0 0 0 0 0 0 0 0 0 0 0 0 0 0 0 0 394 0 704 1095 0 0 320 549 0 0 0 0 99 17 0 0 0 0 0 0 0 0 0 0 0 0 0 0 0 0 0 0 0 0 0 0 0 0 0 0 0 0 
0 0 0 0 0 0 116 20 0 0 0 3 3 0 0 0 0 0 0 0 0 0 0 0 0 0 0 0 0 0 0 0 0 0 0 0 0 0 0 0 0 0 0 30 67 0 0 45 4543 0 0 0 99 0 851 0 0 0 0 0 0 0 0 0 0 0 0 0 0 0 0 0 0 0 0 0 0 0 0 0 0 0 0 
0 0 0 0 0 0 0 1783 0 1838 1095 0 17 0 0 361 0 211 0 327 0 0 0 0 0 0 0 0 0 0 0 0 0 0 28 20 2 0 0 1 1 0 0 0 3 0 0 0 4722 0 989 4172 17 851 0 1431 520 0 14 0 2353 0 0 0 0 0 0 0 0 0 0 0 0 0 0 0 0 0 0 0 0 0 41 
40 0 0 0 0 0 1 0 0 0 7 0 0 0 15 0 0 55 0 1285 84 0 0 0 0 0 0 0 34 96 0 41 0 23 0 0 402 0 0 1 0 0 0 0 0 0 0 0 0 0 0 0 0 0 1431 0 0 0 1093 90 7690 988 5 197 75 0 26 0 0 5 0 0 0 0 0 0 0 0 0 0 0 0 24 
0 0 0 0 0 0 0 0 0 615 57 0 0 0 0 26 0 20 0 1 0 0 0 0 0 0 0 0 0 0 0 0 0 0 420 1374 0 0 0 0 0 0 0 0 0 0 0 0 0 0 3111 102 0 0 520 0 0 4024 444 8 0 0 0 0 0 0 0 0 0 0 1491 1461 21 0 5266 1208 183 7180 75 0 6 0 478 
0 0 0 0 0 0 0 0 0 0 0 0 0 0 0 0 0 0 0 0 0 0 0 0 0 0 0 0 0 0 0 0 0 0 0 0 0 0 0 0 0 0 0 0 0 0 209 0 226 1 1946 0 0 0 0 0 4024 0 431 620 1 0 0 0 0 0 0 0 0 0 4098 5851 1081 3 462 0 0 41 0 0 0 0 0 
12 0 0 0 0 0 0 0 0 24 1 0 0 1 367 100 0 101 0 2189 1094 0 0 0 352 0 0 0 45 86 0 70 0 586 86 467 97 0 0 4 0 0 0 0 0 0 0 0 0 0 446 0 0 0 14 1093 444 431 0 11755 545 257 192 1178 20 32 0 0 359 3390 1630 0 1866 26 3625 2783 127 3136 71 0 5 0 293 
2 0 0 0 0 0 3 0 0 0 0 0 0 0 267 0 0 2 0 1 6 0 0 0 4 0 0 0 20 72 0 12 0 39 0 0 5 0 0 7 0 0 0 0 0 0 11 1 32 0 70 0 0 0 0 90 8 620 11755 0 2471 53 0 389 0 0 0 0 21 4909 5665 1484 631 0 640 0 0 1797 0 0 0 0 0 
63 0 0 0 0 0 0 0 0 1 1111 0 0 0 58 45 0 669 0 3634 803 0 0 0 77 0 0 0 116 774 0 126 0 259 2189 763 6394 169 0 766 21 0 0 0 0 0 0 0 0 0 0 0 0 0 2353 7690 0 1 545 2471 0 372 21 626 163 26 0 0 17 2064 1554 0 5039 225 2111 2869 117 5562 505 0 4 2 1352 
0 0 0 0 0 0 0 0 0 0 0 0 0 0 1 0 0 5 0 682 707 36 0 103 41 0 0 0 8 1 0 0 0 2 0 0 0 0 0 0 0 0 0 0 0 0 0 0 0 0 0 0 0 0 0 988 0 0 257 53 372 0 450 1023 695 1006 0 0 1 1207 0 0 0 0 3 0 0 1271 0 0 0 0 0 
0 0 0 0 0 0 0 0 0 0 0 0 0 0 0 0 0 0 0 0 18 1 0 1 0 0 0 0 0 0 0 0 0 0 0 0 0 0 0 1 0 0 0 0 0 0 0 0 0 0 0 0 0 0 0 5 0 0 192 0 21 450 0 85 1786 1489 0 0 6 877 0 0 0 0 0 2 0 4 0 0 0 0 0 
2 0 0 0 0 0 0 0 0 0 0 0 0 0 0 0 0 0 0 116 134 0 0 0 0 0 0 0 1 19 0 5 0 25 0 0 129 0 0 164 0 0 0 0 0 0 0 0 0 0 0 0 0 0 0 197 0 0 1178 389 626 1023 85 0 229 2262 0 0 779 7409 5 0 0 0 4 42 0 1214 0 0 0 0 0 
0 0 0 0 0 0 0 0 0 0 0 0 0 0 0 0 0 0 0 0 121 0 0 0 0 0 0 0 0 0 0 0 0 0 0 0 0 0 0 1 0 0 0 0 0 0 0 0 0 0 0 0 0 0 0 75 0 0 20 0 163 695 1786 229 0 278 1 0 0 165 0 0 0 0 0 0 0 0 0 0 2 0 0 
0 0 0 0 0 0 0 0 0 0 0 0 0 0 0 0 0 0 0 0 5 0 0 2 0 0 0 0 0 0 0 0 0 0 0 0 3 0 0 6 0 0 0 0 0 0 0 0 0 0 0 0 0 0 0 0 0 0 32 0 26 1006 1489 2262 278 0 2 0 1 3915 4 0 0 0 12 271 0 483 149 0 53 0 0 
0 0 0 0 0 0 0 0 0 0 0 0 0 0 0 0 0 0 0 0 0 0 0 0 0 0 0 0 0 0 0 0 0 0 0 0 0 0 0 2 0 0 0 0 0 0 0 0 0 0 0 0 0 0 0 26 0 0 0 0 0 0 0 0 1 2 0 0 0 66 0 0 0 0 0 0 0 0 0 0 30 0 0 
0 0 0 0 0 0 0 0 0 0 0 0 0 0 0 0 0 0 0 0 0 0 0 0 0 0 0 0 0 0 0 0 0 0 0 0 0 0 0 0 0 0 0 0 0 0 0 0 0 0 0 0 0 0 0 0 0 0 0 0 0 0 0 0 0 0 0 0 0 0 0 0 0 0 4 0 0 0 3 0 30 0 0 
0 0 0 0 0 0 0 0 0 0 0 0 0 0 0 0 0 0 0 0 0 0 0 0 0 0 0 0 0 0 0 0 0 0 0 0 0 0 0 3 0 0 0 0 0 0 0 0 0 0 0 0 0 0 0 0 0 0 359 21 17 1 6 779 0 1 0 0 0 79 0 0 2 0 142 0 0 277 40 2 0 13 0 
9 0 0 0 0 0 0 0 0 0 0 0 0 0 10 0 0 0 0 1 9 0 0 0 2 0 0 0 9 82 0 22 0 61 0 0 52 0 0 13 0 0 0 0 0 0 0 0 42 0 2 0 0 0 0 5 0 0 3390 4909 2064 1207 877 7409 165 3915 66 0 79 0 3179 0 57 0 289 0 0 326 0 0 90 0 0 
1 0 0 0 0 0 0 0 0 0 0 0 0 0 0 0 0 0 0 0 1 0 0 0 0 0 0 0 1 15 0 1 0 7 0 0 0 0 0 0 0 0 0 0 0 0 117 0 594 0 840 0 0 0 0 0 1491 4098 1630 5665 1554 0 0 5 0 4 0 0 0 3179 0 30 4284 11 3021 0 0 205 0 0 0 0 0 
0 0 0 0 0 0 0 0 0 0 0 0 0 0 0 0 0 0 0 0 0 0 0 0 0 0 0 0 0 0 0 0 0 0 0 0 0 0 0 0 0 0 0 0 0 0 0 0 0 0 37 0 0 0 0 0 1461 5851 0 1484 0 0 0 0 0 0 0 0 0 0 30 0 1627 0 1239 0 0 0 0 0 0 0 0 
12 0 0 0 0 0 0 0 0 0 0 0 0 0 2 0 0 0 0 0 5 0 0 0 0 0 0 0 28 158 0 34 0 86 0 0 30 0 0 40 0 0 0 0 0 0 0 0 0 0 0 0 0 0 0 0 21 1081 1866 631 5039 0 0 0 0 0 0 0 2 57 4284 1627 0 488 372 0 0 25 0 0 0 0 0 
0 0 0 0 0 0 0 0 0 0 0 0 0 0 0 0 0 0 0 0 0 0 0 0 0 0 0 0 0 0 0 0 0 0 0 0 0 0 0 0 0 0 0 0 0 0 0 0 0 0 0 0 0 0 0 0 0 3 26 0 225 0 0 0 0 0 0 0 0 0 11 0 488 0 150 0 0 0 0 0 0 0 0 
8 0 0 0 0 0 385 14 0 0 0 1 0 0 1 0 0 0 0 0 2 0 0 0 3 0 0 0 14 68 0 11 0 33 0 0 22 0 0 0 0 2724 624 0 11 4361 599 867 770 35 2929 0 0 0 0 0 5266 462 3625 640 2111 3 0 4 0 12 0 4 142 289 3021 1239 372 150 0 0 49 352 0 19 0 0 0 
0 0 0 0 0 0 465 0 0 0 0 0 0 0 0 0 0 1 0 3 15 0 0 0 1 0 0 0 0 0 0 0 0 1 352 11 986 10 0 5427 44 4 39 0 0 170 0 2273 12295 847 17567 0 0 0 0 0 1208 0 2783 0 2869 0 2 42 0 271 0 0 0 0 0 0 0 0 0 0 760 39 70 0 219 84 542 
0 0 0 0 0 0 291 0 0 0 0 1 0 0 0 0 0 0 0 0 0 0 0 0 0 0 0 0 0 0 0 0 0 0 228 75 0 0 0 0 0 2924 62 0 3 507 0 13864 2750 10 3250 0 0 0 0 0 183 0 127 0 117 0 0 0 0 0 0 0 0 0 0 0 0 0 49 760 0 120 3 13 0 0 0 
1 0 0 0 0 0 2383 41 0 0 0 0 0 0 0 0 0 0 0 47 59 0 0 0 20 0 0 0 1 7 0 1 0 8 0 0 293 5 0 339 1 4473 4832 0 10 4721 113 10189 9603 2645 12392 0 0 0 0 0 7180 41 3136 1797 5562 1271 4 1214 0 483 0 0 277 326 205 0 25 0 352 39 120 0 0 3 0 0 1985 
0 0 0 0 0 0 0 0 0 0 0 0 0 0 0 0 0 0 0 0 1 0 0 0 0 0 0 0 0 0 0 0 0 0 0 0 26 1 0 148 0 0 3 0 0 0 0 54 0 0 174 0 0 0 0 0 75 0 71 0 505 0 0 0 0 149 0 3 40 0 0 0 0 0 0 70 3 0 0 0 0 0 2579 
0 0 0 0 0 0 0 0 0 0 0 0 0 0 0 0 0 0 0 0 0 0 0 0 0 0 0 0 0 0 0 0 0 0 0 0 0 0 0 0 0 1062 0 0 73 0 0 30 0 0 0 0 0 0 0 0 0 0 0 0 0 0 0 0 0 0 0 0 2 0 0 0 0 0 19 0 13 3 0 0 0 0 0 
2 0 0 0 0 0 0 0 0 0 0 0 0 0 1 0 0 0 0 0 10 0 0 0 0 0 0 0 0 0 0 0 0 0 5 0 21 0 0 196 0 0 0 0 0 0 0 0 0 0 0 0 0 0 0 0 6 0 5 0 4 0 0 0 2 53 30 30 0 90 0 0 0 0 0 219 0 0 0 0 0 0 3 
0 0 0 0 0 0 0 0 0 0 0 0 0 0 0 0 0 0 0 0 0 0 0 0 0 0 0 0 0 0 0 0 0 0 0 0 0 0 0 0 0 0 0 0 4 0 0 0 0 0 0 0 0 0 0 0 0 0 0 0 2 0 0 0 0 0 0 0 13 0 0 0 0 0 0 84 0 0 0 0 0 0 0 
3 15 0 0 0 0 58 18 0 10428 1742 0 0 0 0 1979 0 1063 0 1331 0 0 0 0 0 0 0 0 0 0 0 0 0 0 222 31 4883 6853 0 3 0 0 0 0 0 0 0 14 2661 0 1599 44 0 0 41 24 478 0 293 0 1352 0 0 0 0 0 0 0 0 0 0 0 0 0 0 542 0 1985 2579 0 3 0 0 
