0 1552 1834 402 373 0 1418 0 0 0 0 4 0 0 0 0 0 2 0 0 0 0 88 0 0 0 0 9 0 2 0 45 0 1469 0 0 0 0 2 0 0 93 0 1 31 1 0 29 0 0 0 0 3 0 0 0 0 0 5 1 2 0 0 14 0 0 0 0 0 0 0 0 74 0 111 0 0 56 0 0 0 0 0 
1552 0 0 0 38 0 33 0 0 0 0 0 0 0 0 0 0 0 0 0 0 0 3 0 11 0 0 0 0 89 0 23 0 4320 0 0 0 0 0 0 0 0 0 0 0 0 0 0 0 0 0 0 0 0 0 0 0 0 0 0 0 0 0 0 0 0 0 0 0 0 0 0 0 0 0 0 0 0 0 0 0 0 0 
1834 0 0 113 0 0 0 0 0 0 0 49 0 0 0 0 0 0 0 0 0 0 0 0 0 0 0 0 0 0 0 385 0 531 0 300 39 0 170 0 0 949 0 2414 58 0 0 3589 0 0 0 0 32 0 0 0 0 0 0 0 0 0 0 0 0 0 0 0 0 0 0 0 0 0 0 0 0 0 0 0 0 0 0 
402 0 113 0 0 0 233 581 0 0 0 16 0 0 0 0 0 0 0 0 0 0 0 0 0 0 0 0 0 0 0 1 0 0 0 0 0 0 0 0 0 420 0 1442 63 0 0 950 5 0 0 0 160 0 0 0 0 0 0 0 0 0 0 0 0 0 0 0 0 0 0 0 0 0 0 0 0 0 0 0 0 0 0 
373 38 0 0 0 2171 59 258 188 2 0 0 0 0 1 17 0 342 255 0 0 0 47 0 0 0 0 0 0 0 0 1 0 11416 5 6 2139 0 0 0 0 0 0 0 0 0 0 0 10 0 0 0 0 0 0 0 0 0 51 27 43 0 0 3 0 0 0 0 0 0 0 0 89 4 45 0 0 10 0 0 0 0 13 
0 0 0 0 2171 0 48 353 1403 0 0 0 0 0 0 0 0 1 6 0 0 0 0 0 0 0 0 0 0 0 0 0 0 955 0 0 544 1 0 0 0 0 0 0 0 0 0 0 194 0 0 0 0 0 0 0 0 0 0 0 0 0 0 0 0 0 0 0 0 0 0 0 0 0 0 0 0 0 0 0 0 0 0 
1418 33 0 233 59 48 0 1168 195 0 0 1196 2411 0 2 1 0 3153 1389 0 0 0 2373 13 3021 0 0 173 260 1804 0 4048 0 12016 293 11566 9221 19 133 1 0 1 23 1775 0 7 81 19308 14750 0 0 0 1 6 0 0 0 0 1155 208 2237 0 14 466 0 0 0 0 0 0 0 0 2432 118 3227 47 293 7522 26 0 0 0 482 
0 0 0 581 258 353 1168 0 1296 33 2 1355 17792 7935 0 8 0 6 27 0 0 0 0 0 0 0 0 0 0 5 0 0 0 1077 9232 4521 10951 0 0 0 0 0 0 217 0 0 0 694 43677 0 0 0 1 67 1 0 0 0 0 0 0 0 0 0 0 0 0 0 0 0 0 0 0 0 0 0 1 0 0 0 0 0 696 
0 0 0 0 188 1403 195 1296 0 6948 0 0 0 0 0 1183 0 3 2918 0 0 0 0 0 0 0 0 0 0 319 631 0 0 535 0 0 2452 0 0 0 0 0 0 0 0 0 0 0 8 0 0 0 0 0 0 0 0 0 0 0 0 0 0 0 0 0 0 0 0 0 0 0 0 0 0 0 0 0 0 0 0 0 0 
0 0 0 0 2 0 0 33 6948 0 241 0 0 4741 0 3810 260 212 5401 0 0 0 0 0 0 0 0 0 1 2086 7625 0 0 1909 16493 651 4422 25 0 0 0 0 0 0 0 0 0 0 9236 0 12454 2673 0 0 107 0 239 0 1490 0 728 0 0 0 0 0 0 0 0 0 0 0 0 0 0 0 0 0 0 0 0 0 9181 
0 0 0 0 0 0 0 2 0 241 0 0 0 7937 0 52 0 0 0 200 0 0 0 0 0 0 0 0 0 0 0 0 0 0 0 0 0 0 0 0 0 0 0 0 0 0 0 0 108 0 1281 18 0 1 22 0 11 0 424 0 65 0 0 0 0 0 0 0 0 0 0 0 0 0 0 0 0 0 0 0 0 0 0 
4 0 49 16 0 0 1196 1355 0 0 0 0 0 0 0 0 0 0 0 0 0 0 0 0 0 0 0 2 0 0 0 3 0 0 0 0 0 0 0 0 0 331 0 1 96 0 0 293 0 0 0 0 54 0 0 0 0 0 0 0 0 0 0 0 0 0 0 0 0 0 0 0 0 0 0 0 0 0 0 0 0 0 0 
0 0 0 0 0 0 2411 17792 0 0 0 0 0 18 0 0 0 0 0 0 0 0 0 0 0 0 0 0 0 0 0 0 0 0 0 0 0 0 0 0 0 0 0 0 0 0 0 195 74 0 0 0 0 0 0 0 0 0 0 0 0 0 0 0 0 0 0 0 0 0 0 0 0 0 0 0 0 0 0 0 0 0 0 
0 0 0 0 0 0 0 7935 0 4741 7937 0 18 0 212 152 0 2449 0 9654 0 0 0 0 0 0 0 0 0 0 0 0 0 0 0 0 0 0 0 0 0 0 0 0 0 0 0 0 535 0 191 164 0 0 0 0 2 0 73 0 216 0 0 0 0 0 0 0 0 0 0 0 0 0 0 0 0 0 0 0 0 0 0 
0 0 0 0 1 0 2 0 0 0 0 0 0 212 0 0 2 1688 0 9435 236 57 452 160 0 96 0 0 0 0 0 1 10 3 0 0 59 0 0 11 0 0 0 0 0 0 0 0 0 0 0 0 0 0 0 0 0 0 19 0 864 1 0 0 0 0 0 0 0 0 0 0 0 0 0 0 0 0 0 0 0 0 0 
0 0 0 0 17 0 1 8 1183 3810 52 0 0 152 0 0 126 2568 3845 0 0 0 0 0 0 0 0 0 0 525 2225 0 0 4832 2767 112 9854 711 0 17 0 0 0 0 0 0 0 0 0 0 24 19 0 0 1 0 25 0 2404 0 158 0 0 0 0 0 0 0 0 0 0 0 0 0 0 1 1 0 0 0 0 0 2058 
0 0 0 0 0 0 0 0 0 260 0 0 0 0 2 126 0 3954 9140 0 0 0 0 0 0 0 0 0 45 35 5847 3 172 943 0 0 2 0 0 0 0 0 0 0 0 0 0 0 0 0 0 0 0 0 0 0 0 0 0 0 6 0 0 0 0 0 0 0 0 0 0 0 0 0 0 0 0 0 0 0 0 0 0 
2 0 0 0 342 1 3153 6 3 212 0 0 0 2449 1688 2568 3954 0 1782 793 66 405 226 909 1016 314 0 0 1562 127 1508 1349 2252 5591 8478 361 14369 101 0 219 9 0 0 0 0 0 0 0 0 0 45 0 0 0 3 27 12 0 15875 412 10130 120 0 338 0 0 0 0 0 0 0 0 42 0 26 350 50 243 0 0 0 0 3193 
0 0 0 0 255 6 1389 27 2918 5401 0 0 0 0 0 3845 9140 1782 0 0 0 0 470 0 2359 0 0 0 3982 1301 1138 4394 2451 2103 0 0 3416 0 0 0 0 0 0 0 0 0 0 0 0 0 0 0 0 0 0 0 0 0 0 0 0 0 0 0 0 0 0 0 0 0 0 0 0 0 0 0 0 0 0 0 0 0 0 
0 0 0 0 0 0 0 0 0 0 200 0 0 9654 9435 0 0 793 0 0 210 291 8 257 0 0 0 0 0 0 0 2 0 3 0 0 11 0 0 1 0 0 0 0 0 0 0 0 0 0 0 0 0 0 90 160 0 0 2093 1 2455 68 0 118 0 0 0 0 0 0 0 0 0 0 0 0 0 197 0 0 0 0 0 
0 0 0 0 0 0 0 0 0 0 0 0 0 0 236 0 0 66 0 210 0 666 0 1106 0 929 0 0 0 0 0 0 11 10 2 0 103 0 0 73 0 0 0 0 0 0 0 0 0 0 0 0 0 0 0 237 0 0 391 0 568 3 0 225 0 0 0 0 0 0 0 0 0 0 0 0 0 0 0 0 0 0 0 
0 0 0 0 0 0 0 0 0 0 0 0 0 0 57 0 0 405 0 291 666 0 34 978 1 100 0 0 0 0 0 61 0 259 3 0 0 0 0 39 0 0 0 0 0 0 0 0 0 0 0 0 0 0 0 0 0 0 696 14 2 7 87 692 0 0 0 0 0 0 0 0 11 0 546 0 0 1 0 0 0 0 0 
88 3 0 0 47 0 2373 0 0 0 0 0 0 0 452 0 0 226 470 8 0 34 0 114 4488 0 0 0 3698 1245 28 7987 60 2783 0 0 3 0 0 0 0 0 0 0 0 0 0 0 0 0 0 0 0 0 0 0 0 0 7897 104 408 202 526 6542 1 0 0 0 0 0 0 0 66 0 731 0 0 2 0 0 0 0 0 
0 0 0 0 0 0 13 0 0 0 0 0 0 0 160 0 0 909 0 257 1106 978 114 0 46 36 0 0 7 0 0 1 0 17 4 0 5 0 0 61 0 0 0 0 0 0 0 0 0 0 0 0 0 0 0 0 0 0 9 0 149 3 96 86 0 0 0 0 0 0 0 0 0 0 218 0 0 4 0 0 0 0 0 
0 11 0 0 0 0 3021 0 0 0 0 0 0 0 0 0 0 1016 2359 0 0 1 4488 46 0 74 0 6 1394 86 0 0 0 94 261 0 531 0 0 311 3 0 0 0 0 0 0 0 0 0 0 0 0 0 0 0 0 0 0 0 2 0 0 0 0 0 0 0 0 0 0 0 0 0 0 0 0 0 0 0 0 0 0 
0 0 0 0 0 0 0 0 0 0 0 0 0 0 96 0 0 314 0 0 929 100 0 36 74 0 9 0 4 0 0 0 0 0 0 0 0 0 0 378 81 0 0 0 0 0 0 0 0 0 0 0 0 0 0 0 0 0 0 0 1 0 0 0 0 0 0 0 0 0 0 0 0 0 0 0 0 0 0 0 0 0 0 
0 0 0 0 0 0 0 0 0 0 0 0 0 0 0 0 0 0 0 0 0 0 0 0 0 9 0 0 1 0 0 0 0 0 1 0 0 0 0 3 7 0 0 0 0 0 0 0 0 0 0 0 0 0 0 0 0 0 0 0 0 0 0 0 0 0 0 0 0 0 0 0 0 0 0 0 0 0 0 0 0 0 0 
9 0 0 0 0 0 173 0 0 0 0 2 0 0 0 0 0 0 0 0 0 0 0 0 6 0 0 0 0 0 0 0 0 318 13 0 1804 383 0 0 73 0 0 0 0 0 0 0 0 0 0 0 0 0 0 0 0 0 0 0 0 0 0 0 0 0 0 0 0 0 0 0 0 0 0 0 0 0 0 0 0 0 0 
0 0 0 0 0 0 260 0 0 1 0 0 0 0 0 0 45 1562 3982 0 0 0 3698 7 1394 4 1 0 0 588 829 60 0 0 128 0 1210 5 0 131 104 0 0 0 0 0 0 0 0 0 0 0 0 0 0 0 0 0 0 0 0 0 0 0 0 0 0 0 0 0 0 0 0 0 0 0 0 0 0 0 0 0 0 
2 89 0 0 0 0 1804 5 319 2086 0 0 0 0 0 525 35 127 1301 0 0 0 1245 0 86 0 0 0 588 0 1382 22 0 905 10 0 1404 91 0 0 0 0 0 0 0 0 0 0 0 0 0 0 0 0 0 0 0 0 0 0 0 0 0 0 0 0 0 0 0 0 0 0 1 0 0 0 0 0 0 0 0 0 0 
0 0 0 0 0 0 0 0 631 7625 0 0 0 0 0 2225 5847 1508 1138 0 0 0 28 0 0 0 0 0 829 1382 0 184 0 177 0 0 10 0 0 0 0 0 0 0 0 0 0 0 0 0 0 0 0 0 0 0 0 0 0 0 0 0 0 0 0 0 0 0 0 0 0 0 0 0 0 0 0 0 0 0 0 0 0 
45 23 385 1 1 0 4048 0 0 0 0 3 0 0 1 0 3 1349 4394 2 0 61 7987 1 0 0 0 0 60 22 184 0 78 2113 0 0 1041 144 34 0 0 0 0 0 0 0 0 0 0 0 0 0 0 0 0 0 0 0 56 85 0 0 46 65 0 0 0 0 0 0 0 0 7 0 36 0 0 0 0 0 0 0 0 
0 0 0 0 0 0 0 0 0 0 0 0 0 0 10 0 172 2252 2451 0 11 0 60 0 0 0 0 0 0 0 0 78 0 0 0 0 0 0 0 0 0 0 0 0 0 0 0 0 0 0 0 0 0 0 0 0 0 0 0 0 100 0 0 0 0 0 0 0 0 0 0 0 0 0 0 0 0 0 0 0 0 0 0 
1469 4320 531 0 11416 955 12016 1077 535 1909 0 0 0 0 3 4832 943 5591 2103 3 10 259 2783 17 94 0 0 318 0 905 177 2113 0 0 23 0 183 0 0 0 0 0 0 0 0 0 0 6 328 0 0 0 0 0 0 0 0 0 443 615 106 0 148 455 0 0 0 0 0 0 0 0 985 0 998 0 0 189 0 0 0 0 0 
0 0 0 0 5 0 293 9232 0 16493 0 0 0 0 0 2767 0 8478 0 0 2 3 0 4 261 0 1 13 128 10 0 0 0 23 0 608 566 56 0 121 272 0 0 0 0 0 0 0 0 0 15 0 0 0 0 0 1 0 315 0 41 0 0 0 0 0 0 0 0 0 0 0 0 0 0 119 0 13 2 0 0 0 144 
0 0 300 0 6 0 11566 4521 0 651 0 0 0 0 0 112 0 361 0 0 0 0 0 0 0 0 0 0 0 0 0 0 0 0 608 0 250 8 0 3 0 0 0 0 0 0 0 0 0 0 94 2 0 0 0 0 42 0 180 0 41 0 0 0 0 0 0 0 0 0 0 0 0 0 0 13 0 0 0 0 0 0 805 
0 0 39 0 2139 544 9221 10951 2452 4422 0 0 0 0 59 9854 2 14369 3416 11 103 0 3 5 531 0 0 1804 1210 1404 10 1041 0 183 566 250 0 0 0 136 0 0 0 0 0 0 0 100 103 0 0 0 0 0 0 25 0 0 915 0 7406 0 0 0 0 0 0 0 0 0 0 0 0 7 10 0 0 7360 0 0 0 0 5708 
0 0 0 0 0 1 19 0 0 25 0 0 0 0 0 711 0 101 0 0 0 0 0 0 0 0 0 383 5 91 0 144 0 0 56 8 0 0 0 1 0 0 0 0 0 0 0 0 0 0 0 0 0 0 0 0 0 0 4 0 14 0 0 0 0 0 0 0 0 0 0 0 0 0 0 0 0 16 0 0 0 0 1524 
2 0 170 0 0 0 133 0 0 0 0 0 0 0 0 0 0 0 0 0 0 0 0 0 0 0 0 0 0 0 0 34 0 0 0 0 0 0 0 0 0 0 0 0 0 0 0 0 0 0 0 0 0 0 0 0 0 0 0 0 0 0 0 0 0 0 0 0 0 0 0 0 0 0 0 0 0 0 0 0 0 0 0 
0 0 0 0 0 0 1 0 0 0 0 0 0 0 11 17 0 219 0 1 73 39 0 61 311 378 3 0 131 0 0 0 0 0 121 3 136 1 0 0 84 0 0 0 0 0 0 99 0 0 0 0 0 0 0 0 0 0 2 0 11 0 0 1 0 0 0 0 0 0 0 0 0 0 0 0 0 228 0 0 0 0 8 
0 0 0 0 0 0 0 0 0 0 0 0 0 0 0 0 0 9 0 0 0 0 0 0 3 81 7 73 104 0 0 0 0 0 272 0 0 0 0 84 0 0 0 0 0 0 0 0 0 0 0 0 0 0 0 0 0 0 0 0 0 0 0 0 0 0 0 0 0 0 0 0 0 0 0 0 0 0 0 0 0 0 0 
93 0 949 420 0 0 1 0 0 0 0 331 0 0 0 0 0 0 0 0 0 0 0 0 0 0 0 0 0 0 0 0 0 0 0 0 0 0 0 0 0 0 603 0 304 584 0 4483 0 0 0 0 416 0 0 0 0 0 0 0 0 0 0 0 0 0 0 0 8 0 64 0 175 0 904 0 0 0 0 21 0 0 0 
0 0 0 0 0 0 23 0 0 0 0 0 0 0 0 0 0 0 0 0 0 0 0 0 0 0 0 0 0 0 0 0 0 0 0 0 0 0 0 0 0 603 0 0 15 34 0 116 0 0 0 0 0 0 0 0 0 0 0 0 0 0 0 0 24 8 0 0 17 0 1932 0 652 0 649 0 0 26 0 0 0 0 0 
1 0 2414 1442 0 0 1775 217 0 0 0 1 0 0 0 0 0 0 0 0 0 0 0 0 0 0 0 0 0 0 0 0 0 0 0 0 0 0 0 0 0 0 0 0 373 0 0 0 0 0 0 0 1004 3 0 0 0 0 0 0 0 0 0 0 0 0 0 0 0 0 0 0 0 0 0 0 366 36 0 72 0 0 0 
31 0 58 63 0 0 0 0 0 0 0 96 0 0 0 0 0 0 0 0 0 0 0 0 0 0 0 0 0 0 0 0 0 0 0 0 0 0 0 0 0 304 15 373 0 0 0 1669 73 0 0 0 279 0 0 0 0 0 0 0 0 0 0 0 0 0 0 0 306 0 0 0 0 0 18 25 2 18 14 64 0 12 8 
1 0 0 0 0 0 7 0 0 0 0 0 0 0 0 0 0 0 0 0 0 0 0 0 0 0 0 0 0 0 0 0 0 0 0 0 0 0 0 0 0 584 34 0 0 0 300 490 432 0 0 0 0 0 0 0 0 0 0 0 0 0 0 0 13 8 0 0 1 0 129 6 237 0 4358 0 2 362 0 0 0 0 0 
0 0 0 0 0 0 81 0 0 0 0 0 0 0 0 0 0 0 0 0 0 0 0 0 0 0 0 0 0 0 0 0 0 0 0 0 0 0 0 0 0 0 0 0 0 300 0 1351 513 3802 16091 0 0 0 0 0 178 643 0 214 0 0 0 1 0 0 0 0 0 107 3490 1191 170 0 2703 0 0 1679 0 0 0 0 0 
29 0 3589 950 0 0 19308 694 0 0 0 293 195 0 0 0 0 0 0 0 0 0 0 0 0 0 0 0 0 0 0 0 0 6 0 0 100 0 0 99 0 4483 116 0 1669 490 1351 0 3164 1846 1 0 1707 83 0 0 0 0 0 0 0 0 0 3 477 535 0 0 1555 72 2961 0 1121 0 3654 482 14049 12200 400 811 136 0 115 
0 0 0 5 10 194 14750 43677 8 9236 108 0 74 535 0 0 0 0 0 0 0 0 0 0 0 0 0 0 0 0 0 0 0 328 0 0 103 0 0 0 0 0 0 0 73 432 513 3164 0 4074 38 291 1843 4029 2512 0 0 0 0 0 80 0 0 0 0 0 0 0 0 0 0 0 0 0 584 18280 8085 7853 454 0 0 0 2746 
0 0 0 0 0 0 0 0 0 0 0 0 0 0 0 0 0 0 0 0 0 0 0 0 0 0 0 0 0 0 0 0 0 0 0 0 0 0 0 0 0 0 0 0 0 0 3802 1846 4074 0 3677 0 0 0 0 0 0 0 0 3 0 0 0 0 0 0 0 0 0 0 0 0 0 0 1361 325 0 7606 15 0 0 0 1155 
0 0 0 0 0 0 0 0 0 12454 1281 0 0 191 0 24 0 45 0 0 0 0 0 0 0 0 0 0 0 0 0 0 0 0 15 94 0 0 0 0 0 0 0 0 0 0 16091 1 38 3677 0 69 0 0 1090 0 2036 1488 651 2144 0 0 0 0 0 0 0 0 0 50 2318 402 2 0 2181 22115 1342 5578 530 3 791 0 2745 
0 0 0 0 0 0 0 0 0 2673 18 0 0 164 0 19 0 0 0 0 0 0 0 0 0 0 0 0 0 0 0 0 0 0 0 2 0 0 0 0 0 0 0 0 0 0 0 0 291 0 69 0 0 3 2637 0 257 0 0 0 154 0 0 0 0 0 0 0 0 0 0 0 0 0 0 0 0 0 0 0 0 0 0 
3 0 32 160 0 0 1 1 0 0 0 54 0 0 0 0 0 0 0 0 0 0 0 0 0 0 0 0 0 0 0 0 0 0 0 0 0 0 0 0 0 416 0 1004 279 0 0 1707 1843 0 0 0 0 0 0 0 0 0 0 0 0 0 0 0 0 0 0 0 0 0 0 0 0 0 0 0 0 0 0 2 0 0 0 
0 0 0 0 0 0 6 67 0 0 1 0 0 0 0 0 0 0 0 0 0 0 0 0 0 0 0 0 0 0 0 0 0 0 0 0 0 0 0 0 0 0 0 3 0 0 0 83 4029 0 0 3 0 0 136 0 0 0 0 0 9 0 0 0 0 0 0 0 0 0 0 0 0 0 0 0 0 0 0 0 0 0 0 
0 0 0 0 0 0 0 1 0 107 22 0 0 0 0 1 0 3 0 90 0 0 0 0 0 0 0 0 0 0 0 0 0 0 0 0 0 0 0 0 0 0 0 0 0 0 0 0 2512 0 1090 2637 0 136 0 1224 0 0 752 0 6463 0 0 0 0 0 0 0 0 0 0 0 0 0 0 0 0 0 0 0 0 0 0 
0 0 0 0 0 0 0 0 0 0 0 0 0 0 0 0 0 27 0 160 237 0 0 0 0 0 0 0 0 0 0 0 0 0 0 0 25 0 0 0 0 0 0 0 0 0 0 0 0 0 0 0 0 0 1224 0 0 0 87 0 4183 178 143 0 16 0 79 11 0 0 0 0 0 0 0 0 0 0 0 0 0 0 0 
0 0 0 0 0 0 0 0 0 239 11 0 0 2 0 25 0 12 0 0 0 0 0 0 0 0 0 0 0 0 0 0 0 0 1 42 0 0 0 0 0 0 0 0 0 0 178 0 0 0 2036 257 0 0 0 0 0 3890 2414 1092 435 0 0 0 0 0 0 0 0 3 821 43 39 0 642 2630 445 8565 92 0 12 0 477 
0 0 0 0 0 0 0 0 0 0 0 0 0 0 0 0 0 0 0 0 0 0 0 0 0 0 0 0 0 0 0 0 0 0 0 0 0 0 0 0 0 0 0 0 0 0 643 0 0 0 1488 0 0 0 0 0 3890 0 100 2171 0 0 0 1 0 0 0 0 0 1 2575 2045 160 0 1361 0 0 1662 0 0 0 0 0 
5 0 0 0 51 0 1155 0 0 1490 424 0 0 73 19 2404 0 15875 0 2093 391 696 7897 9 0 0 0 0 0 0 0 56 0 443 315 180 915 4 0 2 0 0 0 0 0 0 0 0 0 0 651 0 0 0 752 87 2414 100 0 2387 154 97 78 187 18 0 0 0 0 0 3 0 320 124 1021 5856 640 15202 57 0 91 0 977 
1 0 0 0 27 0 208 0 0 0 0 0 0 0 0 0 0 412 0 1 0 14 104 0 0 0 0 0 0 0 0 85 0 615 0 0 0 0 0 0 0 0 0 0 0 0 214 0 0 3 2144 0 0 0 0 0 1092 2171 2387 0 2 0 0 1139 0 724 0 0 0 1532 687 157 2813 3956 2688 0 0 10136 0 0 0 0 0 
2 0 0 0 43 0 2237 0 0 728 65 0 0 216 864 158 6 10130 0 2455 568 2 408 149 2 1 0 0 0 0 0 0 100 106 41 41 7406 14 0 11 0 0 0 0 0 0 0 0 80 0 0 154 0 9 6463 4183 435 0 154 2 0 25 1 2 0 0 0 0 0 0 0 0 3 3 32 42 183 1118 0 0 7 0 5 
0 0 0 0 0 0 0 0 0 0 0 0 0 0 1 0 0 120 0 68 3 7 202 3 0 0 0 0 0 0 0 0 0 0 0 0 0 0 0 0 0 0 0 0 0 0 0 0 0 0 0 0 0 0 0 178 0 0 97 0 25 0 240 142 175 14 10 10 0 0 0 0 0 0 0 0 0 0 0 0 510 0 0 
0 0 0 0 0 0 14 0 0 0 0 0 0 0 0 0 0 0 0 0 0 87 526 96 0 0 0 0 0 0 0 46 0 148 0 0 0 0 0 0 0 0 0 0 0 0 0 0 0 0 0 0 0 0 0 143 0 0 78 0 1 240 0 73 233 4 0 0 0 0 0 0 73 0 93 0 0 0 0 0 229 0 0 
14 0 0 0 3 0 466 0 0 0 0 0 0 0 0 0 0 338 0 118 225 692 6542 86 0 0 0 0 0 0 0 65 0 455 0 0 0 0 0 1 0 0 0 0 0 0 1 3 0 0 0 0 0 0 0 0 0 1 187 1139 2 142 73 0 15 699 0 0 0 1435 2379 32 8347 466 429 0 0 62 0 0 0 0 0 
0 0 0 0 0 0 0 0 0 0 0 0 0 0 0 0 0 0 0 0 0 0 1 0 0 0 0 0 0 0 0 0 0 0 0 0 0 0 0 0 0 0 24 0 0 13 0 477 0 0 0 0 0 0 0 16 0 0 18 0 0 175 233 15 0 526 180 60 0 4 199 0 692 0 53 0 0 74 0 0 493 0 0 
0 0 0 0 0 0 0 0 0 0 0 0 0 0 0 0 0 0 0 0 0 0 0 0 0 0 0 0 0 0 0 0 0 0 0 0 0 0 0 0 0 0 8 0 0 8 0 535 0 0 0 0 0 0 0 0 0 0 0 724 0 14 4 699 526 0 131 2 0 930 7803 48 4717 32 33 0 0 42 0 0 277 0 0 
0 0 0 0 0 0 0 0 0 0 0 0 0 0 0 0 0 0 0 0 0 0 0 0 0 0 0 0 0 0 0 0 0 0 0 0 0 0 0 0 0 0 0 0 0 0 0 0 0 0 0 0 0 0 0 79 0 0 0 0 0 10 0 0 180 131 0 65 0 0 0 0 0 0 0 0 0 0 0 0 295 0 0 
0 0 0 0 0 0 0 0 0 0 0 0 0 0 0 0 0 0 0 0 0 0 0 0 0 0 0 0 0 0 0 0 0 0 0 0 0 0 0 0 0 0 0 0 0 0 0 0 0 0 0 0 0 0 0 11 0 0 0 0 0 10 0 0 60 2 65 0 0 0 0 0 0 0 0 0 0 10 3 0 384 12 0 
0 0 0 0 0 0 0 0 0 0 0 0 0 0 0 0 0 0 0 0 0 0 0 0 0 0 0 0 0 0 0 0 0 0 0 0 0 0 0 0 0 8 17 0 306 1 0 1555 0 0 0 0 0 0 0 0 0 0 0 0 0 0 0 0 0 0 0 0 0 0 0 0 0 0 108 10 0 1288 308 0 41 147 0 
0 0 0 0 0 0 0 0 0 0 0 0 0 0 0 0 0 0 0 0 0 0 0 0 0 0 0 0 0 0 0 0 0 0 0 0 0 0 0 0 0 0 0 0 0 0 107 72 0 0 50 0 0 0 0 0 3 1 0 1532 0 0 0 1435 4 930 0 0 0 0 2678 27 46 4 292 269 0 1184 117 0 739 0 0 
0 0 0 0 0 0 0 0 0 0 0 0 0 0 0 0 0 0 0 0 0 0 0 0 0 0 0 0 0 0 0 0 0 0 0 0 0 0 0 0 0 64 1932 0 0 129 3490 2961 0 0 2318 0 0 0 0 0 821 2575 3 687 0 0 0 2379 199 7803 0 0 0 2678 0 204 338 50 2762 0 0 618 1 0 76 0 0 
0 0 0 0 0 0 0 0 0 0 0 0 0 0 0 0 0 0 0 0 0 0 0 0 0 0 0 0 0 0 0 0 0 0 0 0 0 0 0 0 0 0 0 0 0 6 1191 0 0 0 402 0 0 0 0 0 43 2045 0 157 0 0 0 32 0 48 0 0 0 27 204 0 1410 49 1149 0 0 92 0 0 0 0 0 
74 0 0 0 89 0 2432 0 0 0 0 0 0 0 0 0 0 42 0 0 0 11 66 0 0 0 0 0 0 1 0 7 0 985 0 0 0 0 0 0 0 175 652 0 0 237 170 1121 0 0 2 0 0 0 0 0 39 160 320 2813 3 0 73 8347 692 4717 0 0 0 46 338 1410 0 103 545 0 0 12 0 0 0 0 0 
0 0 0 0 4 0 118 0 0 0 0 0 0 0 0 0 0 0 0 0 0 0 0 0 0 0 0 0 0 0 0 0 0 0 0 0 7 0 0 0 0 0 0 0 0 0 0 0 0 0 0 0 0 0 0 0 0 0 124 3956 3 0 0 466 0 32 0 0 0 4 50 49 103 0 3 0 0 0 0 0 0 0 0 
111 0 0 0 45 0 3227 0 0 0 0 0 0 0 0 0 0 26 0 0 0 546 731 218 0 0 0 0 0 0 0 36 0 998 0 0 10 0 0 0 0 904 649 0 18 4358 2703 3654 584 1361 2181 0 0 0 0 0 642 1361 1021 2688 32 0 93 429 53 33 0 0 108 292 2762 1149 545 3 0 0 0 135 0 0 0 0 0 
0 0 0 0 0 0 47 0 0 0 0 0 0 0 0 1 0 350 0 0 0 0 0 0 0 0 0 0 0 0 0 0 0 0 119 13 0 0 0 0 0 0 0 0 25 0 0 482 18280 325 22115 0 0 0 0 0 2630 0 5856 0 42 0 0 0 0 0 0 0 10 269 0 0 0 0 0 0 522 203 144 0 213 86 1653 
0 0 0 0 0 0 293 1 0 0 0 0 0 0 0 1 0 50 0 0 0 0 0 0 0 0 0 0 0 0 0 0 0 0 0 0 0 0 0 0 0 0 0 366 2 2 0 14049 8085 0 1342 0 0 0 0 0 445 0 640 0 183 0 0 0 0 0 0 0 0 0 0 0 0 0 0 522 0 6 0 0 0 0 659 
56 0 0 0 10 0 7522 0 0 0 0 0 0 0 0 0 0 243 0 197 0 1 2 4 0 0 0 0 0 0 0 0 0 189 13 0 7360 16 0 228 0 0 26 36 18 362 1679 12200 7853 7606 5578 0 0 0 0 0 8565 1662 15202 10136 1118 0 0 62 74 42 0 10 1288 1184 618 92 12 0 135 203 6 0 3 0 37 1 3440 
0 0 0 0 0 0 26 0 0 0 0 0 0 0 0 0 0 0 0 0 0 0 0 0 0 0 0 0 0 0 0 0 0 0 2 0 0 0 0 0 0 0 0 0 14 0 0 400 454 15 530 0 0 0 0 0 92 0 57 0 0 0 0 0 0 0 0 3 308 117 1 0 0 0 0 144 0 3 0 0 0 0 1764 
0 0 0 0 0 0 0 0 0 0 0 0 0 0 0 0 0 0 0 0 0 0 0 0 0 0 0 0 0 0 0 0 0 0 0 0 0 0 0 0 0 21 0 72 64 0 0 811 0 0 3 0 2 0 0 0 0 0 0 0 0 0 0 0 0 0 0 0 0 0 0 0 0 0 0 0 0 0 0 0 0 7 14 
0 0 0 0 0 0 0 0 0 0 0 0 0 0 0 0 0 0 0 0 0 0 0 0 0 0 0 0 0 0 0 0 0 0 0 0 0 0 0 0 0 0 0 0 0 0 0 136 0 0 791 0 0 0 0 0 12 0 91 0 7 510 229 0 493 277 295 384 41 739 76 0 0 0 0 213 0 37 0 0 0 19 6 
0 0 0 0 0 0 0 0 0 0 0 0 0 0 0 0 0 0 0 0 0 0 0 0 0 0 0 0 0 0 0 0 0 0 0 0 0 0 0 0 0 0 0 0 12 0 0 0 0 0 0 0 0 0 0 0 0 0 0 0 0 0 0 0 0 0 0 12 147 0 0 0 0 0 0 86 0 1 0 7 19 0 0 
0 0 0 0 13 0 482 696 0 9181 0 0 0 0 0 2058 0 3193 0 0 0 0 0 0 0 0 0 0 0 0 0 0 0 0 144 805 5708 1524 0 8 0 0 0 0 8 0 0 115 2746 1155 2745 0 0 0 0 0 477 0 977 0 5 0 0 0 0 0 0 0 0 0 0 0 0 0 0 1653 659 3440 1764 14 6 0 0 
