0 1692 126 200 1156 0 3158 0 0 0 0 0 0 0 0 0 0 0 0 0 0 0 0 0 0 0 0 0 0 0 0 0 0 1363 0 17 0 0 139 0 0 0 0 241 202 0 0 474 793 0 0 0 0 0 0 0 0 0 0 0 0 0 0 0 0 0 0 0 0 0 0 0 0 0 0 0 0 0 0 0 0 0 0 
1692 0 0 0 132 0 199 0 0 0 0 0 0 0 0 0 0 0 0 0 0 0 0 0 0 0 0 0 0 0 0 56 0 5043 0 0 51 0 0 0 0 0 0 0 0 0 0 0 0 0 0 0 0 0 0 0 0 0 0 0 0 0 0 0 0 0 0 0 0 0 0 0 0 0 0 0 0 0 0 0 0 0 0 
126 0 0 1 0 0 11 0 0 0 0 22 0 0 0 0 0 0 0 0 0 0 0 0 0 0 0 0 0 0 0 0 0 157 0 147 10 0 2 0 0 0 0 50 89 0 0 1182 1814 0 0 0 0 0 0 0 0 0 0 0 0 0 0 0 0 0 0 0 0 0 0 0 0 0 0 0 0 0 0 0 0 0 0 
200 0 1 0 0 0 0 60 0 0 0 152 0 0 0 0 0 0 0 0 0 0 0 0 0 0 0 0 0 0 0 0 0 0 0 1 0 0 140 0 0 0 0 10 180 0 0 99 248 0 0 0 0 0 0 0 0 0 0 0 0 0 0 0 0 0 0 0 0 0 0 0 0 0 0 0 0 0 0 0 0 0 0 
1156 132 0 0 0 14 544 950 97 0 0 0 0 0 0 0 0 0 0 0 0 0 0 0 0 0 0 0 0 0 0 1 0 6412 0 0 375 0 0 0 0 0 0 0 0 3 14 130 493 0 0 0 0 1 0 0 0 0 0 0 0 0 0 0 0 0 0 0 0 0 0 0 0 0 186 0 7 28 0 0 0 0 0 
0 0 0 0 14 0 0 2250 9811 11145 0 0 0 0 0 14 1602 0 0 0 0 0 0 0 0 0 0 0 19 151 1017 1195 0 954 0 0 9 0 0 0 0 0 0 0 0 0 0 0 0 2 0 0 0 0 0 0 0 0 0 0 0 0 0 0 0 0 0 0 0 0 0 0 0 0 6 0 4 2 0 0 0 0 0 
3158 199 11 0 544 0 0 2152 4840 53 0 1380 1203 0 3 0 0 0 0 0 0 0 14 57 207 1 0 0 0 0 0 818 0 8404 451 6186 3940 1012 0 19 0 29 0 101 28 0 4 14195 3438 0 0 0 8 0 0 0 0 0 0 0 0 0 0 0 0 0 0 0 0 0 0 0 5 0 742 0 0 2 0 0 2 0 1 
0 0 0 60 950 2250 2152 0 2532 487 25 2461 17008 2931 4 0 0 1 0 8 0 0 5 29 165 3 0 0 0 0 0 874 0 3319 7996 1703 3927 191 0 10 0 5 0 0 0 0 13 3455 20539 2394 0 0 0 721 0 1 0 0 0 0 0 0 0 0 0 0 0 0 0 0 0 0 3 0 954 74 35 233 0 0 1 0 1011 
0 0 0 0 97 9811 4840 2532 0 5269 0 0 0 0 0 0 4 0 0 0 0 0 0 0 0 0 0 0 0 0 0 2 0 260 0 0 3 0 0 0 0 0 0 0 0 1 9 182 172 0 0 0 0 7 0 0 0 0 0 0 0 0 0 0 0 0 0 0 0 0 0 0 0 0 25 0 0 0 0 0 0 0 0 
0 0 0 0 0 11145 53 487 5269 0 4467 0 1 2938 0 4949 4501 55 9 102 0 0 0 0 0 0 0 0 27 192 1374 704 0 4050 16661 1073 8628 3644 0 620 43 0 0 0 0 0 0 0 5111 0 7325 1309 0 0 222 0 0 0 0 0 0 0 0 0 0 0 0 0 0 0 0 0 0 0 0 0 0 0 0 0 0 0 4550 
0 0 0 0 0 0 0 25 0 4467 0 0 0 1140 0 15 0 28 0 248 0 0 0 0 0 0 0 0 0 0 0 0 0 0 0 0 0 0 0 0 0 0 0 0 0 0 0 0 0 0 763 370 0 0 246 0 0 0 0 0 0 0 0 0 0 0 0 0 0 0 0 0 0 0 0 2 15 0 0 0 0 0 0 
0 0 22 152 0 0 1380 2461 0 0 0 0 7 0 0 0 0 0 0 0 0 0 0 0 0 0 0 0 0 0 0 0 0 0 0 1 0 0 19 0 0 0 0 3 20 0 0 119 668 0 0 0 0 0 0 0 0 0 0 0 0 0 0 0 0 0 0 0 0 0 0 0 0 0 0 0 0 0 0 0 0 0 0 
0 0 0 0 0 0 1203 17008 0 1 0 7 0 0 0 0 0 0 0 0 0 0 0 0 0 0 0 0 0 0 0 0 0 0 0 0 0 0 0 0 0 0 0 0 0 0 0 520 525 0 0 0 0 0 0 0 0 0 0 0 0 0 0 0 0 0 0 0 0 0 0 0 0 0 0 0 0 0 0 0 0 0 0 
0 0 0 0 0 0 0 2931 0 2938 1140 0 0 0 693 0 0 369 0 8849 0 0 0 0 0 0 0 0 0 0 0 0 0 0 0 0 0 0 0 0 0 0 0 0 0 0 0 0 80 0 0 2 0 0 0 3 0 0 30 0 1 0 0 0 0 0 0 0 0 0 0 0 0 0 0 0 0 0 0 0 0 0 0 
0 0 0 0 0 0 3 4 0 0 0 0 0 693 0 0 0 343 0 6216 83 9 0 246 0 5 0 0 0 0 0 4 0 90 0 0 19 0 0 941 0 0 0 0 0 0 0 0 0 0 0 0 0 0 0 0 0 0 26 0 21 2 0 2 0 0 0 0 0 0 0 0 0 0 0 88 0 9 3 0 2 0 2 
0 0 0 0 0 14 0 0 0 4949 15 0 0 0 0 0 5549 540 46 0 0 0 0 0 0 0 0 0 8 224 1299 279 0 2116 2176 27 10670 3880 0 1778 170 0 0 0 0 0 0 0 0 0 192 333 0 0 0 0 0 0 180 0 125 0 0 0 0 0 0 0 0 0 0 0 0 0 0 0 17 0 0 0 0 0 2592 
0 0 0 0 0 1602 0 0 4 4501 0 0 0 0 0 5549 0 1515 224 0 0 0 0 0 0 0 0 0 9 689 2706 614 0 1491 0 0 48 0 0 0 0 0 0 0 0 0 0 0 0 0 0 0 0 0 0 0 0 0 0 0 0 0 0 0 0 0 0 0 0 0 0 0 0 0 0 0 0 0 0 0 0 0 0 
0 0 0 0 0 0 0 1 0 55 28 0 0 369 343 540 1515 0 8021 788 42 38 94 6 215 0 0 0 3437 340 700 4393 255 1561 6511 82 11221 1246 0 2667 196 0 0 0 0 0 0 0 0 0 0 1129 0 0 118 130 0 0 4996 0 894 282 2583 1424 3694 0 0 0 0 0 0 0 0 4 45 5423 83 1429 127 0 44 0 3941 
0 0 0 0 0 0 0 0 0 9 0 0 0 0 0 46 224 8021 0 1880 0 0 524 0 2462 0 0 0 4945 13600 1517 458 0 0 0 0 0 0 0 0 0 0 0 0 0 0 0 0 0 0 0 0 0 0 0 0 0 0 0 0 0 0 0 0 0 0 0 0 0 0 0 0 0 0 1 108 0 481 99 0 16 0 30 
0 0 0 0 0 0 0 8 0 102 248 0 0 8849 6216 0 0 788 1880 0 55 9 711 87 0 0 0 0 33 0 3 103 1 0 1199 97 0 0 0 0 0 0 0 0 0 0 0 0 0 0 23 440 0 0 419 563 0 0 10269 0 2353 679 2504 1287 1712 0 6 0 0 0 0 0 9 0 34 2457 25 1996 84 0 123 0 75 
0 0 0 0 0 0 0 0 0 0 0 0 0 0 83 0 0 42 0 55 0 1357 6 142 0 0 0 0 0 0 0 0 0 0 0 0 0 0 0 0 0 0 0 0 0 0 0 0 0 0 0 0 0 0 0 32 0 0 220 0 284 111 271 9 414 0 0 0 0 0 0 0 0 0 1 0 0 2 0 0 41 0 0 
0 0 0 0 0 0 0 0 0 0 0 0 0 0 9 0 0 38 0 9 1357 0 85 1257 0 0 0 0 0 5 0 531 0 42 0 0 0 0 0 0 0 0 0 0 0 0 0 0 0 0 0 0 0 0 0 10 0 0 18 0 216 53 147 25 270 0 0 0 0 0 0 0 1 0 1 0 0 27 0 0 9 0 0 
0 0 0 0 0 0 14 5 0 0 0 0 0 0 0 0 0 94 524 711 6 85 0 35 3243 0 0 0 8809 7790 20 3233 0 61 0 0 4 0 0 115 0 0 0 0 0 0 0 0 0 0 0 0 0 0 0 0 0 0 370 0 0 114 1531 1278 8218 0 0 0 0 0 0 0 107 0 169 26 0 3695 31 0 6 0 8 
0 0 0 0 0 0 57 29 0 0 0 0 0 0 246 0 0 6 0 87 142 1257 35 0 18 0 0 0 69 111 0 3527 0 1686 0 0 222 0 0 137 0 0 0 0 0 0 2 7 0 0 0 0 0 0 0 98 0 0 1 0 123 0 47 0 749 0 1 0 0 0 0 0 0 0 4 0 0 0 0 0 115 0 0 
0 0 0 0 0 0 207 165 0 0 0 0 0 0 0 0 0 215 2462 0 0 0 3243 18 0 6 1 7 1914 4473 3 6906 0 100 0 0 3 0 0 175 0 0 0 0 0 0 0 5 1 0 0 0 0 0 0 0 0 0 0 0 0 0 0 0 0 0 0 0 0 0 0 0 0 0 0 0 0 0 0 0 0 0 0 
0 0 0 0 0 0 1 3 0 0 0 0 0 0 5 0 0 0 0 0 0 0 0 0 6 0 0 2 458 3 0 73 0 19 0 0 6 0 0 425 0 0 0 0 0 0 0 0 0 0 0 0 0 0 0 0 0 0 0 0 0 0 0 0 0 0 0 0 0 0 0 0 0 0 0 0 0 0 0 0 0 0 0 
0 0 0 0 0 0 0 0 0 0 0 0 0 0 0 0 0 0 0 0 0 0 0 0 1 0 0 0 0 0 0 0 0 0 0 0 0 0 0 0 0 0 0 0 0 0 0 0 0 0 0 0 0 0 0 0 0 0 0 0 0 0 0 0 0 0 0 0 0 0 0 0 0 0 0 0 0 0 0 0 0 0 0 
0 0 0 0 0 0 0 0 0 0 0 0 0 0 0 0 0 0 0 0 0 0 0 0 7 2 0 0 0 0 0 0 0 0 0 0 126 0 0 541 0 0 0 0 0 0 0 0 0 0 0 0 0 0 0 0 0 0 0 0 0 0 0 0 0 0 0 0 0 0 0 0 0 0 0 0 0 0 0 0 0 0 0 
0 0 0 0 0 19 0 0 0 27 0 0 0 0 0 8 9 3437 4945 33 0 0 8809 69 1914 458 0 0 0 851 0 3064 0 0 0 0 0 0 0 253 0 0 0 0 0 0 0 0 0 0 0 0 0 0 0 0 0 0 0 0 0 0 0 0 0 0 0 0 0 0 0 0 0 0 0 0 0 1 0 0 0 0 0 
0 0 0 0 0 151 0 0 0 192 0 0 0 0 0 224 689 340 13600 0 0 5 7790 111 4473 3 0 0 851 0 308 707 0 42 0 0 61 0 0 1 0 0 0 0 0 0 0 0 0 0 0 0 0 0 0 0 0 0 0 0 0 0 0 0 0 0 0 0 0 0 0 0 0 0 0 0 0 0 0 0 0 0 0 
0 0 0 0 0 1017 0 0 0 1374 0 0 0 0 0 1299 2706 700 1517 3 0 0 20 0 3 0 0 0 0 308 0 203 0 438 0 0 74 0 0 0 0 0 0 0 0 0 0 0 0 0 0 0 0 0 0 0 0 0 0 0 0 0 0 0 0 0 0 0 0 0 0 0 0 0 0 463 0 0 0 0 1 0 1 
0 56 0 0 1 1195 818 874 2 704 0 0 0 0 4 279 614 4393 458 103 0 531 3233 3527 6906 73 0 0 3064 707 203 0 5 1893 0 0 2264 0 0 1941 0 0 0 0 0 0 2 35 2 0 0 0 0 0 0 5 0 0 1 0 0 0 17 4 719 0 1 0 0 0 0 0 296 0 114 2981 0 5571 250 0 47 0 31 
0 0 0 0 0 0 0 0 0 0 0 0 0 0 0 0 0 255 0 1 0 0 0 0 0 0 0 0 0 0 0 5 0 109 0 0 0 0 0 0 0 0 0 0 0 0 0 0 0 0 0 0 0 0 0 0 0 0 0 0 0 0 0 0 0 0 0 0 0 0 0 0 0 0 12 3504 0 2206 213 0 123 0 21 
1363 5043 157 0 6412 954 8404 3319 260 4050 0 0 0 0 90 2116 1491 1561 0 0 0 42 61 1686 100 19 0 0 0 42 438 1893 109 0 58 8 178 0 0 77 0 0 0 12 0 0 13 216 456 468 0 0 0 1 0 29 0 0 21 0 96 0 1 0 40 0 1 0 0 0 0 0 63 0 495 2408 6 441 134 0 71 0 9 
0 0 0 0 0 0 451 7996 0 16661 0 0 0 0 0 2176 0 6511 0 1199 0 0 0 0 0 0 0 0 0 0 0 0 0 58 0 202 342 19 6 0 0 0 0 0 0 0 7 15 0 58 0 13 0 0 0 0 0 0 4 0 1 0 0 0 0 0 0 0 0 0 0 0 0 0 203 4866 43 0 0 0 0 0 872 
17 0 147 1 0 0 6186 1703 0 1073 0 1 0 0 0 27 0 82 0 97 0 0 0 0 0 0 0 0 0 0 0 0 0 8 202 0 115 2 11 0 0 0 0 0 0 0 0 0 0 0 0 68 0 0 0 0 0 0 2 0 1 0 0 0 0 0 0 0 0 0 0 0 0 0 21 9 21 1 0 0 0 0 0 
0 51 10 0 375 9 3940 3927 3 8628 0 0 0 0 19 10670 48 11221 0 0 0 0 4 222 3 6 0 126 0 61 74 2264 0 178 342 115 0 3 0 739 32 0 0 0 0 0 21 159 191 249 0 0 0 0 0 8 0 0 212 0 82 0 0 0 10 0 0 0 0 0 0 0 0 0 381 8918 26 554 284 0 109 0 600 
0 0 0 0 0 0 1012 191 0 3644 0 0 0 0 0 3880 0 1246 0 0 0 0 0 0 0 0 0 0 0 0 0 0 0 0 19 2 3 0 0 2 0 0 0 0 0 0 3 4 7 14 0 0 0 0 0 0 0 0 0 0 0 0 0 0 0 0 0 0 0 0 0 0 0 0 67 30 0 5 2 0 1 0 327 
139 0 2 140 0 0 0 0 0 0 0 19 0 0 0 0 0 0 0 0 0 0 0 0 0 0 0 0 0 0 0 0 0 0 6 11 0 0 0 0 0 0 0 4 0 0 0 2 0 0 0 0 0 0 0 0 0 0 0 0 0 0 0 0 0 0 0 0 0 0 0 0 0 0 0 0 0 0 0 0 0 0 0 
0 0 0 0 0 0 19 10 0 620 0 0 0 0 941 1778 0 2667 0 0 0 0 115 137 175 425 0 541 253 1 0 1941 0 77 0 0 739 2 0 0 0 0 0 0 0 0 0 1 4 0 0 0 0 0 0 229 0 0 0 0 0 0 0 0 177 0 0 0 0 0 0 0 14 0 26 390 1 48 20 0 812 0 1 
0 0 0 0 0 0 0 0 0 43 0 0 0 0 0 170 0 196 0 0 0 0 0 0 0 0 0 0 0 0 0 0 0 0 0 0 32 0 0 0 0 0 0 0 0 0 0 0 0 0 0 0 0 0 0 0 0 0 0 0 0 0 0 0 0 0 0 0 0 0 0 0 0 0 0 11 0 0 1 0 0 0 0 
0 0 0 0 0 0 29 5 0 0 0 0 0 0 0 0 0 0 0 0 0 0 0 0 0 0 0 0 0 0 0 0 0 0 0 0 0 0 0 0 0 0 1187 397 1356 1428 0 7167 433 0 0 0 303 0 0 0 0 0 0 0 0 0 0 0 0 0 0 0 0 0 0 0 6 0 1915 0 10 0 0 1 0 0 0 
0 0 0 0 0 0 0 0 0 0 0 0 0 0 0 0 0 0 0 0 0 0 0 0 0 0 0 0 0 0 0 0 0 0 0 0 0 0 0 0 0 1187 0 0 0 0 0 0 0 0 0 0 0 0 0 0 0 0 0 0 0 0 0 0 0 0 0 0 0 0 0 0 23 0 2383 0 0 0 0 0 0 0 0 
241 0 50 10 0 0 101 0 0 0 0 3 0 0 0 0 0 0 0 0 0 0 0 0 0 0 0 0 0 0 0 0 0 12 0 0 0 0 4 0 0 397 0 0 69 0 0 0 71 0 0 0 306 0 0 0 0 0 0 0 0 0 0 0 0 0 0 0 0 0 0 0 0 0 130 0 7 17 0 82 0 0 0 
202 0 89 180 0 0 28 0 0 0 0 20 0 0 0 0 0 0 0 0 0 0 0 0 0 0 0 0 0 0 0 0 0 0 0 0 0 0 0 0 0 1356 0 69 0 0 0 71 94 0 0 0 366 4 0 0 0 0 0 0 0 0 0 0 0 0 0 0 0 0 0 0 0 0 1 1 7 0 0 26 0 0 0 
0 0 0 0 3 0 0 0 1 0 0 0 0 0 0 0 0 0 0 0 0 0 0 0 0 0 0 0 0 0 0 0 0 0 0 0 0 0 0 0 0 1428 0 0 0 0 42 905 99 353 0 0 0 0 0 0 0 0 0 0 0 0 0 0 0 0 0 0 0 0 0 0 101 0 7538 0 0 0 0 0 0 0 0 
0 0 0 0 14 0 4 13 9 0 0 0 0 0 0 0 0 0 0 0 0 0 0 2 0 0 0 0 0 0 0 2 0 13 7 0 21 3 0 0 0 0 0 0 0 42 0 0 4081 11231 9057 0 0 0 0 0 170 0 1424 0 0 0 0 0 0 0 0 0 0 0 0 0 15 0 628 0 0 598 0 0 0 0 2 
474 0 1182 99 130 0 14195 3455 182 0 0 119 520 0 0 0 0 0 0 0 0 0 0 7 5 0 0 0 0 0 0 35 0 216 15 0 159 4 2 1 0 7167 0 0 71 905 0 0 7986 9770 0 0 165 0 0 0 0 0 0 0 0 0 0 0 0 0 0 0 1 0 0 0 1733 0 10820 0 4953 2388 11 79 0 0 5 
793 0 1814 248 493 0 3438 20539 172 5111 0 668 525 80 0 0 0 0 0 0 0 0 0 0 1 0 0 0 0 0 0 2 0 456 0 0 191 7 0 4 0 433 0 71 94 99 4081 7986 0 3940 1402 438 828 3979 728 0 26 0 107 0 0 0 0 0 0 0 0 0 0 0 0 0 2 0 5216 3235 1723 3347 103 36 0 0 367 
0 0 0 0 0 2 0 2394 0 0 0 0 0 0 0 0 0 0 0 0 0 0 0 0 0 0 0 0 0 0 0 0 0 468 58 0 249 14 0 0 0 0 0 0 0 353 11231 9770 3940 0 2883 0 0 0 0 0 0 0 4 0 0 0 0 0 0 0 0 0 0 0 0 0 0 0 2605 51 400 1402 36 0 0 0 0 
0 0 0 0 0 0 0 0 0 7325 763 0 0 0 0 192 0 0 0 23 0 0 0 0 0 0 0 0 0 0 0 0 0 0 0 0 0 0 0 0 0 0 0 0 0 0 9057 0 1402 2883 0 1211 0 0 2146 0 4613 8394 2847 0 0 0 0 0 0 0 0 0 0 0 528 0 4216 981 6555 16984 4120 8885 295 0 0 0 1564 
0 0 0 0 0 0 0 0 0 1309 370 0 0 2 0 333 0 1129 0 440 0 0 0 0 0 0 0 0 0 0 0 0 0 0 13 68 0 0 0 0 0 0 0 0 0 0 0 0 438 0 1211 0 0 0 3689 0 3 0 4 0 36 0 0 0 0 0 0 0 0 0 0 0 0 0 0 4746 1071 0 0 0 0 0 0 
0 0 0 0 0 0 8 0 0 0 0 0 0 0 0 0 0 0 0 0 0 0 0 0 0 0 0 0 0 0 0 0 0 0 0 0 0 0 0 0 0 303 0 306 366 0 0 165 828 0 0 0 0 1 0 0 0 0 0 0 0 0 0 0 0 0 0 0 0 0 0 0 0 0 0 0 0 1 0 0 0 0 0 
0 0 0 0 1 0 0 721 7 0 0 0 0 0 0 0 0 0 0 0 0 0 0 0 0 0 0 0 0 0 0 0 0 1 0 0 0 0 0 0 0 0 0 0 4 0 0 0 3979 0 0 0 1 0 4 0 0 0 0 0 0 0 0 0 0 0 0 0 0 0 0 0 0 0 0 0 0 0 0 0 0 0 0 
0 0 0 0 0 0 0 0 0 222 246 0 0 0 0 0 0 118 0 419 0 0 0 0 0 0 0 0 0 0 0 0 0 0 0 0 0 0 0 0 0 0 0 0 0 0 0 0 728 0 2146 3689 0 4 0 143 0 0 1068 0 7077 0 0 0 0 0 0 0 0 0 0 0 0 0 0 1 3 0 0 0 0 0 0 
0 0 0 0 0 0 0 1 0 0 0 0 0 3 0 0 0 130 0 563 32 10 0 98 0 0 0 0 0 0 0 5 0 29 0 0 8 0 0 229 0 0 0 0 0 0 0 0 0 0 0 0 0 0 143 0 0 0 1313 0 9239 233 91 0 2 0 133 0 0 0 0 0 0 46 90 1193 0 823 106 0 196 0 110 
0 0 0 0 0 0 0 0 0 0 0 0 0 0 0 0 0 0 0 0 0 0 0 0 0 0 0 0 0 0 0 0 0 0 0 0 0 0 0 0 0 0 0 0 0 0 170 0 26 0 4613 3 0 0 0 0 0 5748 56 0 0 0 0 0 0 0 0 0 0 0 19 0 23 8 870 1463 2 5450 695 0 0 0 1001 
0 0 0 0 0 0 0 0 0 0 0 0 0 0 0 0 0 0 0 0 0 0 0 0 0 0 0 0 0 0 0 0 0 0 0 0 0 0 0 0 0 0 0 0 0 0 0 0 0 0 8394 0 0 0 0 0 5748 0 3317 91 0 0 0 0 0 0 0 0 0 158 3520 1505 5489 997 199 0 0 0 0 0 0 0 0 
0 0 0 0 0 0 0 0 0 0 0 0 0 30 26 180 0 4996 0 10269 220 18 370 1 0 0 0 0 0 0 0 1 0 21 4 2 212 0 0 0 0 0 0 0 0 0 1424 0 107 4 2847 4 0 0 1068 1313 56 3317 0 8153 956 34 413 173 458 16 0 0 0 158 2012 1 3939 7141 2248 12431 306 12983 2479 0 2 0 3207 
0 0 0 0 0 0 0 0 0 0 0 0 0 0 0 0 0 0 0 0 0 0 0 0 0 0 0 0 0 0 0 0 0 0 0 0 0 0 0 0 0 0 0 0 0 0 0 0 0 0 0 0 0 0 0 0 0 91 8153 0 0 0 0 881 0 3530 0 0 0 15941 8440 6519 2184 667 4 0 0 1 0 0 0 0 0 
0 0 0 0 0 0 0 0 0 0 0 0 0 1 21 125 0 894 0 2353 284 216 0 123 0 0 0 0 0 0 0 0 0 96 1 1 82 0 0 0 0 0 0 0 0 0 0 0 0 0 0 36 0 0 7077 9239 0 0 956 0 0 18 6 0 7 0 0 0 0 0 0 0 0 76 119 354 24 3063 94 0 221 0 343 
0 0 0 0 0 0 0 0 0 0 0 0 0 0 2 0 0 282 0 679 111 53 114 0 0 0 0 0 0 0 0 0 0 0 0 0 0 0 0 0 0 0 0 0 0 0 0 0 0 0 0 0 0 0 0 233 0 0 34 0 18 0 192 297 3 0 0 0 0 0 0 0 0 2 0 0 0 352 0 0 0 0 0 
0 0 0 0 0 0 0 0 0 0 0 0 0 0 0 0 0 2583 0 2504 271 147 1531 47 0 0 0 0 0 0 0 17 0 1 0 0 0 0 0 0 0 0 0 0 0 0 0 0 0 0 0 0 0 0 0 91 0 0 413 0 6 192 0 115 580 0 0 0 0 0 0 0 1 0 0 0 0 117 0 0 0 0 0 
0 0 0 0 0 0 0 0 0 0 0 0 0 0 2 0 0 1424 0 1287 9 25 1278 0 0 0 0 0 0 0 0 4 0 0 0 0 0 0 0 0 0 0 0 0 0 0 0 0 0 0 0 0 0 0 0 0 0 0 173 881 0 297 115 0 188 4383 0 0 0 834 590 0 4033 2558 151 0 0 2404 0 0 0 0 0 
0 0 0 0 0 0 0 0 0 0 0 0 0 0 0 0 0 3694 0 1712 414 270 8218 749 0 0 0 0 0 0 0 719 0 40 0 0 10 0 0 177 0 0 0 0 0 0 0 0 0 0 0 0 0 0 0 2 0 0 458 0 7 3 580 188 0 321 18 0 0 130 1424 0 7325 99 988 0 0 2695 0 0 176 0 0 
0 0 0 0 0 0 0 0 0 0 0 0 0 0 0 0 0 0 0 0 0 0 0 0 0 0 0 0 0 0 0 0 0 0 0 0 0 0 0 0 0 0 0 0 0 0 0 0 0 0 0 0 0 0 0 0 0 0 16 3530 0 0 0 4383 321 0 6 1 1171 1397 4108 0 5218 0 64 0 0 2081 0 0 71 0 0 
0 0 0 0 0 0 0 0 0 0 0 0 0 0 0 0 0 0 0 6 0 0 0 1 0 0 0 0 0 0 0 1 0 1 0 0 0 0 0 0 0 0 0 0 0 0 0 0 0 0 0 0 0 0 0 133 0 0 0 0 0 0 0 0 18 6 0 5 46 0 0 0 0 0 0 0 0 0 0 0 810 0 0 
0 0 0 0 0 0 0 0 0 0 0 0 0 0 0 0 0 0 0 0 0 0 0 0 0 0 0 0 0 0 0 0 0 0 0 0 0 0 0 0 0 0 0 0 0 0 0 0 0 0 0 0 0 0 0 0 0 0 0 0 0 0 0 0 0 1 5 0 11 0 0 0 0 0 0 0 0 68 0 0 126 0 0 
0 0 0 0 0 0 0 0 0 0 0 0 0 0 0 0 0 0 0 0 0 0 0 0 0 0 0 0 0 0 0 0 0 0 0 0 0 0 0 0 0 0 0 0 0 0 0 1 0 0 0 0 0 0 0 0 0 0 0 0 0 0 0 0 0 1171 46 11 0 24 0 0 0 0 0 0 0 341 0 0 790 0 0 
0 0 0 0 0 0 0 0 0 0 0 0 0 0 0 0 0 0 0 0 0 0 0 0 0 0 0 0 0 0 0 0 0 0 0 0 0 0 0 0 0 0 0 0 0 0 0 0 0 0 0 0 0 0 0 0 0 158 158 15941 0 0 0 834 130 1397 0 0 24 0 1605 0 2541 175 0 0 0 0 0 0 70 0 0 
0 0 0 0 0 0 0 0 0 0 0 0 0 0 0 0 0 0 0 0 0 0 0 0 0 0 0 0 0 0 0 0 0 0 0 0 0 0 0 0 0 0 0 0 0 0 0 0 0 0 528 0 0 0 0 0 19 3520 2012 8440 0 0 0 590 1424 4108 0 0 0 1605 0 17 524 385 1 0 0 0 0 0 0 0 0 
0 0 0 0 0 0 0 0 0 0 0 0 0 0 0 0 0 0 0 0 0 0 0 0 0 0 0 0 0 0 0 0 0 0 0 0 0 0 0 0 0 0 0 0 0 0 0 0 0 0 0 0 0 0 0 0 0 1505 1 6519 0 0 0 0 0 0 0 0 0 0 17 0 447 0 0 0 0 0 0 0 0 0 0 
0 0 0 0 0 0 5 3 0 0 0 0 0 0 0 0 0 0 0 9 0 1 107 0 0 0 0 0 0 0 0 296 0 63 0 0 0 0 0 14 0 6 23 0 0 101 15 1733 2 0 4216 0 0 0 0 0 23 5489 3939 2184 0 0 1 4033 7325 5218 0 0 0 2541 524 447 0 124 9 0 0 726 0 0 605 0 0 
0 0 0 0 0 0 0 0 0 0 0 0 0 0 0 0 0 4 0 0 0 0 0 0 0 0 0 0 0 0 0 0 0 0 0 0 0 0 0 0 0 0 0 0 0 0 0 0 0 0 981 0 0 0 0 46 8 997 7141 667 76 2 0 2558 99 0 0 0 0 175 385 0 124 0 201 0 0 120 0 0 0 0 0 
0 0 0 0 186 6 742 954 25 0 0 0 0 0 0 0 0 45 1 34 1 1 169 4 0 0 0 0 0 0 0 114 12 495 203 21 381 67 0 26 0 1915 2383 130 1 7538 628 10820 5216 2605 6555 0 0 0 0 90 870 199 2248 4 119 0 0 151 988 64 0 0 0 0 1 0 9 201 0 0 396 382 1 6 138 0 67 
0 0 0 0 0 0 0 74 0 0 2 0 0 0 88 0 0 5423 108 2457 0 0 26 0 0 0 0 0 0 0 463 2981 3504 2408 4866 9 8918 30 0 390 11 0 0 0 1 0 0 0 3235 51 16984 4746 0 0 1 1193 1463 0 12431 0 354 0 0 0 0 0 0 0 0 0 0 0 0 0 0 0 854 620 49 5 62 0 4754 
0 0 0 0 7 4 0 35 0 0 15 0 0 0 0 17 0 83 0 25 0 0 0 0 0 0 0 0 0 0 0 0 0 6 43 21 26 0 0 1 0 10 0 7 7 0 0 4953 1723 400 4120 1071 0 0 3 0 2 0 306 0 24 0 0 0 0 0 0 0 0 0 0 0 0 0 396 854 0 4 16 20 0 0 11 
0 0 0 0 28 2 2 233 0 0 0 0 0 0 9 0 0 1429 481 1996 2 27 3695 0 0 0 0 0 1 0 0 5571 2206 441 0 1 554 5 0 48 0 0 0 17 0 0 598 2388 3347 1402 8885 0 1 0 0 823 5450 0 12983 1 3063 352 117 2404 2695 2081 0 68 341 0 0 0 726 120 382 620 4 0 2 0 1196 0 346 
0 0 0 0 0 0 0 0 0 0 0 0 0 0 3 0 0 127 99 84 0 0 31 0 0 0 0 0 0 0 0 250 213 134 0 0 284 2 0 20 1 0 0 0 0 0 0 11 103 36 295 0 0 0 0 106 695 0 2479 0 94 0 0 0 0 0 0 0 0 0 0 0 0 0 1 49 16 2 0 0 102 0 847 
0 0 0 0 0 0 0 0 0 0 0 0 0 0 0 0 0 0 0 0 0 0 0 0 0 0 0 0 0 0 0 0 0 0 0 0 0 0 0 0 0 1 0 82 26 0 0 79 36 0 0 0 0 0 0 0 0 0 0 0 0 0 0 0 0 0 0 0 0 0 0 0 0 0 6 5 20 0 0 0 0 0 0 
0 0 0 0 0 0 2 1 0 0 0 0 0 0 2 0 0 44 16 123 41 9 6 115 0 0 0 0 0 0 1 47 123 71 0 0 109 1 0 812 0 0 0 0 0 0 0 0 0 0 0 0 0 0 0 196 0 0 2 0 221 0 0 0 176 71 810 126 790 70 0 0 605 0 138 62 0 1196 102 0 0 42 16 
0 0 0 0 0 0 0 0 0 0 0 0 0 0 0 0 0 0 0 0 0 0 0 0 0 0 0 0 0 0 0 0 0 0 0 0 0 0 0 0 0 0 0 0 0 0 0 0 0 0 0 0 0 0 0 0 0 0 0 0 0 0 0 0 0 0 0 0 0 0 0 0 0 0 0 0 0 0 0 0 42 0 0 
0 0 0 0 0 0 1 1011 0 4550 0 0 0 0 2 2592 0 3941 30 75 0 0 8 0 0 0 0 0 0 0 1 31 21 9 872 0 600 327 0 1 0 0 0 0 0 0 2 5 367 0 1564 0 0 0 0 110 1001 0 3207 0 343 0 0 0 0 0 0 0 0 0 0 0 0 0 67 4754 11 346 847 0 16 0 0 
