0 809 499 53 19 0 4670 5 0 0 0 58 0 0 0 0 0 0 0 0 0 0 0 0 0 261 0 412 0 0 0 1987 0 774 0 0 0 3 4 0 65 11 0 189 4 0 0 215 0 0 0 0 60 0 0 0 0 0 0 0 0 0 0 0 0 0 0 0 0 0 0 0 0 0 0 0 0 0 0 0 0 0 0 
809 0 0 0 1212 0 370 29 0 0 0 0 30 0 0 0 0 0 0 0 0 0 5 0 9 1 0 984 0 43 0 7731 0 1129 29 115 1327 45 0 0 0 0 0 0 0 0 0 0 0 0 0 0 0 0 0 0 0 0 0 0 0 0 0 0 0 0 0 0 0 0 0 0 0 0 0 0 0 0 0 0 0 0 0 
499 0 0 113 0 0 0 0 0 0 0 281 0 0 0 0 0 0 0 0 0 0 0 0 0 0 0 0 0 0 0 0 0 0 0 0 0 0 0 0 0 4 0 429 41 0 0 848 0 0 0 0 37 0 0 0 0 0 0 0 0 0 0 0 0 0 0 0 0 0 0 0 0 0 0 0 0 0 0 0 0 0 0 
53 0 113 0 0 0 2 590 0 0 0 278 0 0 0 0 0 0 0 0 0 0 0 0 0 0 0 0 0 0 0 28 0 63 10 0 0 0 0 0 2 0 0 3 0 0 0 15 2 0 0 0 5 0 0 0 0 0 0 0 0 0 0 0 0 0 0 0 0 0 0 0 0 0 0 0 0 0 0 0 0 0 0 
19 1212 0 0 0 126 362 457 560 24 0 0 15 0 0 0 168 0 0 0 0 0 1 0 4 0 0 31 0 30 3 2836 0 4302 14 381 1532 66 0 1 0 0 0 0 0 1 0 403 63 2 0 0 0 0 0 0 0 0 0 0 0 0 0 0 0 0 0 0 0 0 0 0 2 0 2 0 246 151 0 0 0 0 0 
0 0 0 0 126 0 218 267 4986 2409 0 0 5 0 0 4 1381 0 0 0 0 0 0 0 0 0 0 0 0 0 29 1025 0 443 0 0 0 0 0 0 0 0 0 0 0 0 0 0 0 0 0 0 0 0 0 0 0 0 0 0 0 0 0 0 0 0 0 0 0 0 0 0 0 0 0 0 0 0 0 0 0 0 0 
4670 370 0 2 362 218 0 19710 10334 968 0 3766 6574 0 0 0 0 0 0 0 0 2 32 3 7 1 0 3854 0 118 0 4914 0 285 1790 10370 5330 294 470 3 38 65 0 674 33 293 0 15857 4222 29 0 0 64 50 0 0 0 0 0 0 0 0 0 0 0 0 0 0 0 0 0 0 9 0 17 0 1141 521 0 92 0 0 0 
5 29 0 590 457 267 19710 0 1044 1281 192 3988 9631 5288 0 262 61 0 0 85 0 26 134 131 44 2 0 0 0 33 61 1250 0 2824 9802 5640 19151 572 0 5 0 0 0 0 0 0 5 8 4385 5 72 1349 6 245 3 0 3 0 0 0 4 0 0 0 0 0 0 0 0 0 1 0 59 0 876 645 2513 2512 9 0 0 0 844 
0 0 0 0 560 4986 10334 1044 0 16210 0 0 3 0 0 180 130 0 0 0 0 0 0 0 0 0 0 0 0 85 58 420 0 2840 4 0 2348 0 0 0 0 0 0 0 0 0 0 0 0 0 0 0 0 0 0 0 0 0 0 0 0 0 0 0 0 0 0 0 0 0 0 0 0 0 0 0 0 0 0 0 0 0 0 
0 0 0 0 24 2409 968 1281 16210 0 326 0 0 1140 0 6291 2937 6 5 19 2 4 0 0 0 0 0 0 0 6313 2095 5069 51 3704 21531 768 16128 3101 0 0 0 0 0 0 0 0 0 0 0 0 842 1995 0 0 0 0 0 0 0 0 0 0 0 0 0 0 0 0 0 0 0 0 13 2 12 1210 183 74 6 0 0 0 12092 
0 0 0 0 0 0 0 192 0 326 0 0 0 1897 21 136 0 0 0 540 0 0 0 0 0 0 0 0 0 0 0 0 0 0 853 5 0 0 0 3 0 0 0 0 0 0 0 0 0 0 571 189 0 0 0 0 0 0 0 0 5 0 0 0 0 0 0 0 0 0 0 0 0 0 0 117 11 0 0 0 0 0 6 
58 0 281 278 0 0 3766 3988 0 0 0 0 344 0 0 0 0 0 0 0 0 0 0 0 0 0 0 1 0 0 0 2 0 2 0 0 0 0 0 0 6 0 0 0 2 0 0 34 236 0 0 0 0 0 0 0 0 0 0 0 0 0 0 0 0 0 0 0 0 0 0 0 0 0 0 0 0 0 0 0 0 0 0 
0 30 0 0 15 5 6574 9631 3 0 0 344 0 1 0 0 0 0 0 0 0 0 116 9 13 1 0 0 0 0 0 363 0 97 541 142 814 0 0 9 0 0 0 0 0 0 0 3 47 0 0 0 2 5 0 0 0 0 0 0 0 0 0 0 0 0 0 0 0 0 0 0 0 0 0 54 3 4 0 0 0 0 3 
0 0 0 0 0 0 0 5288 0 1140 1897 0 1 0 472 316 6 6 0 10694 6 5 0 0 0 0 0 0 2 483 13 859 56 12 1548 15 39 12 0 99 0 0 0 0 0 0 0 0 44 0 21 5 0 0 3 238 0 0 1 0 604 1 0 0 0 0 0 0 0 0 0 0 20 5 1 50 7 19 6 0 3 0 331 
0 0 0 0 0 0 0 0 0 0 21 0 0 472 0 0 0 3 0 1469 0 1 0 102 3 0 0 0 0 83 0 31 0 0 0 0 0 0 0 191 0 0 0 0 0 0 0 0 0 0 0 1 0 0 113 150 0 0 7 0 105 6 0 0 0 0 0 0 0 2 6 1 42 0 1 0 0 3 0 0 1 0 0 
0 0 0 0 0 4 0 262 180 6291 136 0 0 316 0 0 6973 7232 736 61 5 11 0 0 0 0 0 0 0 4290 2113 1393 24 1559 1915 0 7112 621 0 0 0 0 0 0 0 0 0 0 0 0 115 9 0 0 0 0 0 0 0 0 0 0 0 0 0 0 0 0 0 0 0 0 1 1 1 7 0 12 5 0 0 0 2003 
0 0 0 0 168 1381 0 61 130 2937 0 0 0 6 0 6973 0 2675 2984 270 0 0 0 0 0 0 0 0 0 747 6343 4238 0 456 0 0 0 0 0 0 0 0 0 0 0 0 0 0 0 0 0 0 0 0 0 0 0 0 0 0 2 0 0 0 0 0 0 0 0 0 0 0 1 0 2 1 0 15 8 0 0 0 4 
0 0 0 0 0 0 0 0 0 6 0 0 0 6 3 7232 2675 0 21263 2512 1040 55 1051 139 4 0 0 0 7871 14198 853 4841 738 1209 697 0 2041 128 0 1 0 0 0 0 0 0 0 0 0 1 106 7 0 0 21 0 23 65 1358 0 7 111 50 767 232 0 0 0 0 0 1 7 1038 2 65 135 0 2173 162 0 0 0 972 
0 0 0 0 0 0 0 0 0 5 0 0 0 0 0 736 2984 21263 0 1 1 1 408 1 0 0 0 0 544 3134 3142 106 0 0 0 0 0 0 0 0 0 0 0 0 0 0 0 0 0 0 0 0 0 0 0 0 0 0 0 0 0 0 0 0 0 0 0 0 0 0 0 0 0 0 0 0 0 0 0 0 0 0 0 
0 0 0 0 0 0 0 85 0 19 540 0 0 10694 1469 61 270 2512 1 0 1206 16 4 214 0 0 0 0 1991 2272 51 1418 230 621 2222 0 1268 71 0 1024 0 0 0 0 0 0 10 0 1 12 674 27 0 0 665 391 278 1145 905 0 1285 459 67 1825 53 0 0 0 0 54 228 684 6119 56 67 140 0 741 128 0 16 0 1529 
0 0 0 0 0 0 0 0 0 2 0 0 0 6 0 5 0 1040 1 1206 0 1701 206 1277 0 0 0 0 1536 2359 0 208 0 10 0 0 0 0 0 6 0 0 0 0 0 0 0 0 0 0 26 0 0 0 1 5 0 0 1051 0 54 1747 1146 2728 1046 0 0 0 0 0 0 0 234 3 35 53 0 597 32 0 35 0 7 
0 0 0 0 0 0 2 26 0 4 0 0 0 5 1 11 0 55 1 16 1701 0 13 718 37 0 0 0 693 2814 0 1295 0 112 0 0 4 0 0 7 0 0 0 0 0 0 0 0 0 0 1 0 0 0 0 0 0 0 0 0 0 5 1 0 169 3 0 0 0 0 0 0 156 12 20 34 0 108 23 0 0 0 17 
0 5 0 0 1 0 32 134 0 0 0 0 116 0 0 0 0 1051 408 4 206 13 0 2036 501 275 0 0 1096 2407 0 6191 0 4 0 0 3 0 0 51 0 0 0 0 0 0 0 0 0 0 0 0 0 0 0 0 0 0 0 0 0 0 0 0 0 0 0 0 0 0 0 0 3 0 0 0 0 1 1 0 0 0 0 
0 0 0 0 0 0 3 131 0 0 0 0 9 0 102 0 0 139 1 214 1277 718 2036 0 661 295 0 0 3716 3683 0 4893 0 335 0 0 0 0 0 352 0 0 0 0 0 0 0 0 0 0 0 0 0 0 0 7 0 0 0 0 0 0 0 0 195 0 0 0 0 0 0 0 0 0 0 0 0 3 0 0 0 0 0 
0 9 0 0 4 0 7 44 0 0 0 0 13 0 3 0 0 4 0 0 0 37 501 661 0 566 9 2 2161 279 0 4211 0 5 0 0 8 0 0 169 0 0 0 0 0 0 0 0 0 0 0 0 0 0 0 0 0 0 0 0 0 0 0 0 0 0 0 0 0 0 0 0 0 0 0 0 0 0 0 0 0 0 0 
261 1 0 0 0 0 1 2 0 0 0 0 1 0 0 0 0 0 0 0 0 0 275 295 566 0 24 11 131 6 0 75 0 267 0 0 76 0 0 95 23 0 0 0 0 0 0 0 0 0 0 0 0 0 0 0 0 0 0 0 0 0 0 0 0 0 0 0 0 0 0 0 0 0 0 0 0 0 0 0 0 0 0 
0 0 0 0 0 0 0 0 0 0 0 0 0 0 0 0 0 0 0 0 0 0 0 0 9 24 0 1 172 0 0 0 0 0 0 0 36 0 0 9 10 0 0 0 0 0 0 0 0 0 0 0 0 0 0 0 0 0 0 0 0 0 0 0 0 0 0 0 0 0 0 0 0 0 0 0 0 0 0 0 0 0 0 
412 984 0 0 31 0 3854 0 0 0 0 1 0 0 0 0 0 0 0 0 0 0 0 0 2 11 1 0 14 11 0 152 0 30 2 1 1746 688 3 34 980 0 0 0 0 0 0 0 0 0 0 0 0 0 0 0 0 0 0 0 0 0 0 0 0 0 0 0 0 0 0 0 0 0 0 0 0 0 0 0 0 0 0 
0 0 0 0 0 0 0 0 0 0 0 0 0 2 0 0 0 7871 544 1991 1536 693 1096 3716 2161 131 172 14 0 1105 0 244 0 0 0 0 479 0 0 53 40 0 0 0 0 0 0 0 0 0 12 0 0 0 0 4 2 9 3 0 0 0 0 0 0 0 0 0 0 0 3 124 889 10 29 58 0 222 62 0 0 0 36 
0 43 0 0 30 0 118 33 85 6313 0 0 0 483 83 4290 747 14198 3134 2272 2359 2814 2407 3683 279 6 0 11 1105 0 442 1674 0 17 0 0 791 0 0 41 5 0 0 0 0 0 0 0 0 2 20 0 0 0 0 26 3 11 5 0 2 0 0 0 0 0 0 0 0 0 20 335 5884 420 583 483 0 2540 407 0 0 0 325 
0 0 0 0 3 29 0 61 58 2095 0 0 0 13 0 2113 6343 853 3142 51 0 0 0 0 0 0 0 0 0 442 0 1 0 94 0 0 4 0 0 0 0 0 0 0 0 0 0 0 0 0 0 0 0 0 0 0 0 0 0 0 1 0 0 0 0 0 0 0 0 0 0 0 4 2 3 10 0 29 2 0 0 0 3 
1987 7731 0 28 2836 1025 4914 1250 420 5069 0 2 363 859 31 1393 4238 4841 106 1418 208 1295 6191 4893 4211 75 0 152 244 1674 1 0 371 4001 0 0 1860 194 90 294 85 0 0 0 0 0 0 0 0 0 3 0 0 0 0 0 3 0 0 0 19 0 0 0 0 0 0 0 0 0 0 0 3592 427 625 680 0 3375 505 0 0 0 585 
0 0 0 0 0 0 0 0 0 51 0 0 0 56 0 24 0 738 0 230 0 0 0 0 0 0 0 0 0 0 0 371 0 149 0 0 0 0 0 0 0 0 0 0 0 0 0 0 0 0 0 0 0 0 0 0 1 0 0 0 8 0 0 0 0 0 0 0 0 0 0 0 22 2 3 14 0 61 14 0 0 0 17 
774 1129 0 63 4302 443 285 2824 2840 3704 0 2 97 12 0 1559 456 1209 0 621 10 112 4 335 5 267 0 30 0 17 94 4001 149 0 12 0 78 164 114 2 461 0 0 0 0 0 0 0 0 0 1 0 0 0 0 0 0 0 0 0 34 0 0 0 0 0 0 0 0 0 0 0 33 5 13 74 0 217 64 0 0 0 48 
0 29 0 10 14 0 1790 9802 4 21531 853 0 541 1548 0 1915 0 697 0 2222 0 0 0 0 0 0 0 2 0 0 0 0 0 12 0 296 61 196 18 3 2 0 0 0 0 0 0 0 12 0 913 430 0 0 0 0 0 0 0 0 16 0 0 0 0 0 0 0 0 0 0 0 46 4 184 7582 258 1001 263 0 0 0 965 
0 115 0 0 381 0 10370 5640 0 768 5 0 142 15 0 0 0 0 0 0 0 0 0 0 0 0 0 1 0 0 0 0 0 0 296 0 0 0 0 0 0 0 0 0 0 0 0 0 11 0 371 770 0 0 0 0 0 0 0 0 0 0 0 0 0 0 0 0 0 0 0 0 7 0 24 638 498 29 0 0 0 0 11 
0 1327 0 0 1532 0 5330 19151 2348 16128 0 0 814 39 0 7112 0 2041 0 1268 0 4 3 0 8 76 36 1746 479 791 4 1860 0 78 61 0 0 8 7 1 1 0 0 0 0 0 0 0 0 0 0 0 0 0 0 0 0 0 0 0 97 0 0 0 0 0 0 0 0 0 0 0 307 35 348 1272 2 1962 659 0 0 0 1656 
3 45 0 0 66 0 294 572 0 3101 0 0 0 12 0 621 0 128 0 71 0 0 0 0 0 0 0 688 0 0 0 194 0 164 196 0 8 0 0 13 47 0 0 0 0 0 0 0 0 0 0 0 0 0 0 0 0 0 0 0 2 0 0 0 0 0 0 0 0 0 0 0 0 0 0 5 0 0 4 0 0 0 1976 
4 0 0 0 0 0 470 0 0 0 0 0 0 0 0 0 0 0 0 0 0 0 0 0 0 0 0 3 0 0 0 90 0 114 18 0 7 0 0 0 19 0 0 0 0 0 0 0 0 0 0 0 0 0 0 0 0 0 0 0 0 0 0 0 0 0 0 0 0 0 0 0 0 0 0 13 6 0 11 0 0 0 0 
0 0 0 0 1 0 3 5 0 0 3 0 9 99 191 0 0 1 0 1024 6 7 51 352 169 95 9 34 53 41 0 294 0 2 3 0 1 13 0 0 0 0 0 0 0 0 0 0 0 0 0 0 0 0 14 7 0 0 0 0 0 0 0 0 0 0 0 0 0 0 0 0 0 0 0 0 0 0 1 0 154 0 0 
65 0 0 2 0 0 38 0 0 0 0 6 0 0 0 0 0 0 0 0 0 0 0 0 0 23 10 980 40 5 0 85 0 461 2 0 1 47 19 0 0 0 0 0 0 0 0 0 0 0 0 0 0 0 0 0 0 0 0 0 0 0 0 0 0 0 0 0 0 0 0 0 0 0 0 1 0 0 0 0 0 0 0 
11 0 4 0 0 0 65 0 0 0 0 0 0 0 0 0 0 0 0 0 0 0 0 0 0 0 0 0 0 0 0 0 0 0 0 0 0 0 0 0 0 0 73 280 50 938 0 2124 0 0 0 0 337 0 0 0 0 0 0 0 0 0 0 0 0 0 0 0 53 0 0 0 981 0 1987 0 0 5 0 1 0 0 0 
0 0 0 0 0 0 0 0 0 0 0 0 0 0 0 0 0 0 0 0 0 0 0 0 0 0 0 0 0 0 0 0 0 0 0 0 0 0 0 0 0 73 0 0 0 64 1 0 0 0 0 0 0 0 0 0 0 0 0 0 0 0 0 0 0 0 0 0 0 0 0 0 3424 0 4966 0 0 0 0 0 0 0 0 
189 0 429 3 0 0 674 0 0 0 0 0 0 0 0 0 0 0 0 0 0 0 0 0 0 0 0 0 0 0 0 0 0 0 0 0 0 0 0 0 0 280 0 0 0 0 0 0 0 0 0 0 161 0 0 0 0 0 0 0 0 0 0 0 0 0 0 0 0 0 0 0 2 0 1 0 0 0 0 0 0 0 0 
4 0 41 0 0 0 33 0 0 0 0 2 0 0 0 0 0 0 0 0 0 0 0 0 0 0 0 0 0 0 0 0 0 0 0 0 0 0 0 0 0 50 0 0 0 0 0 2 6 0 0 0 624 0 0 0 0 0 0 0 0 0 0 0 0 0 0 0 0 0 0 0 0 0 27 0 0 8 6 3 0 0 0 
0 0 0 0 1 0 293 0 0 0 0 0 0 0 0 0 0 0 0 0 0 0 0 0 0 0 0 0 0 0 0 0 0 0 0 0 0 0 0 0 0 938 64 0 0 0 108 26 1357 2148 7 0 0 0 0 0 6 0 0 0 0 0 0 0 0 0 0 0 0 0 0 0 1309 0 10600 0 11 23 0 0 0 0 0 
0 0 0 0 0 0 0 5 0 0 0 0 0 0 0 0 0 0 0 10 0 0 0 0 0 0 0 0 0 0 0 0 0 0 0 0 0 0 0 0 0 0 1 0 0 108 0 317 8204 7605 4365 0 0 2 0 5 306 3 73 0 0 0 0 1 2 0 0 0 0 0 99 42 283 3 523 0 0 1 0 0 0 0 0 
215 0 848 15 403 0 15857 8 0 0 0 34 3 0 0 0 0 0 0 0 0 0 0 0 0 0 0 0 0 0 0 0 0 0 0 0 0 0 0 0 0 2124 0 0 2 26 317 0 15918 11530 0 0 192 15 0 0 0 0 0 0 0 0 0 0 0 0 0 0 164 0 0 0 15168 0 2075 0 4730 3504 0 98 0 0 0 
0 0 0 2 63 0 4222 4385 0 0 0 236 47 44 0 0 0 0 0 1 0 0 0 0 0 0 0 0 0 0 0 0 0 0 12 11 0 0 0 0 0 0 0 0 6 1357 8204 15918 0 4365 1674 1244 2175 391 123 0 29 0 8 0 10 0 0 0 0 0 0 0 0 0 7 1 362 0 7872 2079 1809 14397 0 0 0 0 1385 
0 0 0 0 2 0 29 5 0 0 0 0 0 0 0 0 0 1 0 12 0 0 0 0 0 0 0 0 0 2 0 0 0 0 0 0 0 0 0 0 0 0 0 0 0 2148 7605 11530 4365 0 19784 0 0 0 0 3 0 0 0 0 0 0 0 0 0 0 0 0 0 0 45 31 209 0 615 0 0 36 0 0 0 0 0 
0 0 0 0 0 0 0 72 0 842 571 0 0 21 0 115 0 106 0 674 26 1 0 0 0 0 0 0 12 20 0 3 0 1 913 371 0 0 0 0 0 0 0 0 0 7 4365 0 1674 19784 0 395 0 83 31 104 7980 36 592 13 109 0 0 17 0 0 0 0 0 0 2800 731 12809 151 7086 10702 600 31693 433 0 0 0 4120 
0 0 0 0 0 0 0 1349 0 1995 189 0 0 5 1 9 0 7 0 27 0 0 0 0 0 0 0 0 0 0 0 0 0 0 430 770 0 0 0 0 0 0 0 0 0 0 0 0 1244 0 395 0 0 313 392 0 791 0 80 0 1772 0 0 0 0 0 0 0 0 0 0 0 0 0 0 3775 156 1147 17 0 1 0 1315 
60 0 37 5 0 0 64 6 0 0 0 0 2 0 0 0 0 0 0 0 0 0 0 0 0 0 0 0 0 0 0 0 0 0 0 0 0 0 0 0 0 337 0 161 624 0 0 192 2175 0 0 0 0 0 0 0 0 0 0 0 0 0 0 0 0 0 0 0 0 0 0 0 0 0 0 0 0 0 0 0 0 0 0 
0 0 0 0 0 0 50 245 0 0 0 0 5 0 0 0 0 0 0 0 0 0 0 0 0 0 0 0 0 0 0 0 0 0 0 0 0 0 0 0 0 0 0 0 0 0 2 15 391 0 83 313 0 0 276 0 0 0 0 0 104 0 0 0 0 0 0 0 0 0 0 0 0 0 136 0 0 0 0 0 0 0 0 
0 0 0 0 0 0 0 3 0 0 0 0 0 3 113 0 0 21 0 665 1 0 0 0 0 0 0 0 0 0 0 0 0 0 0 0 0 0 0 14 0 0 0 0 0 0 0 0 123 0 31 392 0 276 0 532 31 0 35 0 3744 12 0 0 1 0 0 0 0 0 0 0 320 19 1 1 0 2 0 0 76 0 0 
0 0 0 0 0 0 0 0 0 0 0 0 0 238 150 0 0 0 0 391 5 0 0 7 0 0 0 0 4 26 0 0 0 0 0 0 0 0 0 7 0 0 0 0 0 0 5 0 0 3 104 0 0 0 532 0 29 140 180 1 782 61 9 0 33 0 0 0 0 6 46 81 1358 89 41 0 0 52 0 0 272 0 0 
0 0 0 0 0 0 0 3 0 0 0 0 0 0 0 0 0 23 0 278 0 0 0 0 0 0 0 0 2 3 0 3 1 0 0 0 0 0 0 0 0 0 0 0 0 6 306 0 29 0 7980 791 0 0 31 29 0 525 5975 63 89 0 0 0 0 0 0 0 0 60 2831 1893 4234 76 1033 1 0 12278 2 0 0 0 58 
0 0 0 0 0 0 0 0 0 0 0 0 0 0 0 0 0 65 0 1145 0 0 0 0 0 0 0 0 9 11 0 0 0 0 0 0 0 0 0 0 0 0 0 0 0 0 3 0 0 0 36 0 0 0 0 140 525 0 1326 2371 2 0 0 0 0 0 0 0 0 5 5267 4520 10143 92 133 0 0 1 0 0 0 0 0 
0 0 0 0 0 0 0 0 0 0 0 0 0 1 7 0 0 1358 0 905 1051 0 0 0 0 0 0 0 3 5 0 0 0 0 0 0 0 0 0 0 0 0 0 0 0 0 73 0 8 0 592 80 0 0 35 180 5975 1326 0 15498 1690 345 232 603 9 342 0 0 0 6206 3699 318 6041 262 3715 311 0 19541 113 0 1821 0 1115 
0 0 0 0 0 0 0 0 0 0 0 0 0 0 0 0 0 0 0 0 0 0 0 0 0 0 0 0 0 0 0 0 0 0 0 0 0 0 0 0 0 0 0 0 0 0 0 0 0 0 13 0 0 0 0 1 63 2371 15498 0 68 6 0 3659 2 799 0 0 0 6161 18208 2570 2799 0 64 0 0 377 1 0 50 0 0 
0 0 0 0 0 0 0 4 0 0 5 0 0 604 105 0 2 7 0 1285 54 0 0 0 0 0 0 0 0 2 1 19 8 34 16 0 97 2 0 0 0 0 0 0 0 0 0 0 10 0 109 1772 0 104 3744 782 89 2 1690 68 0 706 44 22 141 1 1 0 0 142 162 40 3783 199 411 1111 0 3918 212 0 550 0 802 
0 0 0 0 0 0 0 0 0 0 0 0 0 1 6 0 0 111 0 459 1747 5 0 0 0 0 0 0 0 0 0 0 0 0 0 0 0 0 0 0 0 0 0 0 0 0 0 0 0 0 0 0 0 0 12 61 0 0 345 6 706 0 125 0 32 0 0 0 0 11 3 0 2 0 0 0 0 0 0 0 430 0 0 
0 0 0 0 0 0 0 0 0 0 0 0 0 0 0 0 0 50 0 67 1146 1 0 0 0 0 0 0 0 0 0 0 0 0 0 0 0 0 0 0 0 0 0 0 0 0 0 0 0 0 0 0 0 0 0 9 0 0 232 0 44 125 0 0 819 1 0 0 0 1 0 0 0 0 0 0 0 7 0 0 50 0 0 
0 0 0 0 0 0 0 0 0 0 0 0 0 0 0 0 0 767 0 1825 2728 0 0 0 0 0 0 0 0 0 0 0 0 0 0 0 0 0 0 0 0 0 0 0 0 0 1 0 0 0 17 0 0 0 0 0 0 0 603 3659 22 0 0 0 130 567 0 0 0 2531 851 40 3085 3 91 4 0 468 0 0 42 0 0 
0 0 0 0 0 0 0 0 0 0 0 0 0 0 0 0 0 232 0 53 1046 169 0 195 0 0 0 0 0 0 0 0 0 0 0 0 0 0 0 0 0 0 0 0 0 0 2 0 0 0 0 0 0 0 1 33 0 0 9 2 141 32 819 130 0 317 48 0 0 326 178 0 1709 0 58 234 0 2082 0 0 185 0 0 
0 0 0 0 0 0 0 0 0 0 0 0 0 0 0 0 0 0 0 0 0 3 0 0 0 0 0 0 0 0 0 0 0 0 0 0 0 0 0 0 0 0 0 0 0 0 0 0 0 0 0 0 0 0 0 0 0 0 342 799 1 0 1 567 317 0 427 269 1284 4007 1294 0 2393 0 7 0 0 776 0 0 460 0 0 
0 0 0 0 0 0 0 0 0 0 0 0 0 0 0 0 0 0 0 0 0 0 0 0 0 0 0 0 0 0 0 0 0 0 0 0 0 0 0 0 0 0 0 0 0 0 0 0 0 0 0 0 0 0 0 0 0 0 0 0 1 0 0 0 48 427 0 88 84 0 0 0 0 0 0 0 0 0 0 0 94 149 0 
0 0 0 0 0 0 0 0 0 0 0 0 0 0 0 0 0 0 0 0 0 0 0 0 0 0 0 0 0 0 0 0 0 0 0 0 0 0 0 0 0 0 0 0 0 0 0 0 0 0 0 0 0 0 0 0 0 0 0 0 0 0 0 0 0 269 88 0 185 5 0 0 0 0 6 9 0 0 0 0 0 0 0 
0 0 0 0 0 0 0 0 0 0 0 0 0 0 0 0 0 0 0 0 0 0 0 0 0 0 0 0 0 0 0 0 0 0 0 0 0 0 0 0 0 53 0 0 0 0 0 164 0 0 0 0 0 0 0 0 0 0 0 0 0 0 0 0 0 1284 84 185 0 12 0 0 6 0 4 3 0 595 432 17 137 2662 0 
0 0 0 0 0 0 0 0 0 0 0 0 0 0 2 0 0 0 0 54 0 0 0 0 0 0 0 0 0 0 0 0 0 0 0 0 0 0 0 0 0 0 0 0 0 0 0 0 0 0 0 0 0 0 0 6 60 5 6206 6161 142 11 1 2531 326 4007 0 5 12 0 580 0 109 0 0 0 0 90 0 0 118 19 0 
0 0 0 0 0 0 0 1 0 0 0 0 0 0 6 0 0 1 0 228 0 0 0 0 0 0 0 0 3 20 0 0 0 0 0 0 0 0 0 0 0 0 0 0 0 0 99 0 7 45 2800 0 0 0 0 46 2831 5267 3699 18208 162 3 0 851 178 1294 0 0 0 580 0 34 2156 0 117 0 0 13 0 0 19 0 0 
0 0 0 0 0 0 0 0 0 0 0 0 0 0 1 0 0 7 0 684 0 0 0 0 0 0 0 0 124 335 0 0 0 0 0 0 0 0 0 0 0 0 0 0 0 0 42 0 1 31 731 0 0 0 0 81 1893 4520 318 2570 40 0 0 40 0 0 0 0 0 0 34 0 1832 0 35 0 0 1 0 0 1 0 0 
0 0 0 0 2 0 9 59 0 13 0 0 0 20 42 1 1 1038 0 6119 234 156 3 0 0 0 0 0 889 5884 4 3592 22 33 46 7 307 0 0 0 0 981 3424 2 0 1309 283 15168 362 209 12809 0 0 0 320 1358 4234 10143 6041 2799 3783 2 0 3085 1709 2393 0 0 6 109 2156 1832 0 243 2015 0 0 6120 461 62 275 239 60 
0 0 0 0 0 0 0 0 0 2 0 0 0 5 0 1 0 2 0 56 3 12 0 0 0 0 0 0 10 420 2 427 2 5 4 0 35 0 0 0 0 0 0 0 0 0 3 0 0 0 151 0 0 0 19 89 76 92 262 0 199 0 0 3 0 0 0 0 0 0 0 0 243 0 220 0 0 25 0 0 0 0 5 
0 0 0 0 2 0 17 876 0 12 0 0 0 1 1 1 2 65 0 67 35 20 0 0 0 0 0 0 29 583 3 625 3 13 184 24 348 0 0 0 0 1987 4966 1 27 10600 523 2075 7872 615 7086 0 0 136 1 41 1033 133 3715 64 411 0 0 91 58 7 0 6 4 0 117 35 2015 220 0 2 0 174 4 5 0 1 121 
0 0 0 0 0 0 0 645 0 1210 117 0 54 50 0 7 1 135 0 140 53 34 0 0 0 0 0 0 58 483 10 680 14 74 7582 638 1272 5 13 0 1 0 0 0 0 0 0 0 2079 0 10702 3775 0 0 1 0 1 0 311 0 1111 0 0 4 234 0 0 9 3 0 0 0 0 0 2 0 277 218 14 0 0 103 2526 
0 0 0 0 246 0 1141 2513 0 183 11 0 3 7 0 0 0 0 0 0 0 0 0 0 0 0 0 0 0 0 0 0 0 0 258 498 2 0 6 0 0 0 0 0 0 11 0 4730 1809 0 600 156 0 0 0 0 0 0 0 0 0 0 0 0 0 0 0 0 0 0 0 0 0 0 0 277 0 6 0 3 0 0 228 
0 0 0 0 151 0 521 2512 0 74 0 0 4 19 3 12 15 2173 0 741 597 108 1 3 0 0 0 0 222 2540 29 3375 61 217 1001 29 1962 0 0 0 0 5 0 0 8 23 1 3504 14397 36 31693 1147 0 0 2 52 12278 1 19541 377 3918 0 7 468 2082 776 0 0 595 90 13 1 6120 25 174 218 6 0 0 2 70 0 2471 
0 0 0 0 0 0 0 9 0 6 0 0 0 6 0 5 8 162 0 128 32 23 1 0 0 0 0 0 62 407 2 505 14 64 263 0 659 4 11 1 0 0 0 0 6 0 0 0 0 0 433 17 0 0 0 0 2 0 113 1 212 0 0 0 0 0 0 0 432 0 0 0 461 0 4 14 0 0 0 0 1 3 2411 
0 0 0 0 0 0 92 0 0 0 0 0 0 0 0 0 0 0 0 0 0 0 0 0 0 0 0 0 0 0 0 0 0 0 0 0 0 0 0 0 0 1 0 0 3 0 0 98 0 0 0 0 0 0 0 0 0 0 0 0 0 0 0 0 0 0 0 0 17 0 0 0 62 0 5 0 3 2 0 0 0 0 0 
0 0 0 0 0 0 0 0 0 0 0 0 0 3 1 0 0 0 0 16 35 0 0 0 0 0 0 0 0 0 0 0 0 0 0 0 0 0 0 154 0 0 0 0 0 0 0 0 0 0 0 1 0 0 76 272 0 0 1821 50 550 430 50 42 185 460 94 0 137 118 19 1 275 0 0 0 0 70 1 0 0 3 1 
0 0 0 0 0 0 0 0 0 0 0 0 0 0 0 0 0 0 0 0 0 0 0 0 0 0 0 0 0 0 0 0 0 0 0 0 0 0 0 0 0 0 0 0 0 0 0 0 0 0 0 0 0 0 0 0 0 0 0 0 0 0 0 0 0 0 149 0 2662 19 0 0 239 0 1 103 0 0 3 0 3 0 0 
0 0 0 0 0 0 0 844 0 12092 6 0 3 331 0 2003 4 972 0 1529 7 17 0 0 0 0 0 0 36 325 3 585 17 48 965 11 1656 1976 0 0 0 0 0 0 0 0 0 0 1385 0 4120 1315 0 0 0 0 58 0 1115 0 802 0 0 0 0 0 0 0 0 0 0 0 60 5 121 2526 228 2471 2411 0 1 0 0 
