0 2476 0 137 2 0 1539 0 0 0 0 337 0 0 0 0 0 0 0 0 0 0 0 0 0 0 2 1251 0 0 0 1844 0 1673 0 683 1089 0 976 0 0 2702 3 4 0 33 0 4720 0 0 0 0 21 0 0 0 0 0 0 0 0 0 0 0 0 0 0 0 0 0 0 0 0 0 0 0 0 0 0 0 0 0 0 
2476 0 0 0 3 0 0 0 0 0 0 0 0 0 0 0 0 0 0 0 0 0 4 0 0 0 0 0 0 0 0 131 0 1349 0 0 1 0 0 0 0 0 0 0 0 0 0 0 0 0 0 0 0 0 0 0 0 0 0 0 0 0 0 0 0 0 0 0 0 0 0 0 0 0 0 0 0 0 0 0 0 0 0 
0 0 0 14 0 0 0 0 0 0 0 27 0 0 0 0 0 0 0 0 0 0 0 0 0 0 0 61 0 7 0 512 0 22 4 2563 707 165 326 0 0 0 1 0 0 203 0 3088 17 0 0 0 0 0 0 0 0 0 0 0 0 0 0 0 0 0 0 0 0 0 0 0 0 0 0 0 0 0 0 0 0 0 0 
137 0 14 0 0 0 2 116 0 0 0 212 0 0 0 0 0 0 0 0 0 0 0 0 0 0 0 0 0 0 0 0 0 6 0 25 2 0 4 0 0 1 1 0 0 59 0 782 4 0 0 0 0 0 0 0 0 0 0 0 0 0 0 0 0 0 0 0 0 0 0 0 0 0 0 0 0 0 0 0 0 0 0 
2 3 0 0 0 1338 278 1287 1760 220 0 0 0 0 0 0 4 0 2 0 0 0 143 0 7 0 0 0 31 12 0 60 0 6306 12 1 568 181 0 0 0 0 0 0 0 0 0 0 1941 0 0 0 0 0 0 0 0 0 0 0 0 0 0 0 0 0 0 0 0 0 0 0 0 0 0 0 0 0 0 0 0 0 104 
0 0 0 0 1338 0 1061 130 798 3612 0 0 0 0 0 36 5095 0 395 0 0 0 0 0 0 0 0 0 2084 1499 0 0 0 195 0 0 0 0 0 0 0 0 0 0 0 0 0 0 35 0 0 0 0 0 0 0 0 0 0 0 0 0 0 0 0 0 0 0 0 0 0 0 0 0 0 0 0 0 0 0 0 0 0 
1539 0 0 2 278 1061 0 9229 592 0 0 10 48 0 0 0 0 0 0 0 0 0 2043 0 96 0 0 267 0 429 0 5097 0 5154 4625 4563 7923 1838 52 0 0 0 0 0 0 1344 0 5502 15590 0 0 0 0 22 1 0 0 0 0 0 0 0 0 0 0 0 0 0 0 0 0 0 0 0 0 0 0 0 0 0 0 0 1805 
0 0 0 116 1287 130 9229 0 5398 1801 26 2052 6863 2413 0 2 6 0 0 0 0 0 0 0 0 0 0 0 7 21 0 0 0 1063 5670 2757 1926 36 0 0 0 0 0 0 0 861 0 3601 59457 0 141 3967 1 125 870 33 2 0 0 0 69 0 0 0 0 0 0 0 0 0 0 0 0 0 0 0 0 0 0 0 0 0 2111 
0 0 0 0 1760 798 592 5398 0 3187 0 0 1 0 0 0 0 0 0 0 0 0 0 0 0 0 0 0 0 0 0 0 0 307 185 0 1541 1 0 0 0 0 0 0 0 0 0 0 835 0 0 0 0 0 0 0 0 0 0 0 0 0 0 0 0 0 0 0 0 0 0 0 0 0 0 0 0 0 0 0 0 0 154 
0 0 0 0 220 3612 0 1801 3187 0 4720 0 161 4178 0 1971 9911 0 618 0 0 0 0 0 0 0 0 0 1016 4 0 0 0 1616 35505 2301 8675 311 0 0 0 0 0 0 0 0 0 0 1449 0 2227 10164 0 0 905 0 2835 0 440 0 134 0 0 0 0 0 0 0 0 0 0 0 0 0 0 54 0 0 0 0 0 0 16401 
0 0 0 0 0 0 0 26 0 4720 0 79 95 419 0 2488 0 208 0 249 0 0 0 0 0 0 0 0 0 0 0 0 0 0 0 0 0 0 0 0 0 0 0 0 0 0 0 0 0 0 0 0 0 0 0 0 0 0 0 0 0 0 0 0 0 0 0 0 0 0 0 0 0 0 0 0 0 0 0 0 0 0 0 
337 0 27 212 0 0 10 2052 0 0 79 0 487 238 0 0 0 4 0 3 0 0 0 0 0 0 0 0 0 0 0 0 0 1 0 0 0 0 4 0 0 145 0 2 0 0 0 1787 587 0 0 0 0 1 0 0 0 0 0 0 0 0 0 0 0 0 0 0 0 0 0 0 0 0 0 0 0 0 0 0 0 0 0 
0 0 0 0 0 0 48 6863 1 161 95 487 0 208 0 20 0 265 0 273 0 0 0 0 0 0 0 0 0 0 0 0 0 0 0 0 0 0 0 0 0 0 0 0 0 0 0 1 668 0 0 0 0 0 1 0 0 0 0 0 2 0 0 0 0 0 0 0 0 0 0 0 0 0 0 0 0 0 0 0 0 0 0 
0 0 0 0 0 0 0 2413 0 4178 419 238 208 0 1160 2121 0 4778 0 5219 0 0 0 0 0 0 0 0 0 0 0 0 0 0 0 0 0 0 0 0 0 0 0 0 0 0 0 0 0 0 1 19 0 0 32 0 0 0 0 0 0 0 0 0 0 0 0 0 0 0 0 0 0 0 0 0 0 0 0 0 0 0 0 
0 0 0 0 0 0 0 0 0 0 0 0 0 1160 0 0 0 16924 0 5178 223 2 0 79 140 275 2 0 0 0 0 0 0 0 281 0 368 22 0 293 9 0 0 0 0 0 0 0 0 0 0 0 0 0 1 0 0 0 6 0 12 0 0 0 0 0 0 0 0 0 0 0 0 0 0 0 0 0 0 0 0 0 3 
0 0 0 0 0 36 0 2 0 1971 2488 0 20 2121 0 0 4780 412 2420 145 0 0 0 0 1 0 0 0 3708 1208 176 299 133 708 8516 630 7018 0 0 18 0 0 0 0 0 0 0 0 0 0 0 604 0 0 484 0 178 0 1782 0 1709 0 0 0 0 0 0 0 0 0 0 0 0 0 0 0 1 0 0 0 0 0 2922 
0 0 0 0 4 5095 0 6 0 9911 0 0 0 0 0 4780 0 693 2497 0 0 0 0 0 0 0 0 0 493 5448 772 86 72 1057 0 0 4142 0 0 0 0 0 0 0 0 0 0 0 9 0 0 0 0 0 0 0 0 0 0 0 0 0 0 0 0 0 0 0 0 0 0 0 0 0 0 0 0 0 0 0 0 0 2 
0 0 0 0 0 0 0 0 0 0 208 4 265 4778 16924 412 693 0 10400 3065 254 918 8322 2279 1920 698 2 0 2925 829 767 8559 722 1343 11257 748 6251 343 0 898 37 0 0 0 0 0 0 0 0 0 0 4 0 2 639 2449 0 0 148 29 22719 101 0 0 0 0 0 0 0 11 71 0 0 0 0 460 0 1 0 0 1 0 6027 
0 0 0 0 2 395 0 0 0 618 0 0 0 0 0 2420 2497 10400 0 0 0 0 3133 0 645 0 0 0 3668 3287 1177 300 0 50 0 0 594 5 0 3 0 0 0 0 0 0 0 0 0 0 0 0 0 0 0 0 0 0 0 0 0 0 0 0 0 0 0 0 0 0 0 0 0 0 0 0 0 0 0 0 0 0 4 
0 0 0 0 0 0 0 0 0 0 249 3 273 5219 5178 145 0 3065 0 0 483 40 0 0 0 103 0 0 0 0 0 0 0 0 0 0 0 0 0 0 0 0 0 0 0 0 0 0 0 0 0 0 0 7 11 22 0 0 0 0 2 0 0 0 1 0 0 0 0 0 1 0 1 0 0 0 0 0 0 0 2 0 0 
0 0 0 0 0 0 0 0 0 0 0 0 0 0 223 0 0 254 0 483 0 268 4 827 0 115 0 0 0 0 0 0 0 0 0 0 15 0 0 3 0 0 0 0 0 0 0 0 0 0 0 0 0 0 0 50 0 0 573 4 2111 1 0 0 301 0 0 0 0 2 19 0 3 0 0 0 0 0 0 0 0 0 0 
0 0 0 0 0 0 0 0 0 0 0 0 0 0 2 0 0 918 0 40 268 0 8 462 0 0 0 0 0 0 0 0 0 0 0 0 702 14 0 97 0 0 0 0 0 0 0 0 0 0 0 0 0 0 0 0 0 0 137 59 1897 25 10 22 0 0 0 0 0 28 379 0 51 0 0 0 0 0 0 0 0 0 0 
0 4 0 0 143 0 2043 0 0 0 0 0 0 0 0 0 0 8322 3133 0 4 8 0 1 1220 0 0 0 2645 2519 0 349 0 44 0 0 9556 615 0 137 0 0 0 0 0 0 0 0 0 0 0 0 0 0 0 0 0 0 75 69 3530 1 1 2 0 0 0 0 0 11 169 0 1 0 0 0 0 0 0 0 0 0 0 
0 0 0 0 0 0 0 0 0 0 0 0 0 0 79 0 0 2279 0 0 827 462 1 0 384 70 0 0 0 0 0 0 0 0 0 0 1418 1013 0 549 0 0 0 0 0 0 0 0 0 0 0 0 0 0 0 0 0 0 304 2 1682 445 0 2 0 0 0 0 0 3 65 0 29 0 0 0 0 0 0 0 0 0 0 
0 0 0 0 7 0 96 0 0 0 0 0 0 0 140 1 0 1920 645 0 0 0 1220 384 0 93 2 0 974 868 3 1410 0 189 15 0 3408 881 0 89 16 0 0 0 0 0 0 0 0 0 0 0 0 0 0 66 0 0 0 0 143 16 0 0 0 0 0 0 0 0 0 0 0 0 18 1 0 39 2 0 1 3 10 
0 0 0 0 0 0 0 0 0 0 0 0 0 0 275 0 0 698 0 103 115 0 0 70 93 0 18 0 0 0 0 0 0 0 0 0 0 0 0 86 0 0 0 0 0 0 0 0 0 0 0 0 0 0 0 0 0 0 0 0 23 5 0 0 0 0 0 0 0 0 0 0 0 0 0 0 0 0 0 0 0 0 0 
2 0 0 0 0 0 0 0 0 0 0 0 0 0 2 0 0 2 0 0 0 0 0 0 2 18 0 0 0 0 0 0 0 0 0 0 215 263 0 39 15 0 0 0 0 0 0 0 0 0 0 0 0 0 0 1 0 0 0 0 2 0 0 0 0 0 0 0 0 0 0 0 0 0 0 0 0 0 0 0 0 0 0 
1251 0 61 0 0 0 267 0 0 0 0 0 0 0 0 0 0 0 0 0 0 0 0 0 0 0 0 0 3 4 0 0 0 176 0 0 2126 498 0 0 101 0 0 0 0 0 0 0 0 0 0 0 0 0 0 0 0 0 0 0 0 0 0 0 0 0 0 0 0 0 0 0 0 0 0 0 0 0 0 0 0 0 0 
0 0 0 0 31 2084 0 7 0 1016 0 0 0 0 0 3708 493 2925 3668 0 0 0 2645 0 974 0 0 3 0 221 2 677 0 210 0 0 11591 108 0 0 0 0 0 0 0 0 0 0 1 0 0 0 0 0 0 0 0 0 0 0 0 0 0 0 0 0 0 0 0 0 0 0 0 0 0 0 0 0 0 0 0 0 129 
0 0 7 0 12 1499 429 21 0 4 0 0 0 0 0 1208 5448 829 3287 0 0 0 2519 0 868 0 0 4 221 0 504 604 0 426 0 0 6833 19 0 0 0 0 0 0 0 0 0 0 9 0 0 0 0 0 0 0 0 0 0 0 0 0 0 0 0 0 0 0 0 0 0 0 0 0 0 0 0 0 0 0 0 0 29 
0 0 0 0 0 0 0 0 0 0 0 0 0 0 0 176 772 767 1177 0 0 0 0 0 3 0 0 0 2 504 0 616 0 0 0 0 0 0 0 0 0 0 0 0 0 0 0 0 0 0 0 0 0 0 0 0 0 0 0 0 0 0 0 0 0 0 0 0 0 0 0 0 0 0 0 0 0 0 0 0 0 0 0 
1844 131 512 0 60 0 5097 0 0 0 0 0 0 0 0 299 86 8559 300 0 0 0 349 0 1410 0 0 0 677 604 616 0 44 174 0 0 1154 35 0 0 0 0 0 0 0 0 0 0 0 0 0 0 0 0 0 0 0 0 0 0 0 0 0 0 0 0 0 0 0 0 0 0 0 0 0 0 0 0 0 0 0 0 0 
0 0 0 0 0 0 0 0 0 0 0 0 0 0 0 133 72 722 0 0 0 0 0 0 0 0 0 0 0 0 0 44 0 49 0 0 0 0 0 0 0 0 0 0 0 0 0 0 0 0 0 0 0 0 0 0 0 0 0 0 0 0 0 0 0 0 0 0 0 0 0 0 0 0 0 0 0 0 0 0 0 0 0 
1673 1349 22 6 6306 195 5154 1063 307 1616 0 1 0 0 0 708 1057 1343 50 0 0 0 44 0 189 0 0 176 210 426 0 174 49 0 3 543 239 0 0 0 0 0 0 0 0 66 0 233 7511 0 0 0 0 0 0 0 0 0 0 0 0 0 0 0 0 0 0 0 0 0 0 0 0 0 0 0 0 0 0 0 0 0 1 
0 0 4 0 12 0 4625 5670 185 35505 0 0 0 0 281 8516 0 11257 0 0 0 0 0 0 15 0 0 0 0 0 0 0 0 3 0 2425 250 76 0 463 65 0 0 0 0 2 0 176 290 0 0 0 0 0 0 22 0 0 4 0 433 43 0 2 4 0 0 0 0 0 0 0 0 0 7 4 0 61 13 0 9 7 1231 
683 0 2563 25 1 0 4563 2757 0 2301 0 0 0 0 0 630 0 748 0 0 0 0 0 0 0 0 0 0 0 0 0 0 0 543 2425 0 1163 4 11 0 0 0 0 0 0 17 0 191 780 0 0 1 0 0 0 0 0 0 1 0 2 0 0 0 0 0 0 0 0 0 0 0 0 0 0 0 0 0 0 0 0 0 692 
1089 1 707 2 568 0 7923 1926 1541 8675 0 0 0 0 368 7018 4142 6251 594 0 15 702 9556 1418 3408 0 215 2126 11591 6833 0 1154 0 239 250 1163 0 5 4 25 0 0 0 0 0 24 0 206 1893 0 0 0 0 0 0 269 0 0 1 2 1689 0 0 0 0 0 0 0 0 33 46 0 1 0 17 0 0 66 4 0 3 3 2021 
0 0 165 0 181 0 1838 36 1 311 0 0 0 0 22 0 0 343 5 0 0 14 615 1013 881 0 263 498 108 19 0 35 0 0 76 4 5 0 0 10 0 0 0 0 0 0 0 2 12 0 0 0 0 0 0 8 0 0 4 0 46 0 0 0 0 0 0 0 0 0 0 0 0 0 0 0 0 0 0 0 0 0 1311 
976 0 326 4 0 0 52 0 0 0 0 4 0 0 0 0 0 0 0 0 0 0 0 0 0 0 0 0 0 0 0 0 0 0 0 11 4 0 0 0 0 0 0 0 0 0 0 0 0 0 0 0 0 0 0 0 0 0 0 0 0 0 0 0 0 0 0 0 0 0 0 0 0 0 0 0 0 0 0 0 0 0 0 
0 0 0 0 0 0 0 0 0 0 0 0 0 0 293 18 0 898 3 0 3 97 137 549 89 86 39 0 0 0 0 0 0 0 463 0 25 10 0 0 0 0 0 0 0 5 0 0 0 0 0 0 0 0 0 285 0 0 804 1 3841 1634 59 685 0 0 0 0 0 126 593 2 137 0 409 19 0 1314 83 0 17 43 25 
0 0 0 0 0 0 0 0 0 0 0 0 0 0 9 0 0 37 0 0 0 0 0 0 16 0 15 101 0 0 0 0 0 0 65 0 0 0 0 0 0 0 0 0 0 0 0 0 0 0 0 0 0 0 0 3 0 0 0 0 12 0 0 0 0 0 0 0 0 0 0 0 0 0 0 0 0 0 0 0 0 0 0 
2702 0 0 1 0 0 0 0 0 0 0 145 0 0 0 0 0 0 0 0 0 0 0 0 0 0 0 0 0 0 0 0 0 0 0 0 0 0 0 0 0 0 10 0 450 11 0 78 0 0 0 0 2675 0 0 0 0 0 0 0 0 0 0 0 0 1418 0 0 60 110 133 0 1730 0 1346 92 276 2002 0 733 246 0 0 
3 0 1 1 0 0 0 0 0 0 0 0 0 0 0 0 0 0 0 0 0 0 0 0 0 0 0 0 0 0 0 0 0 0 0 0 0 0 0 0 0 10 0 0 10 0 0 1 0 0 0 0 0 0 0 0 0 0 0 0 0 0 0 0 0 54 0 0 2 5 10 0 11 0 126 15 2458 2863 132 11 12 0 0 
4 0 0 0 0 0 0 0 0 0 0 2 0 0 0 0 0 0 0 0 0 0 0 0 0 0 0 0 0 0 0 0 0 0 0 0 0 0 0 0 0 0 0 0 266 0 0 0 0 0 0 0 121 0 0 0 0 0 0 0 0 0 0 0 0 0 0 0 0 0 0 0 0 0 0 0 0 0 0 0 0 0 0 
0 0 0 0 0 0 0 0 0 0 0 0 0 0 0 0 0 0 0 0 0 0 0 0 0 0 0 0 0 0 0 0 0 0 0 0 0 0 0 0 0 450 10 266 0 0 0 357 433 0 0 0 6 0 0 0 0 0 0 0 0 0 0 0 0 10 0 0 0 5 8 0 1 0 2 9 0 14 0 0 3 9 0 
33 0 203 59 0 0 1344 861 0 0 0 0 0 0 0 0 0 0 0 0 0 0 0 0 0 0 0 0 0 0 0 0 0 66 2 17 24 0 0 5 0 11 0 0 0 0 116 45 849 0 0 0 0 0 0 0 0 0 0 0 0 0 0 0 0 1052 0 0 7 12 0 0 2784 0 293 620 7589 7848 845 0 57 0 43 
0 0 0 0 0 0 0 0 0 0 0 0 0 0 0 0 0 0 0 0 0 0 0 0 0 0 0 0 0 0 0 0 0 0 0 0 0 0 0 0 0 0 0 0 0 116 0 192 7992 3833 1266 0 0 0 0 0 2 0 0 0 0 0 0 0 0 2 0 0 0 0 0 0 173 0 715 9 174 2124 114 0 1 0 0 
4720 0 3088 782 0 0 5502 3601 0 0 0 1787 1 0 0 0 0 0 0 0 0 0 0 0 0 0 0 0 0 0 0 0 0 233 176 191 206 2 0 0 0 78 1 0 357 45 192 0 6916 358 0 0 3220 0 0 0 0 0 0 0 0 0 0 0 0 4 0 0 0 1 2 0 0 0 114 551 12267 1693 794 834 0 0 323 
0 0 17 4 1941 35 15590 59457 835 1449 0 587 668 0 0 0 9 0 0 0 0 0 0 0 0 0 0 0 1 9 0 0 0 7511 290 780 1893 12 0 0 0 0 0 0 433 849 7992 6916 0 4360 3120 715 3238 703 874 0 0 0 0 0 0 0 0 0 0 0 0 0 0 0 0 0 4 0 2415 18542 4088 12815 109 0 0 0 6227 
0 0 0 0 0 0 0 0 0 0 0 0 0 0 0 0 0 0 0 0 0 0 0 0 0 0 0 0 0 0 0 0 0 0 0 0 0 0 0 0 0 0 0 0 0 0 3833 358 4360 0 11725 0 0 0 0 0 1207 0 0 1 0 0 0 0 0 0 0 0 0 0 26 0 0 0 8 0 0 0 0 0 0 0 0 
0 0 0 0 0 0 0 141 0 2227 0 0 0 1 0 0 0 0 0 0 0 0 0 0 0 0 0 0 0 0 0 0 0 0 0 0 0 0 0 0 0 0 0 0 0 0 1266 0 3120 11725 0 994 0 0 0 0 7289 884 0 387 0 0 0 0 0 0 0 0 0 7346 8323 890 171 55 1682 16636 786 20121 1767 0 959 0 9775 
0 0 0 0 0 0 0 3967 0 10164 0 0 0 19 0 604 0 4 0 0 0 0 0 0 0 0 0 0 0 0 0 0 0 0 0 1 0 0 0 0 0 0 0 0 0 0 0 0 715 0 994 0 0 0 190 0 77 0 0 0 0 0 0 0 0 0 0 0 0 0 0 0 0 0 0 254 3 0 0 0 0 0 0 
21 0 0 0 0 0 0 1 0 0 0 0 0 0 0 0 0 0 0 0 0 0 0 0 0 0 0 0 0 0 0 0 0 0 0 0 0 0 0 0 0 2675 0 121 6 0 0 3220 3238 0 0 0 0 0 1 0 0 0 0 0 0 0 0 0 0 0 0 0 0 0 0 0 0 0 0 0 0 0 0 0 0 0 0 
0 0 0 0 0 0 22 125 0 0 0 1 0 0 0 0 0 2 0 7 0 0 0 0 0 0 0 0 0 0 0 0 0 0 0 0 0 0 0 0 0 0 0 0 0 0 0 0 703 0 0 0 0 0 1281 329 0 0 0 0 137 0 0 0 0 0 0 0 0 0 0 0 0 0 0 0 0 0 0 0 0 0 0 
0 0 0 0 0 0 1 870 0 905 0 0 1 32 1 484 0 639 0 11 0 0 0 0 0 0 0 0 0 0 0 0 0 0 0 0 0 0 0 0 0 0 0 0 0 0 0 0 874 0 0 190 1 1281 0 2939 4 0 0 0 1055 0 0 0 0 0 32 3 0 0 0 0 0 0 0 0 0 0 0 0 1 0 0 
0 0 0 0 0 0 0 33 0 0 0 0 0 0 0 0 0 2449 0 22 50 0 0 0 66 0 1 0 0 0 0 0 0 0 22 0 269 8 0 285 3 0 0 0 0 0 0 0 0 0 0 0 0 329 2939 0 0 0 0 0 3297 67 0 0 7 0 224 26 0 0 0 0 1 0 4 0 0 9 2 0 36 0 0 
0 0 0 0 0 0 0 2 0 2835 0 0 0 0 0 178 0 0 0 0 0 0 0 0 0 0 0 0 0 0 0 0 0 0 0 0 0 0 0 0 0 0 0 0 0 0 2 0 0 1207 7289 77 0 0 4 0 0 6497 2971 438 0 0 0 0 0 0 0 0 0 2062 2656 352 231 126 7409 4006 150 6653 2 0 244 2 333 
0 0 0 0 0 0 0 0 0 0 0 0 0 0 0 0 0 0 0 0 0 0 0 0 0 0 0 0 0 0 0 0 0 0 0 0 0 0 0 0 0 0 0 0 0 0 0 0 0 0 884 0 0 0 0 0 6497 0 1213 44 0 0 0 0 0 0 0 0 0 1336 4130 4345 987 0 10 0 0 0 0 0 0 0 0 
0 0 0 0 0 0 0 0 0 440 0 0 0 0 6 1782 0 148 0 0 573 137 75 304 0 0 0 0 0 0 0 0 0 0 4 1 1 4 0 804 0 0 0 0 0 0 0 0 0 0 0 0 0 0 0 0 2971 1213 0 16322 812 723 728 3304 1573 0 0 0 0 3668 6849 1244 4714 1855 2368 2537 6 2155 0 0 652 1 279 
0 0 0 0 0 0 0 0 0 0 0 0 0 0 0 0 0 29 0 0 4 59 69 2 0 0 0 0 0 0 0 0 0 0 0 0 2 0 0 1 0 0 0 0 0 0 0 0 0 1 387 0 0 0 0 0 438 44 16322 0 8946 82 86 1203 0 0 0 0 0 3236 7352 1631 0 0 0 0 0 0 0 0 0 0 0 
0 0 0 0 0 0 0 69 0 134 0 0 2 0 12 1709 0 22719 0 2 2111 1897 3530 1682 143 23 2 0 0 0 0 0 0 0 433 2 1689 46 0 3841 12 0 0 0 0 0 0 0 0 0 0 0 0 137 1055 3297 0 0 812 8946 0 984 1 0 23 2 238 5 0 493 4478 50 4096 59 2472 1324 0 7329 17 0 2400 167 1403 
0 0 0 0 0 0 0 0 0 0 0 0 0 0 0 0 0 101 0 0 1 25 1 445 16 5 0 0 0 0 0 0 0 0 43 0 0 0 0 1634 0 0 0 0 0 0 0 0 0 0 0 0 0 0 0 67 0 0 723 82 984 0 1495 1021 1318 0 0 0 0 1039 582 0 9 0 0 0 0 0 0 0 0 0 0 
0 0 0 0 0 0 0 0 0 0 0 0 0 0 0 0 0 0 0 0 0 10 1 0 0 0 0 0 0 0 0 0 0 0 0 0 0 0 0 59 0 0 0 0 0 0 0 0 0 0 0 0 0 0 0 0 0 0 728 86 1 1495 0 725 1059 0 0 0 0 680 532 0 6 0 0 0 0 0 0 0 0 0 0 
0 0 0 0 0 0 0 0 0 0 0 0 0 0 0 0 0 0 0 0 0 22 2 2 0 0 0 0 0 0 0 0 0 0 2 0 0 0 0 685 0 0 0 0 0 0 0 0 0 0 0 0 0 0 0 0 0 0 3304 1203 0 1021 725 0 314 786 0 0 0 8819 1968 0 29 0 0 0 0 0 0 0 0 0 0 
0 0 0 0 0 0 0 0 0 0 0 0 0 0 0 0 0 0 0 1 301 0 0 0 0 0 0 0 0 0 0 0 0 0 4 0 0 0 0 0 0 0 0 0 0 0 0 0 0 0 0 0 0 0 0 7 0 0 1573 0 23 1318 1059 314 0 198 13 0 0 3264 113 0 0 0 0 0 0 0 0 0 295 0 0 
0 0 0 0 0 0 0 0 0 0 0 0 0 0 0 0 0 0 0 0 0 0 0 0 0 0 0 0 0 0 0 0 0 0 0 0 0 0 0 0 0 1418 54 0 10 1052 2 4 0 0 0 0 0 0 0 0 0 0 0 0 2 0 0 786 198 0 2 0 103 5098 121 0 504 0 141 6 0 157 198 28 334 7 0 
0 0 0 0 0 0 0 0 0 0 0 0 0 0 0 0 0 0 0 0 0 0 0 0 0 0 0 0 0 0 0 0 0 0 0 0 0 0 0 0 0 0 0 0 0 0 0 0 0 0 0 0 0 0 32 224 0 0 0 0 238 0 0 0 13 2 0 5 0 0 0 0 0 0 0 0 0 0 0 0 190 0 0 
0 0 0 0 0 0 0 0 0 0 0 0 0 0 0 0 0 0 0 0 0 0 0 0 0 0 0 0 0 0 0 0 0 0 0 0 0 0 0 0 0 0 0 0 0 0 0 0 0 0 0 0 0 0 3 26 0 0 0 0 5 0 0 0 0 0 5 0 1 0 0 0 0 0 6 0 0 9 7 0 63 1 0 
0 0 0 0 0 0 0 0 0 0 0 0 0 0 0 0 0 0 0 0 0 0 0 0 0 0 0 0 0 0 0 0 0 0 0 0 0 0 0 0 0 60 2 0 0 7 0 0 0 0 0 0 0 0 0 0 0 0 0 0 0 0 0 0 0 103 0 1 0 2 0 0 0 0 1215 0 0 4 0 0 0 164 0 
0 0 0 0 0 0 0 0 0 0 0 0 0 0 0 0 0 11 0 0 2 28 11 3 0 0 0 0 0 0 0 0 0 0 0 0 33 0 0 126 0 110 5 0 5 12 0 1 0 0 7346 0 0 0 0 0 2062 1336 3668 3236 493 1039 680 8819 3264 5098 0 0 2 0 477 1 0 0 38 14 0 12 6 8 145 0 0 
0 0 0 0 0 0 0 0 0 0 0 0 0 0 0 0 0 71 0 1 19 379 169 65 0 0 0 0 0 0 0 0 0 0 0 0 46 0 0 593 0 133 10 0 8 0 0 2 0 26 8323 0 0 0 0 0 2656 4130 6849 7352 4478 582 532 1968 113 121 0 0 0 477 0 361 410 0 207 0 0 28 4 6 2 0 0 
0 0 0 0 0 0 0 0 0 0 0 0 0 0 0 0 0 0 0 0 0 0 0 0 0 0 0 0 0 0 0 0 0 0 0 0 0 0 0 2 0 0 0 0 0 0 0 0 0 0 890 0 0 0 0 0 352 4345 1244 1631 50 0 0 0 0 0 0 0 0 1 361 0 204 0 2 0 0 0 0 0 0 0 0 
0 0 0 0 0 0 0 0 0 0 0 0 0 0 0 0 0 0 0 1 3 51 1 29 0 0 0 0 0 0 0 0 0 0 0 0 1 0 0 137 0 1730 11 0 1 2784 173 0 4 0 171 0 0 0 0 1 231 987 4714 0 4096 9 6 29 0 504 0 0 0 0 410 204 0 44 1712 0 0 75 1 1 4 0 0 
0 0 0 0 0 0 0 0 0 0 0 0 0 0 0 0 0 0 0 0 0 0 0 0 0 0 0 0 0 0 0 0 0 0 0 0 0 0 0 0 0 0 0 0 0 0 0 0 0 0 55 0 0 0 0 0 126 0 1855 0 59 0 0 0 0 0 0 0 0 0 0 0 44 0 3 0 0 0 0 0 0 0 0 
0 0 0 0 0 0 0 0 0 0 0 0 0 0 0 0 0 0 0 0 0 0 0 0 18 0 0 0 0 0 0 0 0 0 7 0 17 0 0 409 0 1346 126 0 2 293 715 114 2415 8 1682 0 0 0 0 4 7409 10 2368 0 2472 0 0 0 0 141 0 6 1215 38 207 2 1712 3 0 53 0 100 0 0 76 0 0 
0 0 0 0 0 0 0 0 0 54 0 0 0 0 0 0 0 460 0 0 0 0 0 0 1 0 0 0 0 0 0 0 0 0 4 0 0 0 0 19 0 92 15 0 9 620 9 551 18542 0 16636 254 0 0 0 0 4006 0 2537 0 1324 0 0 0 0 6 0 0 0 14 0 0 0 0 53 0 1179 89 86 8 135 16 1636 
0 0 0 0 0 0 0 0 0 0 0 0 0 0 0 1 0 0 0 0 0 0 0 0 0 0 0 0 0 0 0 0 0 0 0 0 0 0 0 0 0 276 2458 0 0 7589 174 12267 4088 0 786 3 0 0 0 0 150 0 6 0 0 0 0 0 0 0 0 0 0 0 0 0 0 0 0 1179 0 27 0 0 0 0 59 
0 0 0 0 0 0 0 0 0 0 0 0 0 0 0 0 0 1 0 0 0 0 0 0 39 0 0 0 0 0 0 0 0 0 61 0 66 0 0 1314 0 2002 2863 0 14 7848 2124 1693 12815 0 20121 0 0 0 0 9 6653 0 2155 0 7329 0 0 0 0 157 0 9 4 12 28 0 75 0 100 89 27 0 6 26 158 19 828 
0 0 0 0 0 0 0 0 0 0 0 0 0 0 0 0 0 0 0 0 0 0 0 0 2 0 0 0 0 0 0 0 0 0 13 0 4 0 0 83 0 0 132 0 0 845 114 794 109 0 1767 0 0 0 0 2 2 0 0 0 17 0 0 0 0 198 0 7 0 6 4 0 1 0 0 86 0 6 0 0 18 0 1230 
0 0 0 0 0 0 0 0 0 0 0 0 0 0 0 0 0 0 0 0 0 0 0 0 0 0 0 0 0 0 0 0 0 0 0 0 0 0 0 0 0 733 11 0 0 0 0 834 0 0 0 0 0 0 0 0 0 0 0 0 0 0 0 0 0 28 0 0 0 8 6 0 1 0 0 8 0 26 0 0 2 24 0 
0 0 0 0 0 0 0 0 0 0 0 0 0 0 0 0 0 1 0 2 0 0 0 0 1 0 0 0 0 0 0 0 0 0 9 0 3 0 0 17 0 246 12 0 3 57 1 0 0 0 959 0 0 0 1 36 244 0 652 0 2400 0 0 0 295 334 190 63 0 145 2 0 4 0 76 135 0 158 18 2 0 8 0 
0 0 0 0 0 0 0 0 0 0 0 0 0 0 0 0 0 0 0 0 0 0 0 0 3 0 0 0 0 0 0 0 0 0 7 0 3 0 0 43 0 0 0 0 9 0 0 0 0 0 0 0 0 0 0 0 2 0 1 0 167 0 0 0 0 7 0 1 164 0 0 0 0 0 0 16 0 19 0 24 8 0 0 
0 0 0 0 104 0 1805 2111 154 16401 0 0 0 0 3 2922 2 6027 4 0 0 0 0 0 10 0 0 0 129 29 0 0 0 1 1231 692 2021 1311 0 25 0 0 0 0 0 43 0 323 6227 0 9775 0 0 0 0 0 333 0 279 0 1403 0 0 0 0 0 0 0 0 0 0 0 0 0 0 1636 59 828 1230 0 0 0 0 
