0 841 3 746 1 0 2209 4 0 0 0 323 0 0 0 0 15 0 0 0 0 0 0 0 0 0 0 0 0 0 4 195 0 3696 15 40 3 0 112 0 0 2545 0 443 12 0 0 5837 32 0 0 0 456 0 0 0 0 0 0 0 0 0 0 0 0 0 0 0 0 0 0 0 13 0 2 0 0 29 0 0 0 0 0 
841 0 0 0 17 0 0 0 0 0 0 0 0 0 0 0 18 27 0 1 0 20 8 0 0 0 0 13 0 486 5 2756 0 3628 91 11 525 186 0 0 0 281 0 0 1 0 0 31 0 0 0 0 0 0 0 0 0 0 0 0 0 0 0 0 0 0 0 0 0 0 0 0 94 0 413 1 0 1752 0 0 0 0 4 
3 0 0 1239 0 0 427 8 0 0 0 321 0 0 0 0 0 0 0 0 0 0 0 0 0 0 0 3 0 0 0 0 0 173 39 279 18 0 2 0 0 781 0 911 0 0 0 6459 2443 0 0 0 22 0 0 0 0 0 0 0 0 0 0 0 0 0 0 0 0 0 0 0 0 0 0 0 1 0 0 0 0 0 0 
746 0 1239 0 0 0 175 1183 0 0 0 54 7 0 0 0 0 0 0 0 0 0 0 0 0 0 0 0 0 0 0 0 0 2 0 1 0 0 0 0 0 192 0 100 2 0 0 590 9 0 0 0 76 0 0 0 0 0 0 0 0 0 0 0 0 0 0 0 0 0 0 0 0 0 0 0 0 0 0 0 0 0 0 
1 17 0 0 0 0 1478 178 1996 0 0 0 0 0 0 0 48 1046 6 20 1 10 183 0 0 0 0 1 0 186 38 1466 0 5596 1000 142 7686 846 0 0 0 749 0 0 9 0 0 29 25 0 0 0 0 0 0 0 0 0 0 0 0 0 0 0 0 0 0 0 0 0 0 0 20 0 1313 3 0 2581 0 0 0 0 123 
0 0 0 0 0 0 12 1675 8047 10992 0 0 0 0 0 16 5618 0 160 0 0 0 0 0 0 0 0 0 0 57 19 0 0 968 0 0 1259 0 0 0 0 0 0 0 0 0 0 0 0 0 0 0 0 0 0 0 0 0 0 0 0 0 0 0 0 0 0 0 0 0 0 0 0 0 0 0 0 0 0 0 0 0 0 
2209 0 427 175 1478 12 0 983 2905 2 0 112 792 0 0 5 0 37 0 0 0 0 0 0 0 0 0 871 0 732 0 1284 0 3773 5855 6244 4098 2686 10 0 0 895 0 257 0 0 0 6267 10774 0 0 0 7 376 0 0 0 0 0 0 0 0 0 0 0 0 0 0 0 0 0 0 0 0 82 72 175 646 13 0 0 0 167 
4 0 8 1183 178 1675 983 0 273 2789 662 1576 15639 4608 0 1006 20 33 0 340 0 0 0 0 0 0 0 1 0 33 13 0 0 29 21285 3693 15363 289 0 0 0 0 0 102 0 0 0 575 43738 0 2 0 19 3737 1026 0 0 0 0 0 1 0 0 0 0 0 0 0 0 0 0 0 0 0 0 0 3 1 0 0 0 0 3263 
0 0 0 0 1996 8047 2905 273 0 7587 0 0 0 0 0 0 19 0 0 0 0 0 0 0 0 0 0 0 0 37 8 0 0 9 19 0 2472 12 0 0 0 0 0 0 0 0 0 0 0 0 0 0 0 0 0 0 0 0 0 0 0 0 0 0 0 0 0 0 0 0 0 0 0 0 0 0 0 0 0 0 0 0 87 
0 0 0 0 0 10992 2 2789 7587 0 2843 2 443 6106 0 8233 12235 0 1882 138 0 0 92 0 0 0 0 0 0 556 1 0 0 1739 25957 1258 2093 479 0 0 0 0 0 0 0 0 0 0 2882 0 6749 4095 0 0 541 0 0 0 0 0 0 0 0 0 0 0 0 0 0 0 0 0 0 0 0 0 0 0 0 0 0 0 9899 
0 0 0 0 0 0 0 662 0 2843 0 1 205 3049 0 619 0 56 0 348 0 0 0 0 0 0 0 0 0 0 0 0 0 0 0 0 0 0 0 0 0 0 0 0 0 0 0 0 10 0 0 3 0 0 3 0 0 0 0 0 0 0 0 0 0 0 0 0 0 0 0 0 0 0 0 0 0 0 0 0 0 0 0 
323 0 321 54 0 0 112 1576 0 2 1 0 783 21 0 1 0 0 0 25 0 0 0 0 0 0 0 0 0 0 0 0 0 0 0 0 0 0 0 0 0 53 0 51 19 0 0 32 18 0 0 0 0 0 0 0 0 0 0 0 0 0 0 0 0 0 0 0 0 0 0 0 0 0 0 0 0 0 0 0 0 0 0 
0 0 0 7 0 0 792 15639 0 443 205 783 0 232 2 169 0 18 0 1649 0 0 0 0 0 0 0 0 0 0 0 0 0 0 0 0 0 0 0 0 0 0 0 0 0 0 0 0 489 0 0 0 10 32 0 0 0 0 0 0 0 0 0 0 0 0 0 0 0 0 0 0 0 0 0 0 0 0 0 0 0 0 0 
0 0 0 0 0 0 0 4608 0 6106 3049 21 232 0 831 3636 0 4382 0 9253 0 0 0 0 0 0 0 0 0 0 0 0 0 0 2 0 0 0 0 0 0 0 0 0 0 0 0 0 2 0 27 39 0 0 0 0 0 0 0 0 122 0 0 0 0 0 0 0 0 0 0 0 0 0 0 0 0 0 0 0 0 0 0 
0 0 0 0 0 0 0 0 0 0 0 0 2 831 0 0 0 200 0 7588 1475 187 35 351 0 77 0 0 0 0 0 0 0 0 1 0 0 0 0 18 0 0 0 0 0 0 0 0 0 0 0 0 0 0 0 0 0 0 101 0 815 1678 160 166 0 0 0 0 0 0 14 0 84 1 61 0 0 330 0 0 0 0 0 
0 0 0 0 0 16 5 1006 0 8233 619 1 169 3636 0 0 2286 236 4741 84 0 0 692 0 0 0 0 0 901 3322 687 56 56 747 7398 827 8727 848 0 44 0 0 0 0 0 0 0 0 0 0 822 8 0 0 94 0 160 0 55 0 69 0 0 0 0 0 0 0 0 0 0 0 0 0 0 0 0 0 0 0 0 0 9432 
15 18 0 0 48 5618 0 20 19 12235 0 0 0 0 0 2286 0 584 2488 0 0 0 0 0 0 0 0 0 0 1136 878 161 0 7117 0 0 6043 0 0 0 0 0 0 0 0 0 0 0 0 0 0 0 0 0 0 0 0 0 0 0 0 0 0 0 0 0 0 0 0 0 0 0 0 0 0 0 0 0 0 0 0 0 0 
0 27 0 0 1046 0 37 33 0 0 56 0 18 4382 200 236 584 0 14058 51 551 344 4931 0 3646 0 0 0 1422 1126 2172 7774 1467 2298 9992 148 10908 1201 0 538 0 197 0 0 5 0 0 16 0 0 19 5 0 0 249 77 359 0 8887 0 8532 238 121 2936 1 0 0 0 0 0 361 0 1261 1 3375 1 0 3674 298 0 1 0 4662 
0 0 0 0 6 160 0 0 0 1882 0 0 0 0 0 4741 2488 14058 0 0 0 27 7194 6 1275 0 0 0 1576 3082 669 3860 17 905 0 2 2497 169 0 41 0 0 0 0 0 0 0 0 0 0 0 0 0 0 0 0 0 0 0 0 0 0 0 0 0 0 0 0 0 0 0 0 0 0 4 0 0 0 0 0 0 0 25 
0 1 0 0 20 0 0 340 0 138 348 25 1649 9253 7588 84 0 51 0 0 336 0 74 148 0 83 0 0 0 0 0 100 0 86 0 0 40 0 0 0 0 52 0 0 0 0 0 0 4 0 0 0 0 0 0 794 0 0 4025 0 3440 749 78 110 0 0 0 0 0 0 97 0 47 3 270 0 0 4445 201 0 22 0 74 
0 0 0 0 1 0 0 0 0 0 0 0 0 0 1475 0 0 551 0 336 0 1171 325 403 0 0 0 0 0 0 0 13 0 34 0 0 0 0 0 0 0 20 0 0 0 0 0 14 0 0 0 0 0 0 0 0 0 0 4832 0 53 1183 316 2333 2 0 0 0 0 0 0 0 3 0 195 0 0 0 0 0 0 0 0 
0 20 0 0 10 0 0 0 0 0 0 0 0 0 187 0 0 344 27 0 1171 0 18 412 0 0 0 0 680 442 0 1424 0 195 0 0 0 0 0 0 0 1 0 0 0 0 0 3 0 0 0 0 0 0 0 1 0 0 15 0 0 95 141 208 11 0 0 0 0 0 0 0 0 0 12 0 0 0 0 0 0 0 0 
0 8 0 0 183 0 0 0 0 92 0 0 0 0 35 692 0 4931 7194 74 325 18 0 1 5486 0 0 0 10024 950 0 6596 0 1854 0 0 1658 0 0 0 0 227 0 0 1 0 0 106 0 0 0 0 0 0 0 0 0 0 164 0 0 108 141 1883 2 0 0 0 0 0 0 0 10 0 949 0 0 5 0 0 0 0 0 
0 0 0 0 0 0 0 0 0 0 0 0 0 0 351 0 0 0 6 148 403 412 1 0 127 60 0 0 5402 2458 0 323 0 1 0 0 0 0 0 9 0 0 0 0 0 0 0 0 0 0 0 0 0 0 0 0 0 0 1 0 0 4 0 0 1 0 0 0 0 0 0 0 0 0 0 0 0 0 0 0 0 0 0 
0 0 0 0 0 0 0 0 0 0 0 0 0 0 0 0 0 3646 1275 0 0 0 5486 127 0 51 0 0 1179 258 0 10 0 0 208 0 548 14 0 324 12 0 0 0 0 0 0 0 0 0 0 0 0 0 0 0 0 0 0 0 0 0 0 0 0 0 0 0 0 0 0 0 0 0 0 0 0 0 0 0 0 0 0 
0 0 0 0 0 0 0 0 0 0 0 0 0 0 77 0 0 0 0 83 0 0 0 60 51 0 3 0 276 6 0 0 0 0 0 0 0 0 0 439 0 0 0 0 0 0 0 0 0 0 0 0 0 0 0 0 0 0 0 0 0 0 0 0 0 0 0 0 0 0 0 0 0 0 0 0 0 0 0 0 0 0 0 
0 0 0 0 0 0 0 0 0 0 0 0 0 0 0 0 0 0 0 0 0 0 0 0 0 3 0 0 0 0 0 0 0 14 0 0 7 56 0 4 64 0 0 0 0 0 0 0 0 0 0 0 0 0 0 0 0 0 0 0 0 0 0 0 0 0 0 0 0 0 0 0 0 0 0 0 0 0 0 0 0 0 0 
0 13 3 0 1 0 871 1 0 0 0 0 0 0 0 0 0 0 0 0 0 0 0 0 0 0 0 0 0 0 0 0 0 554 3 118 1389 1020 0 4 241 0 0 0 0 0 0 0 0 0 0 0 0 0 0 0 0 0 0 0 0 0 0 0 0 0 0 0 0 0 0 0 0 0 0 0 0 0 0 0 0 0 0 
0 0 0 0 0 0 0 0 0 0 0 0 0 0 0 901 0 1422 1576 0 0 680 10024 5402 1179 276 0 0 0 335 2 24 0 0 696 0 1132 1 0 624 0 0 0 0 0 0 0 0 0 0 0 0 0 0 0 0 0 0 0 0 0 0 0 0 0 0 0 0 0 0 0 0 1 0 1 0 0 35 0 0 0 0 0 
0 486 0 0 186 57 732 33 37 556 0 0 0 0 0 3322 1136 1126 3082 0 0 442 950 2458 258 6 0 0 335 0 76 226 0 80 8 9 8708 7 0 176 0 1 0 0 0 0 0 0 0 0 0 0 0 0 0 0 0 0 0 0 0 0 0 0 0 0 0 0 0 0 0 0 5 0 0 0 0 138 0 0 0 0 0 
4 5 0 0 38 19 0 13 8 1 0 0 0 0 0 687 878 2172 669 0 0 0 0 0 0 0 0 0 2 76 0 96 0 710 0 0 3037 0 0 0 0 0 0 0 0 0 0 0 0 0 0 0 0 0 0 0 0 0 0 0 0 0 0 0 0 0 0 0 0 0 0 0 0 0 0 0 0 0 0 0 0 0 0 
195 2756 0 0 1466 0 1284 0 0 0 0 0 0 0 0 56 161 7774 3860 100 13 1424 6596 323 10 0 0 0 24 226 96 0 117 597 0 0 171 0 0 0 0 78 0 0 0 0 0 64 0 0 0 0 0 0 0 0 0 0 0 0 0 0 0 0 0 0 0 0 0 0 0 0 307 0 390 0 0 260 0 0 0 0 0 
0 0 0 0 0 0 0 0 0 0 0 0 0 0 0 56 0 1467 17 0 0 0 0 0 0 0 0 0 0 0 0 117 0 6 0 0 0 0 0 0 0 0 0 0 0 0 0 0 0 0 0 0 0 0 0 0 0 0 0 0 0 0 0 0 0 0 0 0 0 0 0 0 0 0 0 0 0 0 0 0 0 0 0 
3696 3628 173 2 5596 968 3773 29 9 1739 0 0 0 0 0 747 7117 2298 905 86 34 195 1854 1 0 0 14 554 0 80 710 597 6 0 61 808 89 0 88 0 0 185 0 0 0 0 0 84 0 0 0 0 0 0 0 0 0 0 0 0 0 0 0 0 0 0 0 0 0 0 0 0 97 0 734 0 0 148 0 0 0 0 0 
15 91 39 0 1000 0 5855 21285 19 25957 0 0 0 2 1 7398 0 9992 0 0 0 0 0 0 208 0 0 3 696 8 0 0 0 61 0 1306 995 104 0 456 285 0 0 0 0 0 0 0 110 0 0 0 0 0 0 0 0 0 64 0 505 0 0 0 0 0 0 0 0 0 0 0 0 0 0 0 3 12 6 0 0 0 266 
40 11 279 1 142 0 6244 3693 0 1258 0 0 0 0 0 827 0 148 2 0 0 0 0 0 0 0 0 118 0 9 0 0 0 808 1306 0 170 22 0 0 0 0 0 0 0 0 0 0 5 0 681 314 0 0 2 0 444 0 135 0 7 0 0 0 0 0 0 0 0 0 0 0 0 0 0 0 0 11 1 0 0 0 247 
3 525 18 0 7686 1259 4098 15363 2472 2093 0 0 0 0 0 8727 6043 10908 2497 40 0 0 1658 0 548 0 7 1389 1132 8708 3037 171 0 89 995 170 0 17 4 28 0 449 0 0 7 0 0 2 3 0 0 0 0 0 0 0 0 0 173 0 466 0 0 0 0 0 0 0 0 0 0 0 7 0 1184 1 0 2675 142 0 5 0 769 
0 186 0 0 846 0 2686 289 12 479 0 0 0 0 0 848 0 1201 169 0 0 0 0 0 14 0 56 1020 1 7 0 0 0 0 104 22 17 0 0 0 0 0 0 0 0 0 0 0 3 0 0 0 0 0 0 0 0 0 1 0 1 0 0 0 0 0 0 0 0 0 0 0 0 0 0 0 0 159 4 0 0 0 4718 
112 0 2 0 0 0 10 0 0 0 0 0 0 0 0 0 0 0 0 0 0 0 0 0 0 0 0 0 0 0 0 0 0 88 0 0 4 0 0 0 0 0 0 1 0 0 0 1 0 0 0 0 0 0 0 0 0 0 0 0 0 0 0 0 0 0 0 0 0 0 0 0 0 0 0 0 0 0 0 0 0 0 0 
0 0 0 0 0 0 0 0 0 0 0 0 0 0 18 44 0 538 41 0 0 0 0 9 324 439 4 4 624 176 0 0 0 0 456 0 28 0 0 0 0 0 0 0 0 0 0 0 0 0 0 0 0 0 0 0 0 0 8 0 86 0 0 0 0 0 0 0 0 0 0 0 1 0 7 1 0 917 106 0 0 0 30 
0 0 0 0 0 0 0 0 0 0 0 0 0 0 0 0 0 0 0 0 0 0 0 0 12 0 64 241 0 0 0 0 0 0 285 0 0 0 0 0 0 0 0 0 0 0 0 0 0 0 0 0 0 0 0 0 0 0 0 0 0 0 0 0 0 0 0 0 0 0 0 0 0 0 0 0 0 0 0 0 0 0 51 
2545 281 781 192 749 0 895 0 0 0 0 53 0 0 0 0 0 197 0 52 20 1 227 0 0 0 0 0 0 1 0 78 0 185 0 0 449 0 0 0 0 0 2830 0 1051 663 0 3063 0 0 0 0 1592 0 0 0 0 0 0 0 0 0 0 2 0 0 0 0 1 0 0 0 6 0 453 0 144 83 0 2 0 0 0 
0 0 0 0 0 0 0 0 0 0 0 0 0 0 0 0 0 0 0 0 0 0 0 0 0 0 0 0 0 0 0 0 0 0 0 0 0 0 0 0 0 2830 0 0 0 1 0 1 0 0 0 0 0 0 0 0 0 0 0 0 0 0 0 0 0 0 0 0 230 0 0 0 0 0 2025 0 0 3 0 0 0 0 0 
443 0 911 100 0 0 257 102 0 0 0 51 0 0 0 0 0 0 0 0 0 0 0 0 0 0 0 0 0 0 0 0 0 0 0 0 0 0 1 0 0 0 0 0 199 0 0 0 13 0 0 0 273 0 0 0 0 0 0 0 0 0 0 0 0 0 0 0 0 0 0 0 0 0 0 0 0 0 0 0 0 0 0 
12 1 0 2 9 0 0 0 0 0 0 19 0 0 0 0 0 5 0 0 0 0 1 0 0 0 0 0 0 0 0 0 0 0 0 0 7 0 0 0 0 1051 0 199 0 0 0 4 41 0 0 0 974 0 0 0 0 0 0 0 0 0 0 0 0 0 0 0 0 0 0 0 0 0 4 0 5 7 0 0 0 0 0 
0 0 0 0 0 0 0 0 0 0 0 0 0 0 0 0 0 0 0 0 0 0 0 0 0 0 0 0 0 0 0 0 0 0 0 0 0 0 0 0 0 663 1 0 0 0 216 38 3715 273 0 0 0 0 0 0 0 0 0 0 0 0 0 0 0 0 0 0 213 0 0 0 158 0 11263 4 2 234 3 0 0 0 0 
0 0 0 0 0 0 0 0 0 0 0 0 0 0 0 0 0 0 0 0 0 0 0 0 0 0 0 0 0 0 0 0 0 0 0 0 0 0 0 0 0 0 0 0 0 216 0 18 10189 12306 8035 0 0 0 0 0 0 18 20 0 0 0 0 0 0 0 0 0 0 0 2452 5273 168 0 3318 0 0 996 0 0 0 0 0 
5837 31 6459 590 29 0 6267 575 0 0 0 32 0 0 0 0 0 16 0 0 14 3 106 0 0 0 0 0 0 0 0 64 0 84 0 0 2 0 1 0 0 3063 1 0 4 38 18 0 6957 5373 8 0 725 0 0 0 0 0 0 0 0 0 0 0 0 0 0 0 1292 0 0 0 1815 0 7491 1114 11500 10186 2175 10 0 0 23 
32 0 2443 9 25 0 10774 43738 0 2882 10 18 489 2 0 0 0 0 0 4 0 0 0 0 0 0 0 0 0 0 0 0 0 0 110 5 3 3 0 0 0 0 0 13 41 3715 10189 6957 0 845 463 45 1344 7906 4249 0 0 0 0 0 4 0 0 0 0 0 0 0 0 0 11 23 4 0 3832 11674 4592 17906 1444 0 0 0 5507 
0 0 0 0 0 0 0 0 0 0 0 0 0 0 0 0 0 0 0 0 0 0 0 0 0 0 0 0 0 0 0 0 0 0 0 0 0 0 0 0 0 0 0 0 0 273 12306 5373 845 0 8650 0 0 0 0 0 96 0 0 0 0 0 0 0 0 0 0 0 0 0 227 126 0 0 66 0 0 15 0 0 0 0 0 
0 0 0 0 0 0 0 2 0 6749 0 0 0 27 0 822 0 19 0 0 0 0 0 0 0 0 0 0 0 0 0 0 0 0 0 681 0 0 0 0 0 0 0 0 0 0 8035 8 463 8650 0 242 0 0 706 0 3170 5651 23 0 0 0 0 0 0 0 0 0 0 0 2726 2784 1542 0 4692 18061 1850 20959 3512 0 0 0 10080 
0 0 0 0 0 0 0 0 0 4095 3 0 0 39 0 8 0 5 0 0 0 0 0 0 0 0 0 0 0 0 0 0 0 0 0 314 0 0 0 0 0 0 0 0 0 0 0 0 45 0 242 0 0 0 5868 0 278 0 0 0 0 0 0 0 0 0 0 0 0 0 0 0 0 0 0 0 0 0 0 0 0 0 0 
456 0 22 76 0 0 7 19 0 0 0 0 10 0 0 0 0 0 0 0 0 0 0 0 0 0 0 0 0 0 0 0 0 0 0 0 0 0 0 0 0 1592 0 273 974 0 0 725 1344 0 0 0 0 0 0 0 0 0 0 0 0 0 0 0 0 0 0 0 0 0 0 0 0 0 0 0 0 0 0 0 0 0 0 
0 0 0 0 0 0 376 3737 0 0 0 0 32 0 0 0 0 0 0 0 0 0 0 0 0 0 0 0 0 0 0 0 0 0 0 0 0 0 0 0 0 0 0 0 0 0 0 0 7906 0 0 0 0 0 75 0 0 0 0 0 1 0 0 0 0 0 0 0 0 0 0 0 0 0 0 0 0 0 0 0 0 0 0 
0 0 0 0 0 0 0 1026 0 541 3 0 0 0 0 94 0 249 0 0 0 0 0 0 0 0 0 0 0 0 0 0 0 0 0 2 0 0 0 0 0 0 0 0 0 0 0 0 4249 0 706 5868 0 75 0 15 831 0 11 0 2965 0 0 0 0 0 0 0 0 0 0 0 0 0 0 0 0 0 0 0 0 0 0 
0 0 0 0 0 0 0 0 0 0 0 0 0 0 0 0 0 77 0 794 0 1 0 0 0 0 0 0 0 0 0 0 0 0 0 0 0 0 0 0 0 0 0 0 0 0 0 0 0 0 0 0 0 0 15 0 0 0 11 0 6450 385 516 0 209 142 33 0 63 23 1 0 97 18 52 2 0 436 15 0 908 0 32 
0 0 0 0 0 0 0 0 0 0 0 0 0 0 0 160 0 359 0 0 0 0 0 0 0 0 0 0 0 0 0 0 0 0 0 444 0 0 0 0 0 0 0 0 0 0 0 0 0 96 3170 278 0 0 831 0 0 3105 776 168 16 0 0 0 0 0 0 0 0 0 1965 890 312 30 1088 1651 235 13079 23 0 0 0 981 
0 0 0 0 0 0 0 0 0 0 0 0 0 0 0 0 0 0 0 0 0 0 0 0 0 0 0 0 0 0 0 0 0 0 0 0 0 0 0 0 0 0 0 0 0 0 18 0 0 0 5651 0 0 0 0 0 3105 0 1555 1583 0 0 0 0 0 0 0 0 0 0 1898 1779 695 0 185 0 0 3 0 0 0 0 0 
0 0 0 0 0 0 0 0 0 0 0 0 0 0 101 55 0 8887 0 4025 4832 15 164 1 0 0 0 0 0 0 0 0 0 0 64 135 173 1 0 8 0 0 0 0 0 0 20 0 0 0 23 0 0 0 11 11 776 1555 0 17650 151 676 256 5439 4 113 0 0 0 910 10491 1621 8742 2837 2365 8496 1684 7926 280 0 0 0 2540 
0 0 0 0 0 0 0 0 0 0 0 0 0 0 0 0 0 0 0 0 0 0 0 0 0 0 0 0 0 0 0 0 0 0 0 0 0 0 0 0 0 0 0 0 0 0 0 0 0 0 0 0 0 0 0 0 168 1583 17650 0 0 0 0 727 0 1308 0 0 0 6146 7070 1083 101 0 4 0 0 0 0 0 0 0 0 
0 0 0 0 0 0 0 1 0 0 0 0 0 122 815 69 0 8532 0 3440 53 0 0 0 0 0 0 0 0 0 0 0 0 0 505 7 466 1 0 86 0 0 0 0 0 0 0 0 4 0 0 0 0 1 2965 6450 16 0 151 0 0 221 9 0 54 0 167 0 0 0 1841 26 2529 893 255 160 1 3340 502 0 114 0 908 
0 0 0 0 0 0 0 0 0 0 0 0 0 0 1678 0 0 238 0 749 1183 95 108 4 0 0 0 0 0 0 0 0 0 0 0 0 0 0 0 0 0 0 0 0 0 0 0 0 0 0 0 0 0 0 0 385 0 0 676 0 221 0 1439 24 7 0 0 0 0 0 0 0 0 0 0 0 0 0 0 0 0 0 0 
0 0 0 0 0 0 0 0 0 0 0 0 0 0 160 0 0 121 0 78 316 141 141 0 0 0 0 0 0 0 0 0 0 0 0 0 0 0 0 0 0 0 0 0 0 0 0 0 0 0 0 0 0 0 0 516 0 0 256 0 9 1439 0 424 1005 44 1 0 191 25 2 0 12 0 0 0 0 0 0 0 0 0 0 
0 0 0 0 0 0 0 0 0 0 0 0 0 0 166 0 0 2936 0 110 2333 208 1883 0 0 0 0 0 0 0 0 0 0 0 0 0 0 0 0 0 0 2 0 0 0 0 0 0 0 0 0 0 0 0 0 0 0 0 5439 727 0 24 424 0 29 480 0 0 0 4983 3788 0 4822 0 880 0 0 0 0 0 0 0 0 
0 0 0 0 0 0 0 0 0 0 0 0 0 0 0 0 0 1 0 0 2 11 2 1 0 0 0 0 0 0 0 0 0 0 0 0 0 0 0 0 0 0 0 0 0 0 0 0 0 0 0 0 0 0 0 209 0 0 4 0 54 7 1005 29 0 768 7 0 1004 543 4004 0 1344 0 0 2 0 1 0 0 0 0 0 
0 0 0 0 0 0 0 0 0 0 0 0 0 0 0 0 0 0 0 0 0 0 0 0 0 0 0 0 0 0 0 0 0 0 0 0 0 0 0 0 0 0 0 0 0 0 0 0 0 0 0 0 0 0 0 142 0 0 113 1308 0 0 44 480 768 0 14 30 280 3172 2960 0 166 0 0 0 0 14 0 0 143 172 0 
0 0 0 0 0 0 0 0 0 0 0 0 0 0 0 0 0 0 0 0 0 0 0 0 0 0 0 0 0 0 0 0 0 0 0 0 0 0 0 0 0 0 0 0 0 0 0 0 0 0 0 0 0 0 0 33 0 0 0 0 167 0 1 0 7 14 0 2 0 228 0 0 0 0 0 0 0 9 0 0 368 0 0 
0 0 0 0 0 0 0 0 0 0 0 0 0 0 0 0 0 0 0 0 0 0 0 0 0 0 0 0 0 0 0 0 0 0 0 0 0 0 0 0 0 0 0 0 0 0 0 0 0 0 0 0 0 0 0 0 0 0 0 0 0 0 0 0 0 30 2 0 0 0 0 0 0 0 0 0 0 0 0 0 12 29 0 
0 0 0 0 0 0 0 0 0 0 0 0 0 0 0 0 0 0 0 0 0 0 0 0 0 0 0 0 0 0 0 0 0 0 0 0 0 0 0 0 0 1 230 0 0 213 0 1292 0 0 0 0 0 0 0 63 0 0 0 0 0 0 191 0 1004 280 0 0 0 80 0 0 0 0 502 0 0 1626 0 0 460 615 0 
0 0 0 0 0 0 0 0 0 0 0 0 0 0 0 0 0 0 0 0 0 0 0 0 0 0 0 0 0 0 0 0 0 0 0 0 0 0 0 0 0 0 0 0 0 0 0 0 0 0 0 0 0 0 0 23 0 0 910 6146 0 0 25 4983 543 3172 228 0 80 0 651 0 0 0 0 0 0 21 0 0 952 12 0 
0 0 0 0 0 0 0 0 0 0 0 0 0 0 14 0 0 361 0 97 0 0 0 0 0 0 0 0 0 0 0 0 0 0 0 0 0 0 0 0 0 0 0 0 0 0 2452 0 11 227 2726 0 0 0 0 1 1965 1898 10491 7070 1841 0 2 3788 4004 2960 0 0 0 651 0 670 1482 0 502 0 0 463 0 0 0 0 0 
0 0 0 0 0 0 0 0 0 0 0 0 0 0 0 0 0 0 0 0 0 0 0 0 0 0 0 0 0 0 0 0 0 0 0 0 0 0 0 0 0 0 0 0 0 0 5273 0 23 126 2784 0 0 0 0 0 890 1779 1621 1083 26 0 0 0 0 0 0 0 0 0 670 0 1212 0 2543 0 0 528 0 0 0 0 0 
13 94 0 0 20 0 0 0 0 0 0 0 0 0 84 0 0 1261 0 47 3 0 10 0 0 0 0 0 1 5 0 307 0 97 0 0 7 0 0 1 0 6 0 0 0 158 168 1815 4 0 1542 0 0 0 0 97 312 695 8742 101 2529 0 12 4822 1344 166 0 0 0 0 1482 1212 0 5 581 0 0 1312 0 0 0 0 0 
0 0 0 0 0 0 0 0 0 0 0 0 0 0 1 0 0 1 0 3 0 0 0 0 0 0 0 0 0 0 0 0 0 0 0 0 0 0 0 0 0 0 0 0 0 0 0 0 0 0 0 0 0 0 0 18 30 0 2837 0 893 0 0 0 0 0 0 0 0 0 0 0 5 0 65 0 0 1 0 0 0 0 0 
2 413 0 0 1313 0 82 0 0 0 0 0 0 0 61 0 0 3375 4 270 195 12 949 0 0 0 0 0 1 0 0 390 0 734 0 0 1184 0 0 7 0 453 2025 0 4 11263 3318 7491 3832 66 4692 0 0 0 0 52 1088 185 2365 4 255 0 0 880 0 0 0 0 502 0 502 2543 581 65 0 55 0 143 0 0 0 0 27 
0 1 0 0 3 0 72 0 0 0 0 0 0 0 0 0 0 1 0 0 0 0 0 0 0 0 0 0 0 0 0 0 0 0 0 0 1 0 0 1 0 0 0 0 0 4 0 1114 11674 0 18061 0 0 0 0 2 1651 0 8496 0 160 0 0 0 2 0 0 0 0 0 0 0 0 0 55 0 736 1362 326 0 257 129 382 
0 0 1 0 0 0 175 3 0 0 0 0 0 0 0 0 0 0 0 0 0 0 0 0 0 0 0 0 0 0 0 0 0 0 3 0 0 0 0 0 0 144 0 0 5 2 0 11500 4592 0 1850 0 0 0 0 0 235 0 1684 0 1 0 0 0 0 0 0 0 0 0 0 0 0 0 0 736 0 734 106 0 0 0 21 
29 1752 0 0 2581 0 646 1 0 0 0 0 0 0 330 0 0 3674 0 4445 0 0 5 0 0 0 0 0 35 138 0 260 0 148 12 11 2675 159 0 917 0 83 3 0 7 234 996 10186 17906 15 20959 0 0 0 0 436 13079 3 7926 0 3340 0 0 0 1 14 9 0 1626 21 463 528 1312 1 143 1362 734 0 0 1 250 0 1632 
0 0 0 0 0 0 13 0 0 0 0 0 0 0 0 0 0 298 0 201 0 0 0 0 0 0 0 0 0 0 0 0 0 0 6 1 142 4 0 106 0 0 0 0 0 3 0 2175 1444 0 3512 0 0 0 0 15 23 0 280 0 502 0 0 0 0 0 0 0 0 0 0 0 0 0 0 326 106 0 0 0 0 0 5130 
0 0 0 0 0 0 0 0 0 0 0 0 0 0 0 0 0 0 0 0 0 0 0 0 0 0 0 0 0 0 0 0 0 0 0 0 0 0 0 0 0 2 0 0 0 0 0 10 0 0 0 0 0 0 0 0 0 0 0 0 0 0 0 0 0 0 0 0 0 0 0 0 0 0 0 0 0 1 0 0 0 0 0 
0 0 0 0 0 0 0 0 0 0 0 0 0 0 0 0 0 1 0 22 0 0 0 0 0 0 0 0 0 0 0 0 0 0 0 0 5 0 0 0 0 0 0 0 0 0 0 0 0 0 0 0 0 0 0 908 0 0 0 0 114 0 0 0 0 143 368 12 460 952 0 0 0 0 0 257 0 250 0 0 0 18 14 
0 0 0 0 0 0 0 0 0 0 0 0 0 0 0 0 0 0 0 0 0 0 0 0 0 0 0 0 0 0 0 0 0 0 0 0 0 0 0 0 0 0 0 0 0 0 0 0 0 0 0 0 0 0 0 0 0 0 0 0 0 0 0 0 0 172 0 29 615 12 0 0 0 0 0 129 0 0 0 0 18 0 0 
0 4 0 0 123 0 167 3263 87 9899 0 0 0 0 0 9432 0 4662 25 74 0 0 0 0 0 0 0 0 0 0 0 0 0 0 266 247 769 4718 0 30 51 0 0 0 0 0 0 23 5507 0 10080 0 0 0 0 32 981 0 2540 0 908 0 0 0 0 0 0 0 0 0 0 0 0 0 27 382 21 1632 5130 0 14 0 0 
