0 22 0 237 135 0 2 0 0 0 0 25 0 0 0 0 0 28 1 52 25 71 16 7 0 0 0 44 95 18 0 7 0 776 159 1398 3649 32 459 0 0 1717 0 1205 548 0 0 2790 0 0 0 0 0 0 0 0 0 0 0 0 22 0 0 0 0 0 0 0 0 0 0 0 1 0 0 7 0 1 0 0 0 0 4 
22 0 0 0 2 0 1 0 0 2 0 0 0 0 0 0 0 0 0 0 0 0 0 0 0 0 0 0 0 0 0 0 0 1264 582 789 4067 174 0 0 0 0 0 0 0 0 0 0 0 0 0 0 0 0 0 0 0 0 0 0 0 0 0 0 0 0 0 0 0 0 0 0 0 0 0 0 0 0 0 0 0 0 27 
0 0 0 936 0 0 0 0 0 0 0 1133 0 0 0 0 0 0 0 0 0 0 0 0 0 0 0 0 0 0 0 0 0 0 0 48 2 0 3 0 0 1073 0 398 236 0 0 976 93 0 0 0 0 0 0 0 0 0 0 0 0 0 0 0 0 0 0 0 0 0 0 0 0 0 0 0 0 0 0 0 0 0 0 
237 0 936 0 0 0 4 91 0 0 0 285 9 0 0 0 0 0 0 0 0 0 0 0 0 0 0 12 53 0 0 0 0 13 0 0 0 0 0 0 0 579 0 68 149 0 0 103 0 0 0 0 0 0 0 0 0 0 0 0 0 0 0 0 0 0 0 0 0 0 0 0 0 0 0 0 0 0 0 0 0 0 0 
135 2 0 0 0 117 53 200 125 723 0 0 0 0 0 6 0 0 0 0 0 0 0 0 0 0 0 0 0 0 0 0 0 3588 2481 1778 4787 56 0 0 0 0 0 0 0 0 0 0 5 0 0 0 0 0 0 0 0 0 0 0 0 0 0 0 0 0 0 0 0 0 0 0 0 0 0 0 0 0 0 0 0 0 1 
0 0 0 0 117 0 5 1316 880 1463 0 0 0 0 0 4 0 0 0 0 0 0 0 0 0 0 0 0 0 0 0 0 0 318 0 0 110 0 0 0 0 0 0 0 0 0 0 0 0 0 0 0 0 0 0 0 0 0 0 0 0 0 0 0 0 0 0 0 0 0 0 0 0 0 0 0 0 0 0 0 0 0 0 
2 1 0 4 53 5 0 2778 787 197 0 1464 377 0 0 0 0 10 0 23 7 14 6 1 0 0 0 18 17 4 0 0 0 569 3388 14444 1946 65 4 0 0 84 0 720 90 0 0 18158 11278 0 0 0 418 32 0 0 0 0 0 0 0 0 0 0 0 0 0 0 0 0 0 0 0 0 0 87 46 310 0 0 0 0 37 
0 0 0 91 200 1316 2778 0 393 2396 27 4058 16283 9204 103 40 0 0 0 18 0 0 0 0 0 0 0 0 0 0 0 0 0 878 12482 2909 2650 0 0 0 0 0 0 0 0 0 0 598 18116 0 906 49 88 786 6 0 0 0 0 0 0 0 0 0 0 0 0 0 0 0 0 0 0 0 0 0 0 0 0 0 0 0 0 
0 0 0 0 125 880 787 393 0 2102 0 0 0 0 0 1 0 0 0 0 0 0 0 0 0 0 0 0 0 0 0 0 0 538 416 10 382 0 0 0 0 0 0 0 0 0 0 0 0 0 0 0 0 0 0 0 0 0 0 0 0 0 0 0 0 0 0 0 0 0 0 0 0 0 0 0 0 0 0 0 0 0 0 
0 2 0 0 723 1463 197 2396 2102 0 41 0 0 6679 12 895 217 63 1475 9 0 0 0 0 0 0 0 0 0 52 9 0 0 7310 18033 2428 9923 0 0 0 0 0 0 0 0 0 0 0 114 0 7601 2149 0 0 1362 0 550 0 432 0 41 0 0 0 0 0 0 0 0 0 0 0 0 0 0 647 0 0 0 0 0 0 4058 
0 0 0 0 0 0 0 27 0 41 0 0 0 4315 39 930 0 662 0 10 0 0 0 0 0 0 0 0 0 0 0 78 1 16 384 0 21 0 0 0 0 0 0 0 0 0 0 0 0 0 344 25 0 0 227 17 0 0 1 0 142 0 0 0 0 0 0 0 0 0 0 0 0 0 0 4 0 0 0 0 0 0 69 
25 0 1133 285 0 0 1464 4058 0 0 0 0 0 0 0 0 0 0 0 0 0 0 0 0 0 0 0 0 0 0 0 0 0 0 0 0 0 0 0 0 0 128 0 29 92 0 0 60 16 0 0 0 0 0 0 0 0 0 0 0 0 0 0 0 0 0 0 0 0 0 0 0 0 0 0 0 0 0 0 0 0 0 0 
0 0 0 9 0 0 377 16283 0 0 0 0 0 44 0 0 0 0 0 0 0 0 0 0 0 0 0 0 0 0 0 0 0 0 0 0 0 0 0 0 0 0 0 0 0 0 0 0 711 0 0 0 0 2 0 0 0 0 0 0 0 0 0 0 0 0 0 0 0 0 0 0 0 0 0 0 0 0 0 0 0 0 0 
0 0 0 0 0 0 0 9204 0 6679 4315 0 44 0 299 1765 0 1175 0 989 0 0 0 0 0 0 0 0 0 0 0 0 0 0 0 0 0 0 0 0 0 0 0 0 0 0 0 0 23 0 22 16 0 0 14 0 0 0 0 0 0 0 0 0 0 0 0 0 0 0 0 0 0 0 0 0 0 0 0 0 0 0 0 
0 0 0 0 0 0 0 103 0 12 39 0 0 299 0 0 0 2972 0 9862 0 0 0 0 0 0 0 0 0 0 0 0 0 1 0 0 1 0 0 0 0 0 0 0 0 0 0 0 0 0 0 0 0 0 0 0 0 0 2432 15 460 315 0 1 9 0 0 0 0 0 0 0 0 0 0 0 0 0 0 0 2 0 0 
0 0 0 0 6 4 0 40 1 895 930 0 0 1765 0 0 4135 662 1540 0 0 0 0 0 0 0 0 0 1 2623 159 0 0 5356 4272 511 4395 0 0 0 0 0 0 0 0 0 0 0 0 0 0 0 0 0 545 0 0 0 21 0 105 0 0 0 0 0 0 0 0 0 0 0 0 0 0 30 0 0 0 0 0 0 1241 
0 0 0 0 0 0 0 0 0 217 0 0 0 0 0 4135 0 1527 4436 28 0 0 0 0 0 0 0 0 2 3912 418 779 63 368 0 0 34 0 0 0 0 0 0 0 0 0 0 0 0 0 0 0 0 0 0 0 0 0 0 0 0 0 0 0 0 0 0 0 0 0 0 0 0 0 0 0 0 0 0 0 0 0 0 
28 0 0 0 0 0 10 0 0 63 662 0 0 1175 2972 662 1527 0 2166 764 125 0 2576 1 291 0 0 0 6385 8685 185 5648 21 1447 1714 11 1000 4 0 301 0 0 0 0 0 0 0 0 0 0 0 0 0 0 299 35 0 0 3275 2370 6625 0 1 143 1 0 0 0 0 0 56 0 860 0 1 71 0 1244 5 0 0 0 253 
1 0 0 0 0 0 0 0 0 1475 0 0 0 0 0 1540 4436 2166 0 11 10 0 360 0 1 0 0 0 3610 5590 255 491 0 1180 2 0 19 0 0 0 0 0 0 0 0 0 0 0 0 0 0 0 0 0 0 0 0 0 6 21 1 0 0 0 0 0 0 0 0 0 0 0 0 0 0 1 0 6 0 0 0 0 0 
52 0 0 0 0 0 23 18 0 9 10 0 0 989 9862 0 28 764 11 0 52 2 164 0 18 0 0 0 1652 1294 0 2693 6 290 1667 21 580 0 0 65 0 0 0 0 0 0 0 0 0 0 0 6 0 0 30 149 0 0 300 9 3984 0 0 0 0 0 0 0 0 0 0 0 10 0 2 39 0 1 0 0 0 0 326 
25 0 0 0 0 0 7 0 0 0 0 0 0 0 0 0 0 125 10 52 0 312 313 41 114 0 0 0 8461 538 0 1735 0 66 328 18 5 0 0 50 0 0 0 0 0 0 0 0 0 0 0 0 0 0 0 0 0 0 0 0 50 0 0 0 0 0 0 0 0 0 0 0 5 0 1 52 0 2 0 0 0 0 34 
71 0 0 0 0 0 14 0 0 0 0 0 0 0 0 0 0 0 0 2 312 0 38 112 238 0 0 0 1788 123 0 304 0 101 101 0 20 0 0 10 0 0 0 0 0 0 0 0 0 0 0 0 0 0 0 0 0 0 0 0 0 0 0 0 0 0 0 0 0 0 0 0 0 0 0 0 0 0 0 0 0 0 0 
16 0 0 0 0 0 6 0 0 0 0 0 0 0 0 0 0 2576 360 164 313 38 0 88 755 0 0 0 7804 63 0 455 0 58 105 6 5 0 0 97 0 0 0 0 0 0 0 0 0 0 0 0 0 0 0 0 0 0 0 0 28 0 0 0 0 0 0 0 0 0 0 0 0 0 1 49 0 3 0 0 1 1 21 
7 0 0 0 0 0 1 0 0 0 0 0 0 0 0 0 0 1 0 0 41 112 88 0 796 24 0 0 1656 0 0 8 0 31 87 0 13 0 0 157 0 0 0 0 0 0 0 0 0 0 0 0 0 0 0 0 0 0 0 0 0 0 0 0 0 0 0 0 0 0 0 0 0 0 0 0 0 0 0 0 0 0 0 
0 0 0 0 0 0 0 0 0 0 0 0 0 0 0 0 0 291 1 18 114 238 755 796 0 34 31 1 798 0 0 0 0 0 8 0 311 0 0 199 0 0 0 0 0 0 0 0 0 0 0 0 0 0 0 0 0 0 0 0 0 0 0 0 0 0 0 0 0 0 0 0 0 0 0 0 0 0 0 0 0 0 0 
0 0 0 0 0 0 0 0 0 0 0 0 0 0 0 0 0 0 0 0 0 0 0 24 34 0 2 0 21 0 0 0 0 0 0 0 0 0 0 45 0 0 0 0 0 0 0 0 0 0 0 0 0 0 0 0 0 0 0 0 0 0 0 0 0 0 0 0 0 0 0 0 0 0 0 0 0 0 0 0 0 0 0 
0 0 0 0 0 0 0 0 0 0 0 0 0 0 0 0 0 0 0 0 0 0 0 0 31 2 0 105 408 0 0 0 0 51 0 0 37 0 0 8 52 0 0 0 0 0 0 0 0 0 0 0 0 0 0 0 0 0 0 0 0 0 0 0 0 0 0 0 0 0 0 0 0 0 0 0 0 0 0 0 0 0 0 
44 0 0 12 0 0 18 0 0 0 0 0 0 0 0 0 0 0 0 0 0 0 0 0 1 0 105 0 0 0 0 0 0 1759 0 0 46 0 2 3 5 0 0 0 0 0 0 0 0 0 0 0 0 0 0 0 0 0 0 0 0 0 0 0 0 0 0 0 0 0 0 0 0 0 0 0 0 0 0 0 0 0 0 
95 0 0 53 0 0 17 0 0 0 0 0 0 0 0 1 2 6385 3610 1652 8461 1788 7804 1656 798 21 408 0 0 326 1 1484 0 985 236 6 585 13 1 492 7 0 0 0 0 0 0 0 0 0 0 0 0 0 0 0 0 0 0 0 6 2 0 0 0 0 0 0 0 0 0 0 0 0 0 13 0 7 0 0 0 0 9 
18 0 0 0 0 0 4 0 0 52 0 0 0 0 0 2623 3912 8685 5590 1294 538 123 63 0 0 0 0 0 326 0 4348 1111 787 360 61 4 62 0 0 0 0 0 0 0 0 0 0 0 0 0 0 0 0 0 0 0 0 0 0 0 23 0 0 0 0 0 0 0 0 0 0 0 8 0 1 6 0 9 0 0 0 0 2 
0 0 0 0 0 0 0 0 0 9 0 0 0 0 0 159 418 185 255 0 0 0 0 0 0 0 0 0 1 4348 0 738 0 12 0 0 0 0 0 0 0 0 0 0 0 0 0 0 0 0 0 0 0 0 0 0 0 0 0 0 0 0 0 0 0 0 0 0 0 0 0 0 0 0 0 0 0 0 0 0 0 0 0 
7 0 0 0 0 0 0 0 0 0 78 0 0 0 0 0 779 5648 491 2693 1735 304 455 8 0 0 0 0 1484 1111 738 0 3369 266 127 5 0 0 0 0 0 0 0 0 0 0 0 0 0 0 0 0 0 0 0 0 0 0 8 0 201 0 0 0 0 0 0 0 0 0 0 0 16 0 8 31 0 119 0 0 0 0 27 
0 0 0 0 0 0 0 0 0 0 1 0 0 0 0 0 63 21 0 6 0 0 0 0 0 0 0 0 0 787 0 3369 0 0 0 0 0 0 0 0 0 0 0 0 0 0 0 0 0 0 0 0 0 0 0 0 0 0 0 0 0 0 0 0 0 0 0 0 0 0 0 0 0 0 0 0 0 0 0 0 0 0 0 
776 1264 0 13 3588 318 569 878 538 7310 16 0 0 0 1 5356 368 1447 1180 290 66 101 58 31 0 0 51 1759 985 360 12 266 0 0 183 6 231 0 3 0 0 0 0 0 0 0 0 0 1 0 0 0 0 0 0 7 0 0 4 0 1157 0 0 0 0 0 0 0 0 0 0 0 108 0 40 59 0 457 0 0 0 0 156 
159 582 0 0 2481 0 3388 12482 416 18033 384 0 0 0 0 4272 0 1714 2 1667 328 101 105 87 8 0 0 0 236 61 0 127 0 183 0 95 353 6 0 149 524 0 0 0 0 0 0 0 0 0 265 14 0 0 42 0 24 0 8 0 592 0 0 0 0 0 0 0 0 0 0 0 0 0 84 163 0 31 0 0 0 0 135 
1398 789 48 0 1778 0 14444 2909 10 2428 0 0 0 0 0 511 0 11 0 21 18 0 6 0 0 0 0 0 6 4 0 5 0 6 95 0 35 0 0 0 0 68 0 13 0 0 0 241 1273 0 0 2 0 5 27 0 5 0 29 0 75 0 0 0 0 0 0 0 0 0 0 0 0 0 0 57 0 0 0 0 0 0 15 
3649 4067 2 0 4787 110 1946 2650 382 9923 21 0 0 0 1 4395 34 1000 19 580 5 20 5 13 311 0 37 46 585 62 0 0 0 231 353 35 0 0 0 1 0 0 0 0 0 0 0 0 0 0 0 0 0 0 0 3 0 0 0 0 460 0 0 0 0 0 0 0 0 0 0 0 0 0 10 64 0 1 0 0 0 0 3015 
32 174 0 0 56 0 65 0 0 0 0 0 0 0 0 0 0 4 0 0 0 0 0 0 0 0 0 0 13 0 0 0 0 0 6 0 0 0 0 0 0 0 0 0 0 0 0 0 0 0 0 0 0 0 0 0 0 0 0 0 9 0 0 0 0 0 0 0 0 0 0 0 0 0 0 0 0 0 0 0 0 0 6360 
459 0 3 0 0 0 4 0 0 0 0 0 0 0 0 0 0 0 0 0 0 0 0 0 0 0 0 2 1 0 0 0 0 3 0 0 0 0 0 0 0 50 0 1 0 0 0 9 0 0 0 0 0 0 0 0 0 0 0 0 0 0 0 0 0 0 0 0 0 0 0 0 0 0 0 0 0 0 0 0 0 0 0 
0 0 0 0 0 0 0 0 0 0 0 0 0 0 0 0 0 301 0 65 50 10 97 157 199 45 8 3 492 0 0 0 0 0 149 0 1 0 0 0 16 0 0 0 0 0 0 0 0 0 0 0 0 0 0 0 0 0 0 0 50 0 0 0 0 0 0 0 0 0 0 0 0 0 6 14 0 4 0 0 0 0 22 
0 0 0 0 0 0 0 0 0 0 0 0 0 0 0 0 0 0 0 0 0 0 0 0 0 0 52 5 7 0 0 0 0 0 524 0 0 0 0 16 0 0 0 0 0 0 0 0 0 0 0 0 0 0 0 0 0 0 0 0 0 0 0 0 0 0 0 0 0 0 0 0 0 0 0 0 0 0 0 0 0 0 5 
1717 0 1073 579 0 0 84 0 0 0 0 128 0 0 0 0 0 0 0 0 0 0 0 0 0 0 0 0 0 0 0 0 0 0 0 68 0 0 50 0 0 0 241 0 244 336 0 0 0 0 0 0 526 0 0 0 0 0 183 0 10 10 224 966 33 0 0 0 0 0 0 0 103 0 1012 0 1199 3752 0 602 0 0 0 
0 0 0 0 0 0 0 0 0 0 0 0 0 0 0 0 0 0 0 0 0 0 0 0 0 0 0 0 0 0 0 0 0 0 0 0 0 0 0 0 0 241 0 0 0 19 0 2 0 0 0 0 0 0 0 0 0 0 1 0 0 0 0 1 0 0 0 0 0 0 0 0 6 0 72 238 1273 6586 183 0 0 0 0 
1205 0 398 68 0 0 720 0 0 0 0 29 0 0 0 0 0 0 0 0 0 0 0 0 0 0 0 0 0 0 0 0 0 0 0 13 0 0 1 0 0 0 0 0 49 0 0 0 0 0 0 0 94 0 0 0 0 0 0 0 0 0 0 0 0 0 0 0 0 0 0 0 0 0 0 0 131 0 0 10 0 0 0 
548 0 236 149 0 0 90 0 0 0 0 92 0 0 0 0 0 0 0 0 0 0 0 0 0 0 0 0 0 0 0 0 0 0 0 0 0 0 0 0 0 244 0 49 0 0 0 2 5 0 10 0 309 90 0 0 0 0 0 0 0 0 0 0 0 0 0 0 0 0 0 0 0 0 10 0 2 18 123 6 0 0 0 
0 0 0 0 0 0 0 0 0 0 0 0 0 0 0 0 0 0 0 0 0 0 0 0 0 0 0 0 0 0 0 0 0 0 0 0 0 0 0 0 0 336 19 0 0 0 497 1 0 0 0 0 0 0 0 0 0 0 0 0 0 0 0 0 0 0 0 0 0 0 0 0 0 0 213 534 226 3152 126 0 0 0 0 
0 0 0 0 0 0 0 0 0 0 0 0 0 0 0 0 0 0 0 0 0 0 0 0 0 0 0 0 0 0 0 0 0 0 0 0 0 0 0 0 0 0 0 0 0 497 0 30 224 4112 1578 0 0 0 0 0 51 5 48 566 0 0 0 0 0 0 0 0 0 98 0 0 0 0 1617 11 28 892 0 0 0 0 0 
2790 0 976 103 0 0 18158 598 0 0 0 60 0 0 0 0 0 0 0 0 0 0 0 0 0 0 0 0 0 0 0 0 0 0 0 241 0 0 9 0 0 0 2 0 2 1 30 0 1054 2170 0 0 477 771 0 0 0 0 0 0 0 0 0 0 0 0 0 0 0 0 0 0 0 0 263 305 14351 3209 154 33 0 0 3 
0 0 93 0 5 0 11278 18116 0 114 0 16 711 23 0 0 0 0 0 0 0 0 0 0 0 0 0 0 0 0 0 0 0 1 0 1273 0 0 0 0 0 0 0 0 5 0 224 1054 0 30 10 158 3275 13102 227 0 0 0 0 0 0 0 0 0 0 0 0 0 0 0 0 0 0 0 1368 10106 5039 10559 257 0 0 0 668 
0 0 0 0 0 0 0 0 0 0 0 0 0 0 0 0 0 0 0 0 0 0 0 0 0 0 0 0 0 0 0 0 0 0 0 0 0 0 0 0 0 0 0 0 0 0 4112 2170 30 0 1713 0 0 0 0 0 0 0 0 0 0 0 0 0 0 0 0 0 0 0 0 0 0 0 3870 11 3 3573 0 0 0 0 0 
0 0 0 0 0 0 0 906 0 7601 344 0 0 22 0 0 0 0 0 0 0 0 0 0 0 0 0 0 0 0 0 0 0 0 265 0 0 0 0 0 0 0 0 0 10 0 1578 0 10 1713 0 164 0 0 355 0 647 295 150 2783 0 0 0 0 0 0 0 0 0 2082 179 149 85 0 2445 18565 2153 16680 34 0 0 0 1989 
0 0 0 0 0 0 0 49 0 2149 25 0 0 16 0 0 0 0 0 6 0 0 0 0 0 0 0 0 0 0 0 0 0 0 14 2 0 0 0 0 0 0 0 0 0 0 0 0 158 0 164 0 0 0 1196 0 989 0 45 0 7 0 0 0 0 0 0 0 0 0 0 0 0 0 0 0 0 0 0 0 0 0 0 
0 0 0 0 0 0 418 88 0 0 0 0 0 0 0 0 0 0 0 0 0 0 0 0 0 0 0 0 0 0 0 0 0 0 0 0 0 0 0 0 0 526 0 94 309 0 0 477 3275 0 0 0 0 458 0 0 0 0 0 0 0 0 0 0 0 0 0 0 0 0 0 0 0 0 0 0 0 0 0 0 0 0 0 
0 0 0 0 0 0 32 786 0 0 0 0 2 0 0 0 0 0 0 0 0 0 0 0 0 0 0 0 0 0 0 0 0 0 0 5 0 0 0 0 0 0 0 0 90 0 0 771 13102 0 0 0 458 0 5 0 0 0 0 0 0 0 0 0 0 0 0 0 0 0 0 0 0 0 0 0 0 0 0 0 0 0 0 
0 0 0 0 0 0 0 6 0 1362 227 0 0 14 0 545 0 299 0 30 0 0 0 0 0 0 0 0 0 0 0 0 0 0 42 27 0 0 0 0 0 0 0 0 0 0 0 0 227 0 355 1196 0 5 0 651 645 0 195 0 2574 0 0 0 0 0 0 0 0 0 0 0 0 0 0 0 0 0 0 0 0 0 0 
0 0 0 0 0 0 0 0 0 0 17 0 0 0 0 0 0 35 0 149 0 0 0 0 0 0 0 0 0 0 0 0 0 7 0 0 3 0 0 0 0 0 0 0 0 0 0 0 0 0 0 0 0 0 651 0 0 0 766 0 4199 139 9 26 45 0 34 0 0 0 0 0 0 0 0 0 0 0 0 0 0 0 0 
0 0 0 0 0 0 0 0 0 550 0 0 0 0 0 0 0 0 0 0 0 0 0 0 0 0 0 0 0 0 0 0 0 0 24 5 0 0 0 0 0 0 0 0 0 0 51 0 0 0 647 989 0 0 645 0 0 2250 214 819 22 0 0 0 0 0 0 0 0 567 79 273 0 0 5941 2645 232 4690 0 0 0 0 20 
0 0 0 0 0 0 0 0 0 0 0 0 0 0 0 0 0 0 0 0 0 0 0 0 0 0 0 0 0 0 0 0 0 0 0 0 0 0 0 0 0 0 0 0 0 0 5 0 0 0 295 0 0 0 0 0 2250 0 405 1721 0 0 0 0 0 0 0 0 0 1706 1816 4203 14 0 126 0 0 0 0 0 0 0 0 
0 0 0 0 0 0 0 0 0 432 1 0 0 0 2432 21 0 3275 6 300 0 0 0 0 0 0 0 0 0 0 0 8 0 4 8 29 0 0 0 0 0 183 1 0 0 0 48 0 0 0 150 45 0 0 195 766 214 405 0 4111 861 112 150 483 25 1070 0 0 1119 4083 3768 393 4573 556 1407 2422 160 3710 2 0 22 0 283 
0 0 0 0 0 0 0 0 0 0 0 0 0 0 15 0 0 2370 21 9 0 0 0 0 0 0 0 0 0 0 0 0 0 0 0 0 0 0 0 0 0 0 0 0 0 0 566 0 0 0 2783 0 0 0 0 0 819 1721 4111 0 0 2 1 1390 0 1377 0 0 15 4122 2533 117 1522 0 899 0 0 418 0 0 5 0 0 
22 0 0 0 0 0 0 0 0 41 142 0 0 0 460 105 0 6625 1 3984 50 0 28 0 0 0 0 0 6 23 0 201 0 1157 592 75 460 9 0 50 0 10 0 0 0 0 0 0 0 0 0 7 0 0 2574 4199 22 0 861 0 0 204 240 51 26 0 0 0 0 0 389 1 2809 284 856 1686 4 2969 0 0 1 0 1672 
0 0 0 0 0 0 0 0 0 0 0 0 0 0 315 0 0 0 0 0 0 0 0 0 0 0 0 0 2 0 0 0 0 0 0 0 0 0 0 0 0 10 0 0 0 0 0 0 0 0 0 0 0 0 0 139 0 0 112 2 204 0 928 20 164 0 0 0 0 2 0 0 2 0 7 0 0 17 0 0 0 0 0 
0 0 0 0 0 0 0 0 0 0 0 0 0 0 0 0 0 1 0 0 0 0 0 0 0 0 0 0 0 0 0 0 0 0 0 0 0 0 0 0 0 224 0 0 0 0 0 0 0 0 0 0 0 0 0 9 0 0 150 1 240 928 0 90 196 106 0 0 555 0 0 0 1 0 652 2 0 20 0 0 25 0 0 
0 0 0 0 0 0 0 0 0 0 0 0 0 0 1 0 0 143 0 0 0 0 0 0 0 0 0 0 0 0 0 0 0 0 0 0 0 0 0 0 0 966 1 0 0 0 0 0 0 0 0 0 0 0 0 26 0 0 483 1390 51 20 90 0 25 9536 27 0 2613 705 57 0 310 0 4064 396 0 920 0 0 88 0 0 
0 0 0 0 0 0 0 0 0 0 0 0 0 0 9 0 0 1 0 0 0 0 0 0 0 0 0 0 0 0 0 0 0 0 0 0 0 0 0 0 0 33 0 0 0 0 0 0 0 0 0 0 0 0 0 45 0 0 25 0 26 164 196 25 0 2963 0 0 1720 0 0 0 0 0 105 1 0 8 0 0 9 0 0 
0 0 0 0 0 0 0 0 0 0 0 0 0 0 0 0 0 0 0 0 0 0 0 0 0 0 0 0 0 0 0 0 0 0 0 0 0 0 0 0 0 0 0 0 0 0 0 0 0 0 0 0 0 0 0 0 0 0 1070 1377 0 0 106 9536 2963 0 65 0 29 401 39 0 1017 0 44 40 0 273 0 0 45 0 0 
0 0 0 0 0 0 0 0 0 0 0 0 0 0 0 0 0 0 0 0 0 0 0 0 0 0 0 0 0 0 0 0 0 0 0 0 0 0 0 0 0 0 0 0 0 0 0 0 0 0 0 0 0 0 0 34 0 0 0 0 0 0 0 27 0 65 0 1 0 0 0 0 0 0 0 0 0 0 0 0 33 0 0 
0 0 0 0 0 0 0 0 0 0 0 0 0 0 0 0 0 0 0 0 0 0 0 0 0 0 0 0 0 0 0 0 0 0 0 0 0 0 0 0 0 0 0 0 0 0 0 0 0 0 0 0 0 0 0 0 0 0 0 0 0 0 0 0 0 0 1 0 0 0 0 0 0 0 0 0 0 0 0 0 0 0 0 
0 0 0 0 0 0 0 0 0 0 0 0 0 0 0 0 0 0 0 0 0 0 0 0 0 0 0 0 0 0 0 0 0 0 0 0 0 0 0 0 0 0 0 0 0 0 0 0 0 0 0 0 0 0 0 0 0 0 1119 15 0 0 555 2613 1720 29 0 0 0 0 0 0 18 0 260 35 0 591 0 0 49 0 0 
0 0 0 0 0 0 0 0 0 0 0 0 0 0 0 0 0 0 0 0 0 0 0 0 0 0 0 0 0 0 0 0 0 0 0 0 0 0 0 0 0 0 0 0 0 0 98 0 0 0 2082 0 0 0 0 0 567 1706 4083 4122 0 2 0 705 0 401 0 0 0 0 244 448 770 0 200 0 0 11 0 0 0 0 0 
0 0 0 0 0 0 0 0 0 0 0 0 0 0 0 0 0 56 0 0 0 0 0 0 0 0 0 0 0 0 0 0 0 0 0 0 0 0 0 0 0 0 0 0 0 0 0 0 0 0 179 0 0 0 0 0 79 1816 3768 2533 389 0 0 57 0 39 0 0 0 244 0 224 187 214 37 0 0 0 0 0 0 0 0 
0 0 0 0 0 0 0 0 0 0 0 0 0 0 0 0 0 0 0 0 0 0 0 0 0 0 0 0 0 0 0 0 0 0 0 0 0 0 0 0 0 0 0 0 0 0 0 0 0 0 149 0 0 0 0 0 273 4203 393 117 1 0 0 0 0 0 0 0 0 448 224 0 215 0 13 0 0 0 0 0 0 0 0 
1 0 0 0 0 0 0 0 0 0 0 0 0 0 0 0 0 860 0 10 5 0 0 0 0 0 0 0 0 8 0 16 0 108 0 0 0 0 0 0 0 103 6 0 0 0 0 0 0 0 85 0 0 0 0 0 0 14 4573 1522 2809 2 1 310 0 1017 0 0 18 770 187 215 0 422 170 0 0 1 0 0 0 0 0 
0 0 0 0 0 0 0 0 0 0 0 0 0 0 0 0 0 0 0 0 0 0 0 0 0 0 0 0 0 0 0 0 0 0 0 0 0 0 0 0 0 0 0 0 0 0 0 0 0 0 0 0 0 0 0 0 0 0 556 0 284 0 0 0 0 0 0 0 0 0 214 0 422 0 2 0 0 0 0 0 0 0 0 
0 0 0 0 0 0 0 0 0 0 0 0 0 0 0 0 0 1 0 2 1 0 1 0 0 0 0 0 0 1 0 8 0 40 84 0 10 0 0 6 0 1012 72 0 10 213 1617 263 1368 3870 2445 0 0 0 0 0 5941 126 1407 899 856 7 652 4064 105 44 0 0 260 200 37 13 170 2 0 1 0 18 0 2 0 0 70 
7 0 0 0 0 0 87 0 0 647 4 0 0 0 0 30 0 71 1 39 52 0 49 0 0 0 0 0 13 6 0 31 0 59 163 57 64 0 0 14 0 0 238 0 0 534 11 305 10106 11 18565 0 0 0 0 0 2645 0 2422 0 1686 0 2 396 1 40 0 0 35 0 0 0 0 0 1 0 89 188 174 0 86 35 252 
0 0 0 0 0 0 46 0 0 0 0 0 0 0 0 0 0 0 0 0 0 0 0 0 0 0 0 0 0 0 0 0 0 0 0 0 0 0 0 0 0 1199 1273 131 2 226 28 14351 5039 3 2153 0 0 0 0 0 232 0 160 0 4 0 0 0 0 0 0 0 0 0 0 0 0 0 0 89 0 2 11 0 0 0 29 
1 0 0 0 0 0 310 0 0 0 0 0 0 0 0 0 0 1244 6 1 2 0 3 0 0 0 0 0 7 9 0 119 0 457 31 0 1 0 0 4 0 3752 6586 0 18 3152 892 3209 10559 3573 16680 0 0 0 0 0 4690 0 3710 418 2969 17 20 920 8 273 0 0 591 11 0 0 1 0 18 188 2 0 0 0 14 0 2819 
0 0 0 0 0 0 0 0 0 0 0 0 0 0 0 0 0 5 0 0 0 0 0 0 0 0 0 0 0 0 0 0 0 0 0 0 0 0 0 0 0 0 183 0 123 126 0 154 257 0 34 0 0 0 0 0 0 0 2 0 0 0 0 0 0 0 0 0 0 0 0 0 0 0 0 174 11 0 0 0 0 0 7320 
0 0 0 0 0 0 0 0 0 0 0 0 0 0 0 0 0 0 0 0 0 0 0 0 0 0 0 0 0 0 0 0 0 0 0 0 0 0 0 0 0 602 0 10 6 0 0 33 0 0 0 0 0 0 0 0 0 0 0 0 0 0 0 0 0 0 0 0 0 0 0 0 0 0 2 0 0 0 0 0 0 0 0 
0 0 0 0 0 0 0 0 0 0 0 0 0 0 2 0 0 0 0 0 0 0 1 0 0 0 0 0 0 0 0 0 0 0 0 0 0 0 0 0 0 0 0 0 0 0 0 0 0 0 0 0 0 0 0 0 0 0 22 5 1 0 25 88 9 45 33 0 49 0 0 0 0 0 0 86 0 14 0 0 0 3 7 
0 0 0 0 0 0 0 0 0 0 0 0 0 0 0 0 0 0 0 0 0 0 1 0 0 0 0 0 0 0 0 0 0 0 0 0 0 0 0 0 0 0 0 0 0 0 0 0 0 0 0 0 0 0 0 0 0 0 0 0 0 0 0 0 0 0 0 0 0 0 0 0 0 0 0 35 0 0 0 0 3 0 0 
4 27 0 0 1 0 37 0 0 4058 69 0 0 0 0 1241 0 253 0 326 34 0 21 0 0 0 0 0 9 2 0 27 0 156 135 15 3015 6360 0 22 5 0 0 0 0 0 0 3 668 0 1989 0 0 0 0 0 20 0 283 0 1672 0 0 0 0 0 0 0 0 0 0 0 0 0 70 252 29 2819 7320 0 7 0 0 
