0 3302 87 316 357 0 5630 0 0 0 0 68 0 0 0 0 0 0 0 0 0 0 0 0 0 0 0 0 0 0 0 61 0 1080 0 22 1 0 36 0 0 1533 0 2151 866 0 0 262 26 0 0 0 118 0 0 0 0 0 0 0 0 0 0 0 0 0 0 0 0 0 0 0 0 0 0 0 11 0 0 35 0 0 0 
3302 0 0 0 1 0 16 0 0 0 0 0 0 0 0 0 0 0 0 0 0 7 0 3 2 0 0 131 0 1 0 1839 0 3597 0 3 32 1 0 0 0 0 0 0 0 0 0 0 0 0 0 0 0 0 0 0 0 0 0 0 0 0 0 0 0 0 0 0 0 0 0 0 0 0 0 0 0 0 0 0 0 0 0 
87 0 0 134 0 0 0 0 0 0 0 296 77 0 0 0 0 0 0 0 0 0 0 0 0 0 0 0 0 0 0 0 0 24 0 0 0 0 2 0 0 666 0 1670 233 0 0 1710 514 0 0 0 9 0 0 0 0 0 0 0 0 0 0 0 0 0 0 0 0 0 0 0 0 0 0 0 4 0 0 8 0 0 0 
316 0 134 0 0 0 155 399 0 0 0 50 1 0 0 0 0 0 0 0 0 0 0 0 0 0 0 0 0 0 0 0 0 0 0 0 0 0 3 0 0 1 0 90 39 0 0 0 0 0 0 0 0 0 0 0 0 0 0 0 0 0 0 0 0 0 0 0 0 0 0 0 0 0 0 0 0 0 0 0 0 0 0 
357 1 0 0 0 77 340 0 39 0 0 0 0 0 0 0 0 2 1 0 0 54 0 22 14 2 0 20 17 6 0 545 0 4842 9 0 523 0 0 5 0 0 0 0 0 0 0 0 0 0 0 0 0 0 0 0 0 0 0 0 0 0 0 0 0 0 0 0 0 0 0 0 0 0 0 0 0 2 0 0 0 0 0 
0 0 0 0 77 0 2492 1563 8145 5384 0 0 0 0 0 2 65 62 1 0 0 0 0 0 0 0 0 0 0 0 0 0 0 833 0 0 1 0 0 0 0 0 0 0 0 0 0 0 0 0 0 0 0 0 0 0 0 0 0 0 0 0 0 0 0 0 0 0 0 0 0 0 0 0 0 0 0 0 0 0 0 0 0 
5630 16 0 155 340 2492 0 4010 9 0 0 193 688 0 0 0 0 255 11 0 0 245 1 446 86 7 0 1483 48 12 0 4500 0 8239 1502 12215 11621 3068 751 98 0 1721 0 1829 276 0 0 9752 8946 0 0 0 1 0 0 0 0 0 23 0 4 0 0 2 1 0 0 0 0 0 0 0 17 0 150 40 20 176 3 68 0 0 155 
0 0 0 399 0 1563 4010 0 605 265 220 1668 17361 4175 0 149 0 271 1 0 0 0 0 0 0 0 0 0 0 0 0 0 0 1350 18767 2110 13095 332 0 0 0 0 0 15 0 0 0 5257 64426 0 63 7861 0 38 0 0 0 0 0 0 0 0 0 0 0 0 0 0 0 0 0 0 0 0 0 83 10 63 27 0 0 0 5448 
0 0 0 0 39 8145 9 605 0 3454 0 0 0 0 0 73 118 136 3 0 0 0 0 0 0 0 0 0 0 114 10 0 0 1966 0 0 878 1 0 0 0 0 0 0 0 0 0 0 0 0 0 0 0 0 0 0 0 0 0 0 0 0 0 0 0 0 0 0 0 0 0 0 0 0 0 0 0 0 0 0 0 0 0 
0 0 0 0 0 5384 0 265 3454 0 371 0 0 330 0 3052 4046 302 2 0 0 0 0 0 0 0 0 0 0 2204 17 10 0 2244 20196 1601 7184 160 0 0 0 0 0 0 0 0 0 0 9 0 10409 4466 0 0 94 0 961 0 182 0 247 0 0 0 0 0 0 0 0 0 0 0 0 0 0 0 0 0 0 0 0 0 11640 
0 0 0 0 0 0 0 220 0 371 0 0 0 7488 0 6 0 0 0 1 0 0 0 0 0 0 0 0 0 0 0 0 0 0 0 0 0 0 0 0 0 0 0 0 0 0 0 0 244 0 6691 1625 0 0 68 0 135 0 25 0 11 0 0 0 0 0 0 0 0 0 0 0 0 0 0 0 0 0 0 0 0 0 0 
68 0 296 50 0 0 193 1668 0 0 0 0 0 0 0 0 0 0 0 0 0 0 0 0 0 0 0 0 0 0 0 0 0 0 0 0 0 0 6 0 0 0 0 53 4 0 0 0 0 0 0 0 0 0 0 0 0 0 0 0 0 0 0 0 0 0 0 0 0 0 0 0 0 0 0 0 0 0 0 0 0 0 0 
0 0 77 1 0 0 688 17361 0 0 0 0 0 313 23 0 0 0 0 221 0 0 0 0 0 0 0 0 0 0 0 0 0 0 0 0 0 0 0 0 0 0 0 0 0 0 0 18 687 0 0 0 0 1 0 0 0 0 0 0 0 0 0 0 0 0 0 0 0 0 0 0 0 0 0 0 0 0 0 0 0 0 0 
0 0 0 0 0 0 0 4175 0 330 7488 0 313 0 825 180 0 124 0 6253 0 0 0 0 0 0 0 0 0 0 0 0 0 0 0 0 0 0 0 0 0 0 0 0 0 0 0 0 332 0 19 308 0 0 0 69 8 0 14 0 139 0 0 0 0 0 0 0 0 0 0 0 0 0 0 0 0 0 0 0 0 0 0 
0 0 0 0 0 0 0 0 0 0 0 0 23 825 0 0 0 121 0 11581 66 0 0 165 132 218 0 0 18 0 0 8 0 0 4 0 46 0 0 7 0 0 0 0 0 0 0 0 0 0 0 0 0 0 0 6 0 0 20 0 350 5 14 0 1 0 0 0 0 0 0 0 0 0 0 0 0 0 0 0 0 0 0 
0 0 0 0 0 2 0 149 73 3052 6 0 0 180 0 0 10455 14 0 0 0 0 0 0 0 0 0 0 0 1211 8 22 0 3791 5551 218 6988 1149 0 15 0 0 0 0 0 0 0 0 0 0 246 158 0 0 1 0 556 0 101 0 233 0 0 0 0 0 0 0 0 0 0 0 0 0 0 0 0 0 0 0 0 0 3660 
0 0 0 0 0 65 0 0 118 4046 0 0 0 0 0 10455 0 575 861 0 0 0 0 0 0 0 0 0 0 4909 6186 101 0 2751 0 0 2837 0 0 0 0 0 0 0 0 0 0 0 0 0 0 0 0 0 0 0 0 0 0 0 0 0 0 0 0 0 0 0 0 0 0 0 0 0 0 0 0 0 0 0 0 0 0 
0 0 0 0 2 62 255 271 136 302 0 0 0 124 121 14 575 0 3533 5 448 1508 208 0 617 1 0 0 9 1278 626 859 86 2922 16451 3794 7574 412 0 443 0 0 0 0 0 0 0 0 0 0 31 310 0 0 11 133 336 0 29271 0 20016 40 340 3629 43 0 0 0 0 5 485 0 1246 4 1804 218 475 4678 618 0 0 0 3173 
0 0 0 0 1 1 11 1 3 2 0 0 0 0 0 0 861 3533 0 0 0 5 857 0 3421 0 0 0 9908 13609 2522 6167 1197 1731 1426 0 4366 741 0 720 2 0 0 0 0 0 0 0 0 0 0 0 0 0 0 0 0 0 0 0 0 0 0 0 0 0 0 0 0 0 1 0 0 0 0 0 0 0 0 0 0 0 1181 
0 0 0 0 0 0 0 0 0 0 1 0 221 6253 11581 0 0 5 0 0 578 0 0 366 0 177 0 0 0 0 0 0 0 3 21 7 8 0 0 121 0 0 0 0 0 0 0 0 1 0 2 387 0 3 160 1491 250 0 10623 0 13769 127 618 183 129 0 0 0 0 0 39 0 52 2 30 221 155 287 117 0 0 0 2 
0 0 0 0 0 0 0 0 0 0 0 0 0 0 66 0 0 448 0 578 0 2098 2 241 0 0 0 0 0 0 0 3 0 0 0 0 0 0 0 0 0 0 0 0 0 3 0 44 0 0 0 0 0 0 0 129 0 0 822 0 270 173 533 217 493 0 0 0 0 27 132 0 61 0 8 0 0 52 17 0 2 0 0 
0 7 0 0 54 0 245 0 0 0 0 0 0 0 0 0 0 1508 5 0 2098 0 678 143 26 0 0 0 39 755 0 4873 0 222 207 0 96 0 0 27 0 0 0 0 0 0 0 0 0 0 0 0 0 0 0 5 0 0 1099 0 68 139 517 1257 43 0 0 0 0 13 529 0 236 0 89 0 0 16 0 0 0 0 0 
0 0 0 0 0 0 1 0 0 0 0 0 0 0 0 0 0 208 857 0 2 678 0 471 1325 0 0 0 1830 3009 0 8003 0 1625 0 0 24 0 0 0 0 0 0 0 0 0 0 0 0 0 0 0 0 0 0 0 0 0 27 0 0 0 3 64 0 0 0 0 0 3 24 0 12 0 26 0 0 6 0 0 0 0 0 
0 3 0 0 22 0 446 0 0 0 0 0 0 0 165 0 0 0 0 366 241 143 471 0 1857 88 0 2 360 2187 0 7423 0 197 281 0 246 0 0 86 0 0 0 0 0 0 0 0 0 0 0 0 0 0 0 5 0 0 0 0 0 0 0 20 36 0 0 0 0 1 51 0 17 0 0 0 0 4 0 0 0 0 0 
0 2 0 0 14 0 86 0 0 0 0 0 0 0 132 0 0 617 3421 0 0 26 1325 1857 0 146 0 124 716 450 0 2081 0 461 127 0 2108 0 0 211 79 0 0 0 0 0 0 0 0 0 0 0 0 0 0 0 0 0 0 0 0 0 0 0 0 0 0 0 0 0 0 0 0 0 0 0 0 0 0 0 0 0 0 
0 0 0 0 2 0 7 0 0 0 0 0 0 0 218 0 0 1 0 177 0 0 0 88 146 0 0 0 156 0 0 3 0 0 82 0 538 0 0 537 205 0 0 0 0 0 0 0 0 0 0 0 0 0 0 0 0 0 0 0 0 0 0 0 0 0 0 0 0 0 0 0 0 0 0 0 0 2 0 0 0 0 0 
0 0 0 0 0 0 0 0 0 0 0 0 0 0 0 0 0 0 0 0 0 0 0 0 0 0 0 0 0 0 0 0 0 38 109 1 453 199 3 0 52 0 0 0 0 0 0 0 0 0 0 0 0 0 0 0 0 0 0 0 0 0 0 0 0 0 0 0 0 0 0 0 0 0 0 0 0 0 0 0 0 0 0 
0 131 0 0 20 0 1483 0 0 0 0 0 0 0 0 0 0 0 0 0 0 0 0 2 124 0 0 0 24 0 0 0 0 41 8 0 1206 140 0 0 0 0 0 0 0 0 0 0 0 0 0 0 0 0 0 0 0 0 0 0 0 0 0 0 0 0 0 0 0 0 0 0 0 0 0 0 0 0 0 0 0 0 0 
0 0 0 0 17 0 48 0 0 0 0 0 0 0 18 0 0 9 9908 0 0 39 1830 360 716 156 0 24 0 2569 6 1484 0 25 9 0 152 0 0 109 0 0 0 0 0 0 0 0 0 0 0 0 0 0 0 0 0 0 0 0 0 0 0 0 0 0 0 0 0 0 0 0 0 0 0 0 0 0 0 0 0 0 0 
0 1 0 0 6 0 12 0 114 2204 0 0 0 0 0 1211 4909 1278 13609 0 0 755 3009 2187 450 0 0 0 2569 0 932 1575 0 74 1 0 30 0 0 0 0 0 0 0 0 0 0 0 0 0 0 0 0 0 0 0 0 0 0 0 0 0 0 0 0 0 0 0 0 0 0 0 0 0 0 0 0 0 0 0 0 0 0 
0 0 0 0 0 0 0 0 10 17 0 0 0 0 0 8 6186 626 2522 0 0 0 0 0 0 0 0 0 6 932 0 2680 0 15 0 0 5 0 0 0 0 0 0 0 0 0 0 0 0 0 0 0 0 0 0 0 0 0 0 0 0 0 0 0 0 0 0 0 0 0 0 0 0 0 0 0 0 0 0 0 0 0 0 
61 1839 0 0 545 0 4500 0 0 10 0 0 0 0 8 22 101 859 6167 0 3 4873 8003 7423 2081 3 0 0 1484 1575 2680 0 31 797 8 0 831 8 0 3 0 0 0 0 0 0 0 0 0 0 0 0 0 0 0 0 0 0 29 0 4 0 39 174 11 0 0 0 0 3 198 0 244 0 222 0 0 0 0 0 0 0 0 
0 0 0 0 0 0 0 0 0 0 0 0 0 0 0 0 0 86 1197 0 0 0 0 0 0 0 0 0 0 0 0 31 0 33 0 0 0 0 0 0 0 0 0 0 0 0 0 0 0 0 0 0 0 0 0 0 0 0 0 0 0 0 0 0 0 0 0 0 0 0 0 0 0 0 0 0 0 0 0 0 0 0 0 
1080 3597 24 0 4842 833 8239 1350 1966 2244 0 0 0 0 0 3791 2751 2922 1731 3 0 222 1625 197 461 0 38 41 25 74 15 797 33 0 20 1 186 0 0 3 3 0 0 0 0 0 0 0 0 0 0 0 0 0 0 0 0 0 208 0 1 0 9 102 1 0 0 0 0 4 25 0 675 0 1297 2 0 86 0 0 0 0 0 
0 0 0 0 9 0 1502 18767 0 20196 0 0 0 0 4 5551 0 16451 1426 21 0 207 0 281 127 82 109 8 9 1 0 8 0 20 0 1334 727 170 0 197 25 0 0 0 0 0 0 0 198 0 0 0 0 0 0 0 0 0 274 0 183 0 0 0 0 0 0 0 0 0 0 0 0 0 6 507 154 79 0 0 0 0 781 
22 3 0 0 0 0 12215 2110 0 1601 0 0 0 0 0 218 0 3794 0 7 0 0 0 0 0 0 1 0 0 0 0 0 0 1 1334 0 8 24 107 0 0 0 0 0 0 0 0 0 0 0 0 0 0 0 0 0 0 0 22 0 15 0 0 0 0 0 0 0 0 0 0 0 0 0 0 5 22 0 0 0 0 0 0 
1 32 0 0 523 1 11621 13095 878 7184 0 0 0 0 46 6988 2837 7574 4366 8 0 96 24 246 2108 538 453 1206 152 30 5 831 0 186 727 8 0 2 0 101 0 0 0 0 0 0 0 0 0 0 0 0 0 0 0 0 0 0 131 0 50 0 0 4 0 0 0 0 0 0 0 0 30 0 189 39 0 1471 10 0 0 0 1785 
0 1 0 0 0 0 3068 332 1 160 0 0 0 0 0 1149 0 412 741 0 0 0 0 0 0 0 199 140 0 0 0 8 0 0 170 24 2 0 0 6 1 0 0 0 0 0 0 0 0 0 0 0 0 0 0 0 0 0 0 0 0 0 0 0 0 0 0 0 0 0 0 0 0 0 0 0 0 0 0 0 0 0 1731 
36 0 2 3 0 0 751 0 0 0 0 6 0 0 0 0 0 0 0 0 0 0 0 0 0 0 3 0 0 0 0 0 0 0 0 107 0 0 0 0 1 0 0 13 0 0 0 6 0 0 0 0 0 0 0 0 0 0 0 0 0 0 0 0 0 0 0 0 0 0 0 0 0 0 0 0 0 0 0 0 0 0 0 
0 0 0 0 5 0 98 0 0 0 0 0 0 0 7 15 0 443 720 121 0 27 0 86 211 537 0 0 109 0 0 3 0 3 197 0 101 6 0 0 24 0 0 0 0 0 0 0 0 0 0 0 0 0 0 0 0 0 0 0 0 0 0 0 0 0 10 2 0 0 0 0 0 0 0 0 0 1 0 0 0 0 6 
0 0 0 0 0 0 0 0 0 0 0 0 0 0 0 0 0 0 2 0 0 0 0 0 79 205 52 0 0 0 0 0 0 3 25 0 0 1 1 24 0 0 0 0 0 0 0 0 0 0 0 0 0 0 0 0 0 0 0 0 0 0 0 0 0 0 0 0 0 0 0 0 0 0 0 0 0 0 0 0 0 0 2 
1533 0 666 1 0 0 1721 0 0 0 0 0 0 0 0 0 0 0 0 0 0 0 0 0 0 0 0 0 0 0 0 0 0 0 0 0 0 0 0 0 0 0 1198 1878 1120 48 0 6007 0 0 0 0 141 0 0 0 0 0 0 0 0 0 0 0 0 0 0 0 1 0 0 0 2 0 562 0 0 2 0 0 0 0 0 
0 0 0 0 0 0 0 0 0 0 0 0 0 0 0 0 0 0 0 0 0 0 0 0 0 0 0 0 0 0 0 0 0 0 0 0 0 0 0 0 0 1198 0 0 0 111 0 0 0 0 0 0 0 0 0 0 0 0 0 0 0 0 0 0 0 0 0 0 7 0 0 0 223 0 2257 0 0 0 0 0 0 0 0 
2151 0 1670 90 0 0 1829 15 0 0 0 53 0 0 0 0 0 0 0 0 0 0 0 0 0 0 0 0 0 0 0 0 0 0 0 0 0 0 13 0 0 1878 0 0 118 0 0 0 0 0 0 0 182 0 0 0 0 0 0 0 0 0 0 0 0 0 0 0 0 0 0 0 0 0 74 0 17 46 0 21 0 0 0 
866 0 233 39 0 0 276 0 0 0 0 4 0 0 0 0 0 0 0 0 0 0 0 0 0 0 0 0 0 0 0 0 0 0 0 0 0 0 0 0 0 1120 0 118 0 0 0 255 108 0 0 0 76 0 0 0 0 0 0 0 0 0 0 0 0 0 0 0 0 0 0 0 0 0 28 0 0 3 0 0 0 0 0 
0 0 0 0 0 0 0 0 0 0 0 0 0 0 0 0 0 0 0 0 3 0 0 0 0 0 0 0 0 0 0 0 0 0 0 0 0 0 0 0 0 48 111 0 0 0 288 14 0 6 0 0 0 0 0 2 0 0 0 0 0 0 0 0 40 0 0 0 2 0 0 0 749 0 8021 0 0 328 0 0 0 0 0 
0 0 0 0 0 0 0 0 0 0 0 0 0 0 0 0 0 0 0 0 0 0 0 0 0 0 0 0 0 0 0 0 0 0 0 0 0 0 0 0 0 0 0 0 0 288 0 353 4217 7223 710 0 0 0 0 0 5 0 0 0 0 0 0 0 0 0 0 0 0 0 0 0 35 0 3002 0 0 2142 0 0 0 0 0 
262 0 1710 0 0 0 9752 5257 0 0 0 0 18 0 0 0 0 0 0 0 44 0 0 0 0 0 0 0 0 0 0 0 0 0 0 0 0 0 6 0 0 6007 0 0 255 14 353 0 4301 580 0 0 13 0 0 71 0 0 0 0 0 0 0 0 499 7 0 0 18 0 0 0 4720 0 12454 124 14962 10482 799 544 7 0 4 
26 0 514 0 0 0 8946 64426 0 9 244 0 687 332 0 0 0 0 0 1 0 0 0 0 0 0 0 0 0 0 0 0 0 0 198 0 0 0 0 0 0 0 0 0 108 0 4217 4301 0 9089 5723 2 73 2421 1172 0 0 0 0 0 0 0 0 0 0 0 0 0 0 0 0 0 899 0 1869 10328 2069 12267 1173 57 0 0 4239 
0 0 0 0 0 0 0 0 0 0 0 0 0 0 0 0 0 0 0 0 0 0 0 0 0 0 0 0 0 0 0 0 0 0 0 0 0 0 0 0 0 0 0 0 0 6 7223 580 9089 0 8890 0 0 0 0 0 0 0 0 0 0 0 0 0 0 0 0 0 0 0 0 0 384 0 1730 0 0 358 0 0 0 0 0 
0 0 0 0 0 0 0 63 0 10409 6691 0 0 19 0 246 0 31 0 2 0 0 0 0 0 0 0 0 0 0 0 0 0 0 0 0 0 0 0 0 0 0 0 0 0 0 710 0 5723 8890 0 7 0 0 72 0 4603 204 7528 72 0 0 0 0 0 0 0 0 0 0 135 74 3 428 2415 20102 1597 9467 1271 0 0 0 5479 
0 0 0 0 0 0 0 7861 0 4466 1625 0 0 308 0 158 0 310 0 387 0 0 0 0 0 0 0 0 0 0 0 0 0 0 0 0 0 0 0 0 0 0 0 0 0 0 0 0 2 0 7 0 0 0 2837 0 73 0 0 0 12 0 0 0 0 0 0 0 0 0 0 0 0 0 0 8 2 0 0 0 0 0 3 
118 0 9 0 0 0 1 0 0 0 0 0 0 0 0 0 0 0 0 0 0 0 0 0 0 0 0 0 0 0 0 0 0 0 0 0 0 0 0 0 0 141 0 182 76 0 0 13 73 0 0 0 0 5 0 0 0 0 0 0 0 0 0 0 0 0 0 0 0 0 0 0 0 0 0 0 0 0 0 0 0 0 0 
0 0 0 0 0 0 0 38 0 0 0 0 1 0 0 0 0 0 0 3 0 0 0 0 0 0 0 0 0 0 0 0 0 0 0 0 0 0 0 0 0 0 0 0 0 0 0 0 2421 0 0 0 5 0 73 0 0 0 0 0 359 0 0 0 0 0 0 0 0 0 0 0 0 0 0 0 0 0 0 0 0 0 0 
0 0 0 0 0 0 0 0 0 94 68 0 0 0 0 1 0 11 0 160 0 0 0 0 0 0 0 0 0 0 0 0 0 0 0 0 0 0 0 0 0 0 0 0 0 0 0 0 1172 0 72 2837 0 73 0 750 54 0 17 0 5161 0 0 0 0 0 0 0 0 0 0 0 0 0 0 0 0 0 0 0 0 0 0 
0 0 0 0 0 0 0 0 0 0 0 0 0 69 6 0 0 133 0 1491 129 5 0 5 0 0 0 0 0 0 0 0 0 0 0 0 0 0 0 0 0 0 0 0 0 2 0 71 0 0 0 0 0 0 750 0 0 0 173 0 8361 77 153 0 361 3 547 17 0 0 4 0 45 0 1 13 0 56 10 0 116 0 0 
0 0 0 0 0 0 0 0 0 961 135 0 0 8 0 556 0 336 0 250 0 0 0 0 0 0 0 0 0 0 0 0 0 0 0 0 0 0 0 0 0 0 0 0 0 0 5 0 0 0 4603 73 0 0 54 0 0 2154 2291 2141 0 0 0 0 0 0 0 0 0 0 808 677 21 400 1493 4569 1010 8336 313 0 0 0 2320 
0 0 0 0 0 0 0 0 0 0 0 0 0 0 0 0 0 0 0 0 0 0 0 0 0 0 0 0 0 0 0 0 0 0 0 0 0 0 0 0 0 0 0 0 0 0 0 0 0 0 204 0 0 0 0 0 2154 0 1723 1441 0 0 0 0 0 0 0 0 0 385 8374 4386 232 424 141 0 0 0 0 0 0 0 0 
0 0 0 0 0 0 23 0 0 182 25 0 0 14 20 101 0 29271 0 10623 822 1099 27 0 0 0 0 0 0 0 0 29 0 208 274 22 131 0 0 0 0 0 0 0 0 0 0 0 0 0 7528 0 0 0 17 173 2291 1723 0 6977 624 728 1911 634 443 639 24 0 0 404 266 37 6990 3244 2146 13262 3417 8223 1382 0 5 0 3679 
0 0 0 0 0 0 0 0 0 0 0 0 0 0 0 0 0 0 0 0 0 0 0 0 0 0 0 0 0 0 0 0 0 0 0 0 0 0 0 0 0 0 0 0 0 0 0 0 0 0 72 0 0 0 0 0 2141 1441 6977 0 0 0 0 40 0 3109 0 0 0 3979 8158 1440 4487 263 75 0 0 19 1 0 0 0 0 
0 0 0 0 0 0 4 0 0 247 11 0 0 139 350 233 0 20016 0 13769 270 68 0 0 0 0 0 0 0 0 0 4 0 1 183 15 50 0 0 0 0 0 0 0 0 0 0 0 0 0 0 12 0 359 5161 8361 0 0 624 0 0 641 72 10 29 2 2073 0 0 0 75 0 57 306 14 676 98 991 278 0 81 0 1021 
0 0 0 0 0 0 0 0 0 0 0 0 0 0 5 0 0 40 0 127 173 139 0 0 0 0 0 0 0 0 0 0 0 0 0 0 0 0 0 0 0 0 0 0 0 0 0 0 0 0 0 0 0 0 0 77 0 0 728 0 641 0 1292 184 159 0 23 0 0 0 25 0 44 0 1 0 0 0 0 0 1 0 0 
0 0 0 0 0 0 0 0 0 0 0 0 0 0 14 0 0 340 0 618 533 517 3 0 0 0 0 0 0 0 0 39 0 9 0 0 0 0 0 0 0 0 0 0 0 0 0 0 0 0 0 0 0 0 0 153 0 0 1911 0 72 1292 0 381 464 0 0 0 0 3 887 0 199 0 31 0 0 0 0 0 0 0 0 
0 0 0 0 0 0 2 0 0 0 0 0 0 0 0 0 0 3629 0 183 217 1257 64 20 0 0 0 0 0 0 0 174 0 102 0 0 4 0 0 0 0 0 0 0 0 0 0 0 0 0 0 0 0 0 0 0 0 0 634 40 10 184 381 0 60 5951 0 0 0 6745 12531 0 8020 1 579 0 0 0 0 0 0 0 0 
0 0 0 0 0 0 1 0 0 0 0 0 0 0 1 0 0 43 0 129 493 43 0 36 0 0 0 0 0 0 0 11 0 1 0 0 0 0 0 0 0 0 0 0 0 40 0 499 0 0 0 0 0 0 0 361 0 0 443 0 29 159 464 60 0 69 16 0 0 798 1358 0 977 0 18 14 0 294 40 0 27 0 0 
0 0 0 0 0 0 0 0 0 0 0 0 0 0 0 0 0 0 0 0 0 0 0 0 0 0 0 0 0 0 0 0 0 0 0 0 0 0 0 0 0 0 0 0 0 0 0 7 0 0 0 0 0 0 0 3 0 0 639 3109 2 0 0 5951 69 0 29 0 107 1449 1036 0 1356 38 8 446 0 191 92 0 323 177 0 
0 0 0 0 0 0 0 0 0 0 0 0 0 0 0 0 0 0 0 0 0 0 0 0 0 0 0 0 0 0 0 0 0 0 0 0 0 0 0 10 0 0 0 0 0 0 0 0 0 0 0 0 0 0 0 547 0 0 24 0 2073 23 0 0 16 29 0 6 23 5 1 0 30 0 0 34 0 24 3 0 168 0 0 
0 0 0 0 0 0 0 0 0 0 0 0 0 0 0 0 0 0 0 0 0 0 0 0 0 0 0 0 0 0 0 0 0 0 0 0 0 0 0 2 0 0 0 0 0 0 0 0 0 0 0 0 0 0 0 17 0 0 0 0 0 0 0 0 0 0 6 0 0 0 0 0 0 0 0 0 0 0 0 0 8 0 0 
0 0 0 0 0 0 0 0 0 0 0 0 0 0 0 0 0 0 0 0 0 0 0 0 0 0 0 0 0 0 0 0 0 0 0 0 0 0 0 0 0 1 7 0 0 2 0 18 0 0 0 0 0 0 0 0 0 0 0 0 0 0 0 0 0 107 23 0 0 16 0 0 0 0 11 2 0 71 31 0 2 197 0 
0 0 0 0 0 0 0 0 0 0 0 0 0 0 0 0 0 5 0 0 27 13 3 1 0 0 0 0 0 0 0 3 0 4 0 0 0 0 0 0 0 0 0 0 0 0 0 0 0 0 0 0 0 0 0 0 0 385 404 3979 0 0 3 6745 798 1449 5 0 16 0 1479 484 1066 10 13 29 0 258 5 0 15 136 0 
0 0 0 0 0 0 0 0 0 0 0 0 0 0 0 0 0 485 1 39 132 529 24 51 0 0 0 0 0 0 0 198 0 25 0 0 0 0 0 0 0 0 0 0 0 0 0 0 0 0 135 0 0 0 0 4 808 8374 266 8158 75 25 887 12531 1358 1036 1 0 0 1479 0 778 696 0 31 0 0 10 11 0 0 0 0 
0 0 0 0 0 0 0 0 0 0 0 0 0 0 0 0 0 0 0 0 0 0 0 0 0 0 0 0 0 0 0 0 0 0 0 0 0 0 0 0 0 0 0 0 0 0 0 0 0 0 74 0 0 0 0 0 677 4386 37 1440 0 0 0 0 0 0 0 0 0 484 778 0 1342 0 0 0 0 0 0 0 0 0 0 
0 0 0 0 0 0 17 0 0 0 0 0 0 0 0 0 0 1246 0 52 61 236 12 17 0 0 0 0 0 0 0 244 0 675 0 0 30 0 0 0 0 2 223 0 0 749 35 4720 899 384 3 0 0 0 0 45 21 232 6990 4487 57 44 199 8020 977 1356 30 0 0 1066 696 1342 0 2 60 2 12 1447 332 0 11 16 0 
0 0 0 0 0 0 0 0 0 0 0 0 0 0 0 0 0 4 0 2 0 0 0 0 0 0 0 0 0 0 0 0 0 0 0 0 0 0 0 0 0 0 0 0 0 0 0 0 0 0 428 0 0 0 0 0 400 424 3244 263 306 0 0 1 0 38 0 0 0 10 0 0 2 0 5 0 0 0 0 0 0 0 0 
0 0 0 0 0 0 150 0 0 0 0 0 0 0 0 0 0 1804 0 30 8 89 26 0 0 0 0 0 0 0 0 222 0 1297 6 0 189 0 0 0 0 562 2257 74 28 8021 3002 12454 1869 1730 2415 0 0 0 0 1 1493 141 2146 75 14 1 31 579 18 8 0 0 11 13 31 0 60 5 0 6 47 151 0 0 1 0 1 
0 0 0 0 0 0 40 83 0 0 0 0 0 0 0 0 0 218 0 221 0 0 0 0 0 0 0 0 0 0 0 0 0 2 507 5 39 0 0 0 0 0 0 0 0 0 0 124 10328 0 20102 8 0 0 0 13 4569 0 13262 0 676 0 0 0 14 446 34 0 2 29 0 0 2 0 6 0 939 276 175 0 76 36 1983 
11 0 4 0 0 0 20 10 0 0 0 0 0 0 0 0 0 475 0 155 0 0 0 0 0 0 0 0 0 0 0 0 0 0 154 22 0 0 0 0 0 0 0 17 0 0 0 14962 2069 0 1597 2 0 0 0 0 1010 0 3417 0 98 0 0 0 0 0 0 0 0 0 0 0 12 0 47 939 0 75 4 0 0 0 195 
0 0 0 0 2 0 176 63 0 0 0 0 0 0 0 0 0 4678 0 287 52 16 6 4 0 2 0 0 0 0 0 0 0 86 79 0 1471 0 0 1 0 2 0 46 3 328 2142 10482 12267 358 9467 0 0 0 0 56 8336 0 8223 19 991 0 0 0 294 191 24 0 71 258 10 0 1447 0 151 276 75 0 14 0 79 0 73 
0 0 0 0 0 0 3 27 0 0 0 0 0 0 0 0 0 618 0 117 17 0 0 0 0 0 0 0 0 0 0 0 0 0 0 0 10 0 0 0 0 0 0 0 0 0 0 799 1173 0 1271 0 0 0 0 10 313 0 1382 1 278 0 0 0 40 92 3 0 31 5 11 0 332 0 0 175 4 14 0 0 72 0 349 
35 0 8 0 0 0 68 0 0 0 0 0 0 0 0 0 0 0 0 0 0 0 0 0 0 0 0 0 0 0 0 0 0 0 0 0 0 0 0 0 0 0 0 21 0 0 0 544 57 0 0 0 0 0 0 0 0 0 0 0 0 0 0 0 0 0 0 0 0 0 0 0 0 0 0 0 0 0 0 0 0 0 0 
0 0 0 0 0 0 0 0 0 0 0 0 0 0 0 0 0 0 0 0 2 0 0 0 0 0 0 0 0 0 0 0 0 0 0 0 0 0 0 0 0 0 0 0 0 0 0 7 0 0 0 0 0 0 0 116 0 0 5 0 81 1 0 0 27 323 168 8 2 15 0 0 11 0 1 76 0 79 72 0 0 3 3 
0 0 0 0 0 0 0 0 0 0 0 0 0 0 0 0 0 0 0 0 0 0 0 0 0 0 0 0 0 0 0 0 0 0 0 0 0 0 0 0 0 0 0 0 0 0 0 0 0 0 0 0 0 0 0 0 0 0 0 0 0 0 0 0 0 177 0 0 197 136 0 0 16 0 0 36 0 0 0 0 3 0 14 
0 0 0 0 0 0 155 5448 0 11640 0 0 0 0 0 3660 0 3173 1181 2 0 0 0 0 0 0 0 0 0 0 0 0 0 0 781 0 1785 1731 0 6 2 0 0 0 0 0 0 4 4239 0 5479 3 0 0 0 0 2320 0 3679 0 1021 0 0 0 0 0 0 0 0 0 0 0 0 0 1 1983 195 73 349 0 3 14 0 
