0 391 0 285 0 0 60 0 0 0 0 225 0 0 0 0 0 328 20 0 0 57 220 139 383 0 0 509 66 933 0 2763 0 2689 0 2390 2387 69 428 0 37 2620 0 480 52 0 0 12240 1237 0 0 0 0 0 0 0 0 0 0 0 0 0 0 0 0 0 0 0 0 0 0 0 0 0 0 0 0 0 0 0 0 0 0 
391 0 0 0 1 0 2 0 0 0 0 0 0 0 0 7 0 768 260 13 177 573 1755 530 410 0 0 42 62 138 0 230 0 965 13 137 5450 78 0 0 3 0 0 0 0 0 0 0 0 0 0 0 0 0 0 0 0 0 7 145 5 0 1 0 1 3 0 0 0 0 0 0 0 0 0 0 0 8 0 0 2 0 62 
0 0 0 81 0 0 3 0 0 0 0 1645 0 0 0 0 0 0 0 0 0 0 0 0 0 0 0 0 0 0 0 0 0 0 0 0 0 0 0 0 0 1 0 8 4 0 0 1116 976 0 0 0 0 0 0 0 0 0 0 0 0 0 0 0 0 0 0 0 0 0 0 0 0 0 0 0 1 0 0 0 0 0 0 
285 0 81 0 0 0 2 38 0 0 0 407 25 0 0 0 0 0 0 0 0 0 0 0 0 0 0 0 0 0 0 0 0 0 0 0 0 0 16 0 0 72 0 55 6 0 0 342 3 0 0 0 0 0 0 0 0 0 0 0 0 0 0 0 0 0 0 0 0 0 0 0 0 0 0 0 0 0 0 0 0 0 0 
0 1 0 0 0 683 158 623 22 4 0 0 0 0 0 0 0 23 145 0 0 0 3 0 29 0 0 0 0 0 0 0 0 1609 816 391 14941 1 0 0 0 0 0 0 0 0 0 0 0 0 0 0 0 0 0 0 0 0 0 0 1 0 0 0 0 0 0 0 0 0 0 0 0 0 0 0 0 0 0 0 0 0 199 
0 0 0 0 683 0 1 2880 537 6447 0 0 0 0 0 0 318 21 2149 0 0 0 0 0 0 0 0 0 0 15 0 0 0 800 0 0 728 0 0 0 0 0 0 0 0 0 0 0 0 0 0 0 0 0 0 0 0 0 0 0 0 0 0 0 0 0 0 0 0 0 0 0 0 0 0 0 0 0 0 0 0 0 0 
60 2 3 2 158 1 0 8489 2362 0 0 2034 546 0 0 0 0 1069 26 21 65 367 1955 426 306 0 0 89 70 136 0 487 0 282 3422 9283 7535 1366 0 0 35 0 0 90 3 0 0 2914 17911 0 0 0 0 3 0 0 0 0 0 64 0 0 1 0 0 0 0 0 0 0 0 0 0 0 0 2 1050 3 0 0 0 0 1173 
0 0 0 38 623 2880 8489 0 1400 52 33 1405 15159 7337 0 0 2 0 0 109 0 0 0 0 0 0 0 0 0 0 0 0 0 0 16972 4676 12016 30 0 0 0 0 0 0 0 0 0 14 39130 0 2493 1071 0 169 165 0 0 0 0 0 0 0 0 0 0 0 0 0 0 0 0 0 0 0 0 0 9 0 0 0 0 0 2008 
0 0 0 0 22 537 2362 1400 0 3118 0 0 0 0 0 0 0 0 0 0 0 0 0 0 0 0 0 0 0 0 0 0 0 0 0 0 0 0 0 0 0 0 0 0 0 0 0 0 0 0 0 0 0 0 0 0 0 0 0 0 0 0 0 0 0 0 0 0 0 0 0 0 0 0 0 0 0 0 0 0 0 0 0 
0 0 0 0 4 6447 0 52 3118 0 1926 0 0 5368 0 1277 2245 64 5362 0 0 0 0 0 0 0 0 0 1 0 0 1 0 3630 22696 2766 17683 0 0 0 0 0 0 0 0 0 0 0 104 0 1659 930 0 0 486 0 193 0 385 0 925 0 0 0 0 0 0 0 0 0 0 0 0 0 0 0 0 0 0 0 0 0 4637 
0 0 0 0 0 0 0 33 0 1926 0 0 0 3056 48 244 0 115 0 84 0 0 0 0 0 0 0 0 0 0 0 0 0 0 0 0 0 0 0 0 0 0 0 0 0 0 0 0 0 0 0 0 0 0 3 1 0 0 0 0 1 0 0 0 0 0 0 0 0 0 0 0 0 0 0 0 0 0 0 0 0 0 0 
225 0 1645 407 0 0 2034 1405 0 0 0 0 247 0 0 0 0 0 0 0 0 0 0 0 0 0 0 0 0 0 0 0 0 0 0 0 0 0 5 0 0 43 0 123 90 0 0 343 79 0 0 0 0 0 0 0 0 0 0 0 0 0 0 0 0 0 0 0 0 0 0 0 0 0 0 0 4 0 0 0 0 0 0 
0 0 0 25 0 0 546 15159 0 0 0 247 0 336 0 0 0 0 0 252 0 0 0 0 0 0 0 0 0 0 0 0 0 0 0 0 0 0 0 0 0 0 0 0 0 0 0 0 1839 0 0 0 0 0 0 0 0 0 0 0 0 0 0 0 0 0 0 0 0 0 0 0 0 0 0 0 0 0 0 0 0 0 0 
0 0 0 0 0 0 0 7337 0 5368 3056 0 336 0 1133 1917 0 3315 0 5778 0 0 0 0 0 0 0 0 0 0 0 0 0 0 0 0 0 0 0 0 0 0 0 0 0 0 0 0 71 0 3 6 0 0 1 0 1 0 4 0 54 0 0 0 0 0 0 0 0 0 0 0 0 0 0 0 0 0 0 0 0 0 0 
0 0 0 0 0 0 0 0 0 0 48 0 0 1133 0 0 0 5806 1 14129 501 6 13 13 25 189 0 0 13 0 0 0 0 24 0 0 133 2 0 32 0 0 0 0 0 0 0 0 0 0 0 0 0 0 0 0 0 0 316 0 110 160 0 12 0 0 0 0 0 0 0 0 0 0 0 0 0 0 0 0 0 0 0 
0 7 0 0 0 0 0 0 0 1277 244 0 0 1917 0 0 9014 342 811 0 0 0 0 0 0 0 0 0 135 3 0 3 1 1027 8058 872 6220 0 0 0 0 0 0 0 0 0 0 0 0 0 1 20 0 0 272 171 134 0 2390 0 1971 0 0 0 0 0 0 0 0 0 0 0 0 0 0 11 0 0 0 0 0 0 580 
0 0 0 0 0 318 0 2 0 2245 0 0 0 0 0 9014 0 12 565 0 0 0 0 0 0 0 0 0 2139 4314 429 377 0 2222 0 0 347 0 0 0 0 0 0 0 0 0 0 0 0 0 0 0 0 0 0 0 0 0 0 0 0 0 0 0 0 0 0 0 0 0 0 0 0 0 0 0 0 0 0 0 0 0 0 
328 768 0 0 23 21 1069 0 0 64 115 0 0 3315 5806 342 12 0 7329 26 37 10 8469 54 1846 922 0 0 2116 2297 952 3482 209 1596 7165 0 4573 263 0 42 51 0 0 0 0 0 0 0 0 0 0 0 0 0 1161 2301 0 0 12206 4516 2660 154 0 0 1 52 0 0 0 0 0 0 0 0 0 24 0 23 0 0 0 0 4395 
20 260 0 0 145 2149 26 0 0 5362 0 0 0 0 1 811 565 7329 0 0 0 0 2239 0 619 0 0 0 3540 4584 24 757 0 1384 0 0 4189 20 0 0 0 0 0 0 0 0 0 0 0 0 0 0 0 0 0 0 0 0 1579 568 588 0 0 0 0 0 0 0 0 0 0 0 0 0 0 0 0 6 2 0 0 0 0 
0 13 0 0 0 0 21 109 0 0 84 0 252 5778 14129 0 0 26 0 0 65 26 0 132 0 217 0 0 0 0 0 7 0 0 32 0 50 0 0 0 0 0 0 0 0 0 0 0 0 0 0 0 0 0 48 1585 0 0 4109 335 2194 42 0 0 0 0 0 0 0 0 0 0 0 0 0 0 0 1 0 0 0 0 0 
0 177 0 0 0 0 65 0 0 0 0 0 0 0 501 0 0 37 0 65 0 1667 31 513 3 34 0 0 3 1 0 1 0 1 0 0 41 0 0 1 0 0 0 0 0 0 0 0 0 0 0 0 0 0 0 54 0 0 175 121 155 100 71 0 59 4 0 0 0 0 0 0 0 0 0 0 0 1 0 0 0 0 0 
57 573 0 0 0 0 367 0 0 0 0 0 0 0 6 0 0 10 0 26 1667 0 64 1044 170 0 0 0 1088 514 0 56 0 44 2 1 213 4 0 0 0 0 0 0 0 0 0 0 0 0 0 0 0 0 0 0 0 0 149 53 2 1 35 0 19 5 0 0 0 0 0 0 0 0 0 13 0 24 2 0 2 0 3 
220 1755 0 0 3 0 1955 0 0 0 0 0 0 0 13 0 0 8469 2239 0 31 64 0 57 3220 0 0 0 10318 131 0 811 0 415 0 0 730 0 0 0 0 0 0 0 0 0 0 0 0 0 0 0 0 0 0 13 0 0 1475 919 13 0 0 0 0 11 0 0 0 0 0 0 0 0 0 1 0 0 0 0 0 0 0 
139 530 0 0 0 0 426 0 0 0 0 0 0 0 13 0 0 54 0 132 513 1044 57 0 1603 18 0 0 5742 670 0 18 0 57 0 0 293 4 0 3 0 0 0 0 0 0 0 0 0 0 0 0 0 0 0 0 0 0 7 1 2 1 0 2 0 0 0 0 0 0 0 0 0 0 0 0 0 0 0 0 0 0 0 
383 410 0 0 29 0 306 0 0 0 0 0 0 0 25 0 0 1846 619 0 3 170 3220 1603 0 106 30 0 404 20 0 920 0 337 3 0 1547 40 0 48 35 0 0 0 0 0 0 0 0 0 0 0 0 0 0 0 0 0 42 141 0 0 0 0 0 5 0 0 0 0 0 0 0 0 0 0 0 0 0 0 0 0 0 
0 0 0 0 0 0 0 0 0 0 0 0 0 0 189 0 0 922 0 217 34 0 0 18 106 0 39 0 17 0 0 0 0 1 1 0 31 0 0 111 1 0 0 0 0 0 0 0 0 0 0 0 0 0 0 0 0 0 14 0 0 0 0 10 0 0 0 0 0 0 0 0 0 0 0 0 0 0 0 0 0 0 0 
0 0 0 0 0 0 0 0 0 0 0 0 0 0 0 0 0 0 0 0 0 0 0 0 30 39 0 0 0 0 0 0 0 0 0 0 5 0 0 0 22 0 0 0 0 0 0 0 0 0 0 0 0 0 0 0 0 0 0 0 0 0 0 0 0 0 0 0 0 0 0 0 0 0 0 0 0 0 0 0 0 0 0 
509 42 0 0 0 0 89 0 0 0 0 0 0 0 0 0 0 0 0 0 0 0 0 0 0 0 0 0 0 0 0 0 0 862 0 0 118 0 0 0 203 0 0 0 0 0 0 0 0 0 0 0 0 0 0 0 0 0 0 0 0 0 0 0 0 0 0 0 0 0 0 0 0 0 0 0 0 0 0 0 0 0 0 
66 62 0 0 0 0 70 0 0 1 0 0 0 0 13 135 2139 2116 3540 0 3 1088 10318 5742 404 17 0 0 0 1604 1 226 0 772 0 0 706 163 0 31 0 0 0 0 0 0 0 0 0 0 0 0 0 0 0 0 0 0 10 0 8 0 0 0 0 0 0 0 0 0 0 0 0 0 0 0 0 0 0 0 0 0 0 
933 138 0 0 0 15 136 0 0 0 0 0 0 0 0 3 4314 2297 4584 0 1 514 131 670 20 0 0 0 1604 0 917 987 0 1509 0 0 1024 0 0 0 0 0 0 0 0 0 0 0 0 0 0 0 0 0 0 0 0 0 79 0 55 1 0 0 0 0 0 0 0 0 0 0 0 0 0 0 0 0 0 0 0 0 0 
0 0 0 0 0 0 0 0 0 0 0 0 0 0 0 0 429 952 24 0 0 0 0 0 0 0 0 0 1 917 0 1016 0 14 0 0 0 0 0 0 0 0 0 0 0 0 0 0 0 0 0 0 0 0 0 0 0 0 24 0 21 0 0 0 0 0 0 0 0 0 0 0 0 0 0 0 0 0 0 0 0 0 0 
2763 230 0 0 0 0 487 0 0 1 0 0 0 0 0 3 377 3482 757 7 1 56 811 18 920 0 0 0 226 987 1016 0 150 3359 0 0 391 0 0 0 27 0 0 0 0 0 0 0 0 0 0 0 0 0 0 0 0 0 162 5 53 0 0 0 0 0 0 0 0 0 0 0 0 0 0 0 0 0 0 0 0 0 0 
0 0 0 0 0 0 0 0 0 0 0 0 0 0 0 1 0 209 0 0 0 0 0 0 0 0 0 0 0 0 0 150 0 28 0 0 0 0 0 0 0 0 0 0 0 0 0 0 0 0 0 0 0 0 0 0 0 0 0 0 0 0 0 0 0 0 0 0 0 0 0 0 0 0 0 0 0 0 0 0 0 0 0 
2689 965 0 0 1609 800 282 0 0 3630 0 0 0 0 24 1027 2222 1596 1384 0 1 44 415 57 337 1 0 862 772 1509 14 3359 28 0 1 0 511 0 0 0 6 0 0 0 0 0 0 0 0 0 0 0 0 0 0 0 0 0 152 5 69 0 0 0 0 0 0 0 0 0 0 0 0 0 0 0 0 0 0 0 0 0 0 
0 13 0 0 816 0 3422 16972 0 22696 0 0 0 0 0 8058 0 7165 0 32 0 2 0 0 3 1 0 0 0 0 0 0 0 1 0 490 431 34 0 451 139 0 0 0 0 0 0 0 0 0 0 0 0 0 0 0 5 0 1206 0 743 0 0 0 0 0 0 0 0 0 0 0 0 0 0 37 0 0 0 0 0 0 102 
2390 137 0 0 391 0 9283 4676 0 2766 0 0 0 0 0 872 0 0 0 0 0 1 0 0 0 0 0 0 0 0 0 0 0 0 490 0 7 3 1 2 0 0 0 0 0 0 0 16 9 0 0 0 0 0 0 0 0 0 0 0 0 0 0 0 0 0 0 0 0 0 0 0 0 0 0 0 0 0 0 0 0 0 82 
2387 5450 0 0 14941 728 7535 12016 0 17683 0 0 0 0 133 6220 347 4573 4189 50 41 213 730 293 1547 31 5 118 706 1024 0 391 0 511 431 7 0 1 6 21 15 3 0 0 0 0 0 0 0 0 0 0 0 0 0 0 0 0 5078 2108 1122 1 6 0 4 11 0 0 0 0 0 0 0 0 0 323 0 129 35 0 7 1 3671 
69 78 0 0 1 0 1366 30 0 0 0 0 0 0 2 0 0 263 20 0 0 4 0 4 40 0 0 0 163 0 0 0 0 0 34 3 1 0 0 0 0 0 0 0 0 0 0 0 0 0 0 0 0 0 0 0 0 0 156 2 53 0 0 0 0 0 0 0 0 0 0 0 0 0 0 0 0 0 0 0 0 0 7194 
428 0 0 16 0 0 0 0 0 0 0 5 0 0 0 0 0 0 0 0 0 0 0 0 0 0 0 0 0 0 0 0 0 0 0 1 6 0 0 0 0 276 0 81 4 0 0 37 0 0 0 0 0 0 0 0 0 0 0 0 0 0 0 0 0 0 0 0 0 0 0 0 0 0 0 0 0 0 0 0 0 0 0 
0 0 0 0 0 0 0 0 0 0 0 0 0 0 32 0 0 42 0 0 1 0 0 3 48 111 0 0 31 0 0 0 0 0 451 2 21 0 0 0 0 0 0 0 0 0 0 0 0 0 0 0 0 0 0 0 0 0 169 0 95 56 1 19 4 0 0 0 0 0 0 0 0 0 0 21 0 78 1 0 1 0 37 
37 3 0 0 0 0 35 0 0 0 0 0 0 0 0 0 0 51 0 0 0 0 0 0 35 1 22 203 0 0 0 27 0 6 139 0 15 0 0 0 0 0 0 0 0 0 0 0 0 0 0 0 0 0 0 0 0 0 58 0 8 0 0 0 0 0 0 0 0 0 0 0 0 0 0 0 0 0 0 0 0 0 31 
2620 0 1 72 0 0 0 0 0 0 0 43 0 0 0 0 0 0 0 0 0 0 0 0 0 0 0 0 0 0 0 0 0 0 0 0 3 0 276 0 0 0 737 122 740 2 0 1604 0 0 0 0 0 0 0 0 0 0 1 0 0 2 250 896 604 16 0 15 1765 137 285 0 669 0 2477 0 902 3131 62 118 0 14 0 
0 0 0 0 0 0 0 0 0 0 0 0 0 0 0 0 0 0 0 0 0 0 0 0 0 0 0 0 0 0 0 0 0 0 0 0 0 0 0 0 0 737 0 0 0 124 0 0 0 0 0 0 0 0 0 0 0 0 0 0 0 0 693 1328 0 0 0 0 0 0 128 0 185 0 522 0 0 2925 0 0 0 0 0 
480 0 8 55 0 0 90 0 0 0 0 123 0 0 0 0 0 0 0 0 0 0 0 0 0 0 0 0 0 0 0 0 0 0 0 0 0 0 81 0 0 122 0 0 744 0 0 0 0 0 0 0 356 0 0 0 0 0 0 0 0 0 0 0 0 0 0 0 0 0 0 0 0 0 0 0 0 0 0 10 0 0 0 
52 0 4 6 0 0 3 0 0 0 0 90 0 0 0 0 0 0 0 0 0 0 0 0 0 0 0 0 0 0 0 0 0 0 0 0 0 0 4 0 0 740 0 744 0 0 0 104 831 0 0 0 146 0 0 0 0 0 0 0 0 0 0 0 0 0 0 9 19 0 0 0 0 0 0 0 25 0 0 19 0 0 0 
0 0 0 0 0 0 0 0 0 0 0 0 0 0 0 0 0 0 0 0 0 0 0 0 0 0 0 0 0 0 0 0 0 0 0 0 0 0 0 0 0 2 124 0 0 0 56 39 0 0 0 0 0 0 0 0 0 0 0 0 0 0 0 3 0 0 0 0 0 0 0 0 8 0 905 61 0 6285 50 0 0 0 1 
0 0 0 0 0 0 0 0 0 0 0 0 0 0 0 0 0 0 0 0 0 0 0 0 0 0 0 0 0 0 0 0 0 0 0 0 0 0 0 0 0 0 0 0 0 56 0 2 502 2274 3409 0 0 0 0 0 1010 43 0 0 0 0 0 0 0 0 0 0 0 350 2497 7 0 0 2263 55 0 3943 0 0 0 0 3 
12240 0 1116 342 0 0 2914 14 0 0 0 343 0 0 0 0 0 0 0 0 0 0 0 0 0 0 0 0 0 0 0 0 0 0 0 16 0 0 37 0 0 1604 0 0 104 39 2 0 4823 8381 108 0 512 0 0 0 0 0 5 0 0 2 1770 2321 757 0 0 0 123 74 560 0 241 0 190 2226 13421 14953 448 3 0 0 65 
1237 0 976 3 0 0 17911 39130 0 104 0 79 1839 71 0 0 0 0 0 0 0 0 0 0 0 0 0 0 0 0 0 0 0 0 0 9 0 0 0 0 0 0 0 0 831 0 502 4823 0 1741 857 495 1527 6430 1630 0 11 0 0 0 0 0 0 0 0 0 0 0 0 0 23 0 0 0 3 12087 18897 9307 6 0 1 0 158 
0 0 0 0 0 0 0 0 0 0 0 0 0 0 0 0 0 0 0 0 0 0 0 0 0 0 0 0 0 0 0 0 0 0 0 0 0 0 0 0 0 0 0 0 0 0 2274 8381 1741 0 3813 0 0 0 0 0 253 0 0 0 0 0 0 0 0 0 0 0 0 7 188 2 0 0 31 1071 0 1880 0 0 0 0 113 
0 0 0 0 0 0 0 2493 0 1659 0 0 0 3 0 1 0 0 0 0 0 0 0 0 0 0 0 0 0 0 0 0 0 0 0 0 0 0 0 0 0 0 0 0 0 0 3409 108 857 3813 0 2002 0 0 4405 0 3713 2552 0 0 0 0 0 0 0 0 0 0 0 187 5475 17 7 0 994 27093 4960 8718 0 0 13 0 6597 
0 0 0 0 0 0 0 1071 0 930 0 0 0 6 0 20 0 0 0 0 0 0 0 0 0 0 0 0 0 0 0 0 0 0 0 0 0 0 0 0 0 0 0 0 0 0 0 0 495 0 2002 0 0 0 1242 2 744 0 0 0 196 0 0 0 0 0 0 0 0 0 0 0 0 0 0 0 0 0 0 0 0 0 0 
0 0 0 0 0 0 0 0 0 0 0 0 0 0 0 0 0 0 0 0 0 0 0 0 0 0 0 0 0 0 0 0 0 0 0 0 0 0 0 0 0 0 0 356 146 0 0 512 1527 0 0 0 0 10 0 0 0 0 0 0 0 0 0 0 0 0 0 0 0 0 0 0 0 0 0 0 0 0 0 3 0 0 0 
0 0 0 0 0 0 3 169 0 0 0 0 0 0 0 0 0 0 0 0 0 0 0 0 0 0 0 0 0 0 0 0 0 0 0 0 0 0 0 0 0 0 0 0 0 0 0 0 6430 0 0 0 10 0 1333 1 0 0 0 0 33 0 0 0 0 0 0 0 0 0 0 0 0 0 0 0 4 0 0 0 0 0 0 
0 0 0 0 0 0 0 165 0 486 3 0 0 1 0 272 0 1161 0 48 0 0 0 0 0 0 0 0 0 0 0 0 0 0 0 0 0 0 0 0 0 0 0 0 0 0 0 0 1630 0 4405 1242 0 1333 0 2825 485 0 1563 0 7243 0 0 0 0 0 0 0 0 0 0 0 0 0 0 0 0 0 0 0 0 0 0 
0 0 0 0 0 0 0 0 0 0 1 0 0 0 0 171 0 2301 0 1585 54 0 13 0 0 0 0 0 0 0 0 0 0 0 0 0 0 0 0 0 0 0 0 0 0 0 0 0 0 0 0 2 0 1 2825 0 0 0 2630 0 8780 526 8 6 11 0 22 0 0 0 0 0 0 0 0 0 0 0 0 0 30 1 0 
0 0 0 0 0 0 0 0 0 193 0 0 0 1 0 134 0 0 0 0 0 0 0 0 0 0 0 0 0 0 0 0 0 0 5 0 0 0 0 0 0 0 0 0 0 0 1010 0 11 253 3713 744 0 0 485 0 0 8704 308 27 0 0 0 0 0 0 0 0 0 1010 1079 14 20 0 59 7824 349 5634 6 0 139 0 1981 
0 0 0 0 0 0 0 0 0 0 0 0 0 0 0 0 0 0 0 0 0 0 0 0 0 0 0 0 0 0 0 0 0 0 0 0 0 0 0 0 0 0 0 0 0 0 43 0 0 0 2552 0 0 0 0 0 8704 0 2631 164 0 0 0 0 0 0 0 0 0 2867 11465 5463 372 0 30 0 0 1609 0 0 0 0 0 
0 7 0 0 0 0 0 0 0 385 0 0 0 4 316 2390 0 12206 1579 4109 175 149 1475 7 42 14 0 0 10 79 24 162 0 152 1206 0 5078 156 0 169 58 1 0 0 0 0 0 5 0 0 0 0 0 0 1563 2630 308 2631 0 5512 786 697 427 1588 136 1373 1487 0 0 114 137 3 241 123 576 9697 67 3158 4 0 61 3 2047 
0 145 0 0 0 0 64 0 0 0 0 0 0 0 0 0 0 4516 568 335 121 53 919 1 141 0 0 0 0 0 0 5 0 5 0 0 2108 2 0 0 0 0 0 0 0 0 0 0 0 0 0 0 0 0 0 0 27 164 5512 0 0 5 5 612 11 3744 0 0 0 5452 2623 3254 1815 66 40 1702 0 3456 1038 0 0 11 547 
0 5 0 0 1 0 0 0 0 925 1 0 0 54 110 1971 0 2660 588 2194 155 2 13 2 0 0 0 0 8 55 21 53 0 69 743 0 1122 53 0 95 8 0 0 0 0 0 0 0 0 0 0 196 0 33 7243 8780 0 0 786 0 0 81 9 8 261 205 2368 0 0 0 0 0 0 0 0 1 1 181 0 0 1 0 71 
0 0 0 0 0 0 0 0 0 0 0 0 0 0 160 0 0 154 0 42 100 1 0 1 0 0 0 0 0 1 0 0 0 0 0 0 1 0 0 56 0 2 0 0 0 0 0 2 0 0 0 0 0 0 0 526 0 0 697 5 81 0 728 154 961 404 140 0 0 0 0 0 5 0 2 3 0 1147 2 0 3 0 0 
0 1 0 0 0 0 1 0 0 0 0 0 0 0 0 0 0 0 0 0 71 35 0 0 0 0 0 0 0 0 0 0 0 0 0 0 6 0 0 1 0 250 693 0 0 0 0 1770 0 0 0 0 0 0 0 8 0 0 427 5 9 728 0 434 449 27 5 0 0 134 1249 0 0 0 5 12 0 900 1 0 12 0 0 
0 0 0 0 0 0 0 0 0 0 0 0 0 0 12 0 0 0 0 0 0 0 0 2 0 10 0 0 0 0 0 0 0 0 0 0 0 0 0 19 0 896 1328 0 0 3 0 2321 0 0 0 0 0 0 0 6 0 0 1588 612 8 154 434 0 571 3020 0 0 0 2430 2403 0 176 0 136 0 0 3363 0 0 13 0 0 
0 1 0 0 0 0 0 0 0 0 0 0 0 0 0 0 0 1 0 0 59 19 0 0 0 0 0 0 0 0 0 0 0 0 0 0 4 0 0 4 0 604 0 0 0 0 0 757 0 0 0 0 0 0 0 11 0 0 136 11 261 961 449 571 0 213 13 0 3 73 182 0 0 0 0 4 0 255 1 0 5 0 0 
0 3 0 0 0 0 0 0 0 0 0 0 0 0 0 0 0 52 0 0 4 5 11 0 5 0 0 0 0 0 0 0 0 0 0 0 11 0 0 0 0 16 0 0 0 0 0 0 0 0 0 0 0 0 0 0 0 0 1373 3744 205 404 27 3020 213 0 15 13 11 1331 137 0 912 41 86 44 0 6608 734 0 10 48 0 
0 0 0 0 0 0 0 0 0 0 0 0 0 0 0 0 0 0 0 0 0 0 0 0 0 0 0 0 0 0 0 0 0 0 0 0 0 0 0 0 0 0 0 0 0 0 0 0 0 0 0 0 0 0 0 22 0 0 1487 0 2368 140 5 0 13 15 0 0 0 0 0 0 0 0 0 10 0 0 0 0 223 24 0 
0 0 0 0 0 0 0 0 0 0 0 0 0 0 0 0 0 0 0 0 0 0 0 0 0 0 0 0 0 0 0 0 0 0 0 0 0 0 0 0 0 15 0 0 9 0 0 0 0 0 0 0 0 0 0 0 0 0 0 0 0 0 0 0 0 13 0 0 0 13 0 0 0 0 52 0 0 10 11 0 0 136 0 
0 0 0 0 0 0 0 0 0 0 0 0 0 0 0 0 0 0 0 0 0 0 0 0 0 0 0 0 0 0 0 0 0 0 0 0 0 0 0 0 0 1765 0 0 19 0 0 123 0 0 0 0 0 0 0 0 0 0 0 0 0 0 0 0 3 11 0 0 0 573 4 0 0 0 976 0 0 41 1 0 0 21 0 
0 0 0 0 0 0 0 0 0 0 0 0 0 0 0 0 0 0 0 0 0 0 0 0 0 0 0 0 0 0 0 0 0 0 0 0 0 0 0 0 0 137 0 0 0 0 350 74 0 7 187 0 0 0 0 0 1010 2867 114 5452 0 0 134 2430 73 1331 0 13 573 0 3246 34 415 6 835 0 0 2870 105 0 2 66 1 
0 0 0 0 0 0 0 0 0 0 0 0 0 0 0 0 0 0 0 0 0 0 0 0 0 0 0 0 0 0 0 0 0 0 0 0 0 0 0 0 0 285 128 0 0 0 2497 560 23 188 5475 0 0 0 0 0 1079 11465 137 2623 0 0 1249 2403 182 137 0 0 4 3246 0 403 3446 1 389 0 0 4544 0 0 5 0 1 
0 0 0 0 0 0 0 0 0 0 0 0 0 0 0 0 0 0 0 0 0 0 0 0 0 0 0 0 0 0 0 0 0 0 0 0 0 0 0 0 0 0 0 0 0 0 7 0 0 2 17 0 0 0 0 0 14 5463 3 3254 0 0 0 0 0 0 0 0 0 34 403 0 2752 0 28 0 0 23 0 0 0 0 0 
0 0 0 0 0 0 0 0 0 0 0 0 0 0 0 0 0 0 0 0 0 0 0 0 0 0 0 0 0 0 0 0 0 0 0 0 0 0 0 0 0 669 185 0 0 8 0 241 0 0 7 0 0 0 0 0 20 372 241 1815 0 5 0 176 0 912 0 0 0 415 3446 2752 0 317 1565 0 0 50 0 0 0 0 0 
0 0 0 0 0 0 0 0 0 0 0 0 0 0 0 0 0 0 0 0 0 0 0 0 0 0 0 0 0 0 0 0 0 0 0 0 0 0 0 0 0 0 0 0 0 0 0 0 0 0 0 0 0 0 0 0 0 0 123 66 0 0 0 0 0 41 0 0 0 6 1 0 317 0 198 0 0 1 0 0 0 0 0 
0 0 0 0 0 0 0 0 0 0 0 0 0 0 0 0 0 0 0 0 0 0 0 0 0 0 0 0 0 0 0 0 0 0 0 0 0 0 0 0 0 2477 522 0 0 905 2263 190 3 31 994 0 0 0 0 0 59 30 576 40 0 2 5 136 0 86 0 52 976 835 389 28 1565 198 0 0 0 527 0 0 3 0 31 
0 0 0 0 0 0 2 0 0 0 0 0 0 0 0 11 0 24 0 0 0 13 1 0 0 0 0 0 0 0 0 0 0 0 37 0 323 0 0 21 0 0 0 0 0 61 55 2226 12087 1071 27093 0 0 0 0 0 7824 0 9697 1702 1 3 12 0 4 44 10 0 0 0 0 0 0 0 0 0 306 256 20 0 591 192 1911 
0 0 1 0 0 0 1050 9 0 0 0 4 0 0 0 0 0 0 0 0 0 0 0 0 0 0 0 0 0 0 0 0 0 0 0 0 0 0 0 0 0 902 0 0 25 0 0 13421 18897 0 4960 0 0 4 0 0 349 0 67 0 1 0 0 0 0 0 0 0 0 0 0 0 0 0 0 306 0 0 8 5 0 0 0 
0 8 0 0 0 0 3 0 0 0 0 0 0 0 0 0 0 23 6 1 1 24 0 0 0 0 0 0 0 0 0 0 0 0 0 0 129 0 0 78 0 3131 2925 0 0 6285 3943 14953 9307 1880 8718 0 0 0 0 0 5634 1609 3158 3456 181 1147 900 3363 255 6608 0 10 41 2870 4544 23 50 1 527 256 0 0 156 0 18 0 1564 
0 0 0 0 0 0 0 0 0 0 0 0 0 0 0 0 0 0 2 0 0 2 0 0 0 0 0 0 0 0 0 0 0 0 0 0 35 0 0 1 0 62 0 0 0 50 0 448 6 0 0 0 0 0 0 0 6 0 4 1038 0 2 1 0 1 734 0 11 1 105 0 0 0 0 0 20 8 156 0 0 0 0 1318 
0 0 0 0 0 0 0 0 0 0 0 0 0 0 0 0 0 0 0 0 0 0 0 0 0 0 0 0 0 0 0 0 0 0 0 0 0 0 0 0 0 118 0 10 19 0 0 3 0 0 0 0 3 0 0 0 0 0 0 0 0 0 0 0 0 0 0 0 0 0 0 0 0 0 0 0 5 0 0 0 0 0 0 
0 2 0 0 0 0 0 0 0 0 0 0 0 0 0 0 0 0 0 0 0 2 0 0 0 0 0 0 0 0 0 0 0 0 0 0 7 0 0 1 0 0 0 0 0 0 0 0 1 0 13 0 0 0 0 30 139 0 61 0 1 3 12 13 5 10 223 0 0 2 5 0 0 0 3 591 0 18 0 0 0 42 9 
0 0 0 0 0 0 0 0 0 0 0 0 0 0 0 0 0 0 0 0 0 0 0 0 0 0 0 0 0 0 0 0 0 0 0 0 1 0 0 0 0 14 0 0 0 0 0 0 0 0 0 0 0 0 0 1 0 0 3 11 0 0 0 0 0 48 24 136 21 66 0 0 0 0 0 192 0 0 0 0 42 0 0 
0 62 0 0 199 0 1173 2008 0 4637 0 0 0 0 0 580 0 4395 0 0 0 3 0 0 0 0 0 0 0 0 0 0 0 0 102 82 3671 7194 0 37 31 0 0 0 0 1 3 65 158 113 6597 0 0 0 0 0 1981 0 2047 547 71 0 0 0 0 0 0 0 0 1 1 0 0 0 31 1911 0 1564 1318 0 9 0 0 
