0 511 0 1044 287 0 0 1 0 254 0 525 0 0 0 514 2 49 100 4 0 0 1 0 14 0 17 0 166 641 0 118 3 5632 148 2162 3661 13 4 0 0 5482 0 0 12 0 0 615 0 0 0 0 24 0 0 0 0 0 0 0 0 0 0 0 0 0 0 0 0 0 0 0 0 0 0 0 0 0 0 6 0 0 1 
511 0 0 0 0 0 1 0 0 5 0 0 0 0 0 58 1 0 0 0 0 0 0 0 0 0 0 0 0 0 0 0 0 671 1205 889 4015 292 0 0 0 0 0 0 0 0 0 0 0 0 0 0 0 0 0 0 0 0 0 0 0 0 0 0 0 0 0 0 0 0 0 0 0 0 0 0 0 0 0 0 0 0 1 
0 0 0 311 0 0 0 0 0 0 0 687 0 0 0 0 0 0 0 0 0 0 0 0 0 0 0 0 0 0 0 0 0 0 0 0 0 0 0 0 0 73 0 0 0 0 0 150 0 0 0 0 0 0 0 0 0 0 0 0 0 0 0 0 0 0 0 0 0 0 0 0 0 0 0 0 0 0 0 0 0 0 0 
1044 0 311 0 0 0 158 0 0 0 0 582 0 0 0 0 0 0 0 0 0 0 0 0 18 0 9 0 92 81 0 0 0 306 0 1 6 0 0 0 0 2867 0 0 141 0 0 56 0 0 0 0 48 0 0 0 0 0 0 0 0 0 0 0 0 0 0 0 0 0 0 0 0 0 0 0 0 0 0 7 0 0 26 
287 0 0 0 0 10 514 880 0 87 0 0 208 0 0 269 1 37 0 0 0 0 0 0 0 0 0 0 0 0 0 0 0 4002 6792 2186 8530 161 0 0 0 0 0 0 0 4 2 334 385 0 0 0 0 0 0 0 0 0 0 0 0 0 0 0 0 0 0 0 0 0 0 0 0 0 0 180 88 53 0 0 0 0 0 
0 0 0 0 10 0 224 4731 147 1239 0 0 0 0 0 66 27 18 0 0 0 0 0 0 0 0 0 0 0 0 0 0 0 1015 7 1 114 0 0 0 0 0 0 0 0 0 0 0 17 0 0 0 0 0 0 0 0 0 0 0 0 0 0 0 0 0 0 0 0 0 0 0 0 0 0 7 0 5 0 0 0 0 0 
0 1 0 158 514 224 0 7643 758 747 0 4537 8092 0 0 496 0 3 0 0 0 0 0 0 0 0 0 0 0 0 0 0 0 302 3304 11310 3614 434 0 0 0 3645 0 2 0 21 21 12035 8394 0 2 0 25 0 0 0 0 0 0 0 0 0 0 0 0 0 0 0 0 0 0 0 0 0 0 707 501 50 0 0 0 0 6 
1 0 0 0 880 4731 7643 0 1994 3025 202 43 17330 6741 0 153 5 29 0 1 0 0 0 0 0 0 0 0 0 0 0 0 0 37 19423 452 4206 0 0 0 0 0 0 0 0 0 0 17 30219 0 56 4 0 10 85 0 400 0 0 0 0 0 0 0 0 0 0 0 0 0 0 0 0 0 0 103 20 30 0 0 0 0 336 
0 0 0 0 0 147 758 1994 0 1320 0 0 0 0 0 108 46 8 0 0 0 0 0 0 0 0 0 0 0 0 0 0 0 0 0 0 536 0 0 0 0 0 0 0 0 0 0 0 0 0 0 0 0 0 0 0 0 0 0 0 0 0 0 0 0 0 0 0 0 0 0 0 0 0 0 0 0 0 0 0 0 0 0 
254 5 0 0 87 1239 747 3025 1320 0 732 0 0 1609 0 2501 739 95 4018 0 0 0 0 0 0 0 0 0 0 212 0 0 0 8566 24777 3677 19146 0 0 0 0 0 0 0 19 0 0 1 9433 0 9305 34 0 0 110 545 4861 0 0 0 0 0 0 0 0 0 0 0 0 0 0 0 0 0 0 50 19 9 0 0 0 0 931 
0 0 0 0 0 0 0 202 0 732 0 0 0 5384 167 758 0 21 0 2 0 0 0 0 0 0 0 0 0 0 0 0 0 0 0 0 0 0 0 0 0 0 0 0 0 0 0 0 1837 0 1784 2 0 0 136 0 2 0 5 0 2 0 0 0 0 0 0 0 0 0 0 0 0 0 0 0 0 0 0 0 0 0 0 
525 0 687 582 0 0 4537 43 0 0 0 0 0 0 0 0 0 0 9 0 0 0 0 0 3 0 27 0 106 60 0 23 5 415 0 0 48 0 0 0 0 794 0 3 30 0 0 934 0 0 0 0 1 0 0 0 0 0 0 0 0 0 0 0 0 0 0 0 0 0 0 0 0 0 0 0 0 0 0 0 0 0 0 
0 0 0 0 208 0 8092 17330 0 0 0 0 0 0 0 0 0 0 0 0 0 0 0 0 0 0 0 0 0 0 0 0 0 0 1 3 0 0 0 0 0 0 0 18 0 0 0 365 2589 0 0 0 12 0 0 0 0 0 0 0 0 0 0 0 0 0 0 0 0 0 0 0 0 0 0 0 0 0 0 0 0 0 0 
0 0 0 0 0 0 0 6741 0 1609 5384 0 0 0 156 1677 0 1385 0 6354 0 0 0 0 0 0 0 0 0 0 0 0 0 0 0 0 0 0 0 0 0 0 0 0 0 0 0 0 616 0 382 18 0 0 28 0 22 0 0 0 0 0 0 0 0 0 0 0 0 0 0 0 0 0 0 0 0 0 0 0 0 0 0 
0 0 0 0 0 0 0 0 0 0 167 0 0 156 0 0 0 2835 0 8284 130 0 29 0 43 1 0 0 56 0 0 0 0 0 0 0 0 0 0 3 0 0 0 0 0 0 0 0 0 0 0 0 0 0 3 64 1 0 2 0 111 0 0 0 0 0 0 0 0 1 0 0 0 0 0 0 0 0 0 0 0 0 0 
514 58 0 0 269 66 496 153 108 2501 758 0 0 1677 0 0 2407 220 3805 62 0 0 0 0 1 0 0 0 0 957 20 0 0 4556 3056 1116 7249 7 0 63 271 0 0 0 0 0 0 0 1 0 456 23 0 0 182 526 5743 0 719 0 0 0 0 0 0 0 0 0 0 0 0 0 0 0 0 4 0 0 0 0 0 0 55 
2 1 0 0 1 27 0 5 46 739 0 0 0 0 0 2407 0 1144 6768 0 0 0 0 0 5 0 0 0 46 3175 3115 1651 0 126 0 0 99 0 0 0 0 0 0 0 0 0 0 0 0 0 0 0 0 0 0 0 0 0 0 0 0 0 0 0 0 0 0 0 0 0 0 0 0 0 0 0 0 0 0 0 0 0 0 
49 0 0 0 37 18 3 29 8 95 21 0 0 1385 2835 220 1144 0 10619 1068 647 83 647 4 4725 226 0 0 8810 6 0 0 0 76 2831 676 3048 0 1 1600 314 0 0 0 0 0 0 0 0 0 54 160 0 0 355 466 1454 0 3024 0 4979 337 0 6 0 0 0 0 0 184 0 0 0 0 0 0 0 0 0 0 0 0 61 
100 0 0 0 0 0 0 0 0 4018 0 9 0 0 0 3805 6768 10619 0 15 0 0 4120 0 1957 0 0 0 8629 1150 107 10 0 273 78 0 3442 0 1 1485 19 0 0 0 0 0 0 0 0 0 0 0 0 0 0 0 0 0 0 0 0 0 0 0 0 0 0 0 0 0 0 0 0 0 0 0 0 0 0 0 0 0 3 
4 0 0 0 0 0 0 1 0 0 2 0 0 6354 8284 62 0 1068 15 0 29 0 2 592 774 220 0 0 2009 11 0 0 0 0 0 0 0 0 0 1977 0 0 0 0 0 0 0 0 0 0 0 49 0 0 58 801 150 0 947 0 8750 58 0 13 0 0 0 0 0 9 0 0 0 0 0 0 0 0 0 0 0 0 0 
0 0 0 0 0 0 0 0 0 0 0 0 0 0 130 0 0 647 0 29 0 1321 340 661 372 56 0 0 1169 3 0 0 0 0 0 0 0 0 0 757 0 0 0 0 0 0 0 0 0 0 0 0 0 0 0 0 0 0 414 0 410 221 4 7 2 0 0 0 0 67 0 0 0 0 0 0 0 0 0 0 0 0 0 
0 0 0 0 0 0 0 0 0 0 0 0 0 0 0 0 0 83 0 0 1321 0 50 2243 2571 0 0 0 0 0 0 0 0 0 0 0 0 0 0 0 0 0 0 0 0 0 0 0 0 0 0 0 0 0 0 0 0 0 0 0 0 0 0 0 0 0 0 0 0 0 0 0 0 0 0 0 0 0 0 0 0 0 0 
1 0 0 0 0 0 0 0 0 0 0 0 0 0 29 0 0 647 4120 2 340 50 0 225 9907 0 0 0 7720 35 0 0 0 0 0 0 0 0 0 77 0 0 0 0 0 0 0 0 0 0 0 0 0 0 0 0 0 0 334 0 277 242 0 1 0 0 0 0 0 289 0 0 0 0 0 0 0 0 0 0 0 0 0 
0 0 0 0 0 0 0 0 0 0 0 0 0 0 0 0 0 4 0 592 661 2243 225 0 1424 50 0 0 7 0 0 0 0 0 4 0 0 0 0 3 0 0 0 0 0 0 0 0 0 0 0 0 0 0 0 0 0 0 0 0 0 9 0 0 0 0 0 0 0 0 0 0 0 0 0 0 0 0 0 0 0 0 0 
14 0 0 18 0 0 0 0 0 0 0 3 0 0 43 1 5 4725 1957 774 372 2571 9907 1424 0 18 0 0 2368 112 0 0 5 867 0 26 1181 781 1 378 61 14 0 0 0 0 0 0 0 0 0 0 2 0 0 154 11 0 166 0 2579 0 0 0 0 173 0 0 0 3074 0 0 0 0 0 7 0 1 0 0 0 0 0 
0 0 0 0 0 0 0 0 0 0 0 0 0 0 1 0 0 226 0 220 56 0 0 50 18 0 2 0 28 0 0 0 0 0 61 0 0 0 0 111 0 0 0 0 0 0 0 0 0 0 0 0 0 0 0 2 0 0 0 0 0 0 0 0 0 0 0 0 0 0 0 0 0 0 0 0 0 0 0 0 0 0 0 
17 0 0 9 0 0 0 0 0 0 0 27 0 0 0 0 0 0 0 0 0 0 0 0 0 2 0 0 0 5 0 0 0 559 0 0 0 8 0 77 0 19 0 0 0 0 0 1 0 0 0 0 1 0 0 0 0 0 0 0 0 0 0 0 0 0 0 0 0 0 0 0 0 0 0 0 0 0 0 1 0 0 0 
0 0 0 0 0 0 0 0 0 0 0 0 0 0 0 0 0 0 0 0 0 0 0 0 0 0 0 0 0 3 0 27 0 1322 0 0 0 0 0 0 0 0 0 0 0 0 0 0 0 0 0 0 0 0 0 0 0 0 0 0 0 0 0 0 0 0 0 0 0 0 0 0 0 0 0 0 0 0 0 0 0 0 0 
166 0 0 92 0 0 0 0 0 0 0 106 0 0 56 0 46 8810 8629 2009 1169 0 7720 7 2368 28 0 0 0 709 41 404 336 1152 0 5 1749 111 22 10 1 12 0 0 0 0 0 1 0 0 0 2 1 0 0 344 7 0 192 0 7880 0 0 0 0 103 0 0 0 11802 0 0 0 0 0 6 0 0 0 2 0 0 0 
641 0 0 81 0 0 0 0 0 212 0 60 0 0 0 957 3175 6 1150 11 3 0 35 0 112 0 5 3 709 0 79 1596 117 3670 0 1 312 0 11 0 0 10 0 0 0 0 0 1 0 0 0 0 0 0 0 0 0 0 0 0 0 0 0 0 0 0 0 0 0 0 0 0 0 0 0 0 0 0 0 0 0 0 0 
0 0 0 0 0 0 0 0 0 0 0 0 0 0 0 20 3115 0 107 0 0 0 0 0 0 0 0 0 41 79 0 13 0 3 0 0 1 0 0 0 0 0 0 0 0 0 0 0 0 0 0 0 0 0 0 0 0 0 0 0 0 0 0 0 0 0 0 0 0 0 0 0 0 0 0 0 0 0 0 0 0 0 0 
118 0 0 0 0 0 0 0 0 0 0 23 0 0 0 0 1651 0 10 0 0 0 0 0 0 0 0 27 404 1596 13 0 1406 572 0 0 13 0 6 0 0 0 0 0 0 0 0 0 0 0 0 0 0 0 0 0 0 0 0 0 0 0 0 0 0 0 0 0 0 0 0 0 0 0 0 0 0 0 0 0 0 0 0 
3 0 0 0 0 0 0 0 0 0 0 5 0 0 0 0 0 0 0 0 0 0 0 0 5 0 0 0 336 117 0 1406 0 16 0 0 30 0 0 0 0 0 0 0 0 0 0 0 0 0 0 0 0 0 0 0 0 0 0 0 0 0 0 0 0 0 0 0 0 0 0 0 0 0 0 0 0 0 0 0 0 0 0 
5632 671 0 306 4002 1015 302 37 0 8566 0 415 0 0 0 4556 126 76 273 0 0 0 0 0 867 0 559 1322 1152 3670 3 572 16 0 8 1 413 0 29 0 0 205 0 0 1 0 0 4 0 0 0 0 18 0 0 0 0 0 0 0 0 0 0 0 0 0 0 0 0 0 0 0 0 0 0 0 0 0 0 7 0 0 0 
148 1205 0 0 6792 7 3304 19423 0 24777 0 0 1 0 0 3056 0 2831 78 0 0 0 0 4 0 61 0 0 0 0 0 0 0 8 0 2111 350 36 0 1871 288 0 0 0 0 1 0 18 4707 0 2 0 0 0 0 0 146 0 29 0 2 0 0 0 0 0 0 0 0 0 0 0 0 0 0 1217 41 510 0 0 0 0 300 
2162 889 0 1 2186 1 11310 452 0 3677 0 0 3 0 0 1116 0 676 0 0 0 0 0 0 26 0 0 0 5 1 0 0 0 1 2111 0 165 3 0 0 0 0 0 0 0 3 6 108 234 0 601 0 0 0 0 0 5002 0 1 0 0 0 0 0 0 0 0 0 0 0 0 0 0 0 0 271 11 90 0 0 0 0 9 
3661 4015 0 6 8530 114 3614 4206 536 19146 0 48 0 0 0 7249 99 3048 3442 0 0 0 0 0 1181 0 0 0 1749 312 1 13 30 413 350 165 0 8 44 2 3 0 0 0 0 0 0 0 65 0 0 0 0 0 0 0 0 0 0 0 0 0 0 0 0 0 0 0 0 0 0 0 0 0 0 7 0 17 0 0 0 0 3338 
13 292 0 0 161 0 434 0 0 0 0 0 0 0 0 7 0 0 0 0 0 0 0 0 781 0 8 0 111 0 0 0 0 0 36 3 8 0 0 0 0 0 0 0 0 0 0 0 0 0 0 0 0 0 0 0 0 0 0 0 0 0 0 0 0 0 0 0 0 0 0 0 0 0 0 0 0 1 0 0 0 0 10253 
4 0 0 0 0 0 0 0 0 0 0 0 0 0 0 0 0 1 1 0 0 0 0 0 1 0 0 0 22 11 0 6 0 29 0 0 44 0 0 0 0 0 0 0 0 0 0 0 0 0 0 0 0 0 0 0 0 0 0 0 0 0 0 0 0 0 0 0 0 0 0 0 0 0 0 0 0 0 0 0 0 0 0 
0 0 0 0 0 0 0 0 0 0 0 0 0 0 3 63 0 1600 1485 1977 757 0 77 3 378 111 77 0 10 0 0 0 0 0 1871 0 2 0 0 0 7 0 0 0 0 0 0 0 0 0 0 0 0 0 0 1 2 0 14 0 5 0 0 0 0 0 0 0 0 3 0 0 0 0 0 0 0 0 0 0 0 0 47 
0 0 0 0 0 0 0 0 0 0 0 0 0 0 0 271 0 314 19 0 0 0 0 0 61 0 0 0 1 0 0 0 0 0 288 0 3 0 0 7 0 0 0 0 0 0 0 0 0 0 0 0 0 0 0 0 0 0 0 0 0 0 0 0 0 0 0 0 0 0 0 0 0 0 0 0 0 0 0 0 0 0 219 
5482 0 73 2867 0 0 3645 0 0 0 0 794 0 0 0 0 0 0 0 0 0 0 0 0 14 0 19 0 12 10 0 0 0 205 0 0 0 0 0 0 0 0 23 0 729 954 0 54 0 0 0 0 827 0 0 0 0 0 0 0 0 0 0 0 0 0 0 0 0 0 0 0 2 0 3014 16 4028 4130 219 39 0 0 8 
0 0 0 0 0 0 0 0 0 0 0 0 0 0 0 0 0 0 0 0 0 0 0 0 0 0 0 0 0 0 0 0 0 0 0 0 0 0 0 0 0 23 0 0 0 49 0 1 1 0 0 0 0 0 0 0 0 0 0 0 0 0 0 0 0 0 0 0 0 0 0 0 0 0 553 763 1075 3867 12 0 0 0 166 
0 0 0 0 0 0 2 0 0 0 0 3 18 0 0 0 0 0 0 0 0 0 0 0 0 0 0 0 0 0 0 0 0 0 0 0 0 0 0 0 0 0 0 0 56 0 0 0 0 0 0 0 117 0 0 0 0 0 0 0 0 0 0 0 0 0 0 0 0 0 0 0 0 0 0 0 0 0 0 0 0 0 0 
12 0 0 141 0 0 0 0 0 19 0 30 0 0 0 0 0 0 0 0 0 0 0 0 0 0 0 0 0 0 0 0 0 1 0 0 0 0 0 0 0 729 0 56 0 0 0 86 61 0 0 0 479 0 0 0 1 0 3 17 0 0 0 0 0 233 0 123 2 35 0 0 105 5 28 0 0 22 0 0 0 0 0 
0 0 0 0 4 0 21 0 0 0 0 0 0 0 0 0 0 0 0 0 0 0 0 0 0 0 0 0 0 0 0 0 0 0 1 3 0 0 0 0 0 954 49 0 0 0 156 226 250 0 0 0 0 0 0 0 0 0 0 0 0 0 0 0 0 0 0 0 0 0 0 0 0 0 1506 1620 1916 9393 0 0 0 0 3 
0 0 0 0 2 0 21 0 0 0 0 0 0 0 0 0 0 0 0 0 0 0 0 0 0 0 0 0 0 0 0 0 0 0 0 6 0 0 0 0 0 0 0 0 0 156 0 165 12648 561 182 0 0 0 0 0 4 0 0 0 0 0 0 0 0 0 0 0 0 0 0 0 0 0 1085 669 0 3576 0 0 0 0 2 
615 0 150 56 334 0 12035 17 0 1 0 934 365 0 0 0 0 0 0 0 0 0 0 0 0 0 1 0 1 1 0 0 0 4 18 108 0 0 0 0 0 54 1 0 86 226 165 0 7686 322 5 0 653 22 0 0 0 0 0 0 0 0 0 0 0 0 0 0 0 0 0 0 0 0 11 1721 12814 4159 205 9 0 0 198 
0 0 0 0 385 17 8394 30219 0 9433 1837 0 2589 616 0 1 0 0 0 0 0 0 0 0 0 0 0 0 0 0 0 0 0 0 4707 234 65 0 0 0 0 0 1 0 61 250 12648 7686 0 7113 5072 2210 7690 11405 9654 0 47 0 0 0 0 0 0 0 0 0 0 0 0 0 0 0 0 0 23 25333 1253 13678 0 0 0 0 54 
0 0 0 0 0 0 0 0 0 0 0 0 0 0 0 0 0 0 0 0 0 0 0 0 0 0 0 0 0 0 0 0 0 0 0 0 0 0 0 0 0 0 0 0 0 0 561 322 7113 0 2851 0 0 0 0 0 0 0 0 0 0 0 0 0 0 0 0 0 0 0 0 0 0 0 4 0 0 878 0 0 0 0 0 
0 0 0 0 0 0 2 56 0 9305 1784 0 0 382 0 456 0 54 0 0 0 0 0 0 0 0 0 0 0 0 0 0 0 0 2 601 0 0 0 0 0 0 0 0 0 0 182 5 5072 2851 0 1222 0 0 3465 98 4734 4499 4668 1869 0 0 0 29 0 0 0 0 0 540 233 10 0 0 3790 17728 1034 18388 0 0 0 0 3137 
0 0 0 0 0 0 0 4 0 34 2 0 0 18 0 23 0 160 0 49 0 0 0 0 0 0 0 0 2 0 0 0 0 0 0 0 0 0 0 0 0 0 0 0 0 0 0 0 2210 0 1222 0 0 1 322 24 885 0 0 0 1 0 0 0 0 0 0 0 0 0 0 0 0 0 0 0 0 0 0 0 0 0 0 
24 0 0 48 0 0 25 0 0 0 0 1 12 0 0 0 0 0 0 0 0 0 0 0 2 0 1 0 1 0 0 0 0 18 0 0 0 0 0 0 0 827 0 117 479 0 0 653 7690 0 0 0 0 0 0 0 0 0 0 0 0 0 0 0 0 0 0 0 0 0 0 0 0 0 332 0 0 0 0 5 0 0 0 
0 0 0 0 0 0 0 10 0 0 0 0 0 0 0 0 0 0 0 0 0 0 0 0 0 0 0 0 0 0 0 0 0 0 0 0 0 0 0 0 0 0 0 0 0 0 0 22 11405 0 0 1 0 0 345 0 0 0 0 0 0 0 0 0 0 0 0 0 0 0 0 0 0 0 0 0 0 0 0 0 0 0 0 
0 0 0 0 0 0 0 85 0 110 136 0 0 28 3 182 0 355 0 58 0 0 0 0 0 0 0 0 0 0 0 0 0 0 0 0 0 0 0 0 0 0 0 0 0 0 0 0 9654 0 3465 322 0 345 0 482 80 0 1 0 5864 0 0 0 0 0 0 0 0 0 0 0 0 0 0 0 0 0 0 0 0 0 0 
0 0 0 0 0 0 0 0 0 545 0 0 0 0 64 526 0 466 0 801 0 0 0 0 154 2 0 0 344 0 0 0 0 0 0 0 0 0 0 1 0 0 0 0 0 0 0 0 0 0 98 24 0 0 482 0 239 0 1426 0 5452 3538 7 16 3 48 1 0 0 793 0 0 0 0 0 0 0 0 0 0 0 0 0 
0 0 0 0 0 0 0 400 0 4861 2 0 0 22 1 5743 0 1454 0 150 0 0 0 0 11 0 0 0 7 0 0 0 0 0 146 5002 0 0 0 2 0 0 0 0 1 0 4 0 47 0 4734 885 0 0 80 239 0 2738 176 584 66 0 0 2 0 0 0 0 0 31 35 5 1 8 1968 7906 1848 5254 0 0 24 234 1016 
0 0 0 0 0 0 0 0 0 0 0 0 0 0 0 0 0 0 0 0 0 0 0 0 0 0 0 0 0 0 0 0 0 0 0 0 0 0 0 0 0 0 0 0 0 0 0 0 0 0 4499 0 0 0 0 0 2738 0 793 1401 0 0 0 4 0 0 0 0 0 401 438 4466 2129 53 478 0 0 503 0 0 0 0 0 
0 0 0 0 0 0 0 0 0 0 5 0 0 0 2 719 0 3024 0 947 414 0 334 0 166 0 0 0 192 0 0 0 0 0 29 1 0 0 0 14 0 0 0 0 3 0 0 0 0 0 4668 0 0 0 1 1426 176 793 0 8184 2029 1613 33 2245 136 1199 686 0 0 6183 0 0 0 0 129 3528 584 1436 0 0 230 544 40 
0 0 0 0 0 0 0 0 0 0 0 0 0 0 0 0 0 0 0 0 0 0 0 0 0 0 0 0 0 0 0 0 0 0 0 0 0 0 0 0 0 0 0 0 17 0 0 0 0 0 1869 0 0 0 0 0 584 1401 8184 0 2774 25 0 10207 0 3249 0 0 0 4761 1649 460 122 3 459 625 0 3963 2 0 1415 23 0 
0 0 0 0 0 0 0 0 0 0 2 0 0 0 111 0 0 4979 0 8750 410 0 277 0 2579 0 0 0 7880 0 0 0 0 0 2 0 0 0 0 5 0 0 0 0 0 0 0 0 0 0 0 1 0 0 5864 5452 66 0 2029 2774 0 235 0 20 110 3156 187 0 0 6127 0 0 0 0 0 493 0 37 0 0 78 0 0 
0 0 0 0 0 0 0 0 0 0 0 0 0 0 0 0 0 337 0 58 221 0 242 9 0 0 0 0 0 0 0 0 0 0 0 0 0 0 0 0 0 0 0 0 0 0 0 0 0 0 0 0 0 0 0 3538 0 0 1613 25 235 0 1218 938 1391 157 440 0 0 112 0 0 0 0 0 0 0 72 0 0 270 0 0 
0 0 0 0 0 0 0 0 0 0 0 0 0 0 0 0 0 0 0 0 4 0 0 0 0 0 0 0 0 0 0 0 0 0 0 0 0 0 0 0 0 0 0 0 0 0 0 0 0 0 0 0 0 0 0 7 0 0 33 0 0 1218 0 2139 3811 1616 12 0 0 12 0 0 0 0 0 0 0 0 0 0 16 0 0 
0 0 0 0 0 0 0 0 0 0 0 0 0 0 0 0 0 6 0 13 7 0 1 0 0 0 0 0 0 0 0 0 0 0 0 0 0 0 0 0 0 0 0 0 0 0 0 0 0 0 29 0 0 0 0 16 2 4 2245 10207 20 938 2139 0 2536 15203 3 0 0 5003 5 0 1 0 5 2 0 265 0 0 130 0 0 
0 0 0 0 0 0 0 0 0 0 0 0 0 0 0 0 0 0 0 0 2 0 0 0 0 0 0 0 0 0 0 0 0 0 0 0 0 0 0 0 0 0 0 0 0 0 0 0 0 0 0 0 0 0 0 3 0 0 136 0 110 1391 3811 2536 0 344 32 0 0 30 0 0 0 0 0 0 0 0 0 0 104 0 0 
0 0 0 0 0 0 0 0 0 0 0 0 0 0 0 0 0 0 0 0 0 0 0 0 173 0 0 0 103 0 0 0 0 0 0 0 0 0 0 0 0 0 0 0 233 0 0 0 0 0 0 0 0 0 0 48 0 0 1199 3249 3156 157 1616 15203 344 0 20 0 0 77 6 0 0 0 242 1 0 975 1200 0 40 3 0 
0 0 0 0 0 0 0 0 0 0 0 0 0 0 0 0 0 0 0 0 0 0 0 0 0 0 0 0 0 0 0 0 0 0 0 0 0 0 0 0 0 0 0 0 0 0 0 0 0 0 0 0 0 0 0 1 0 0 686 0 187 440 12 3 32 20 0 0 0 54 0 0 0 0 0 0 0 0 0 0 178 0 0 
0 0 0 0 0 0 0 0 0 0 0 0 0 0 0 0 0 0 0 0 0 0 0 0 0 0 0 0 0 0 0 0 0 0 0 0 0 0 0 0 0 0 0 0 123 0 0 0 0 0 0 0 0 0 0 0 0 0 0 0 0 0 0 0 0 0 0 0 0 0 0 0 0 0 439 0 0 0 0 0 91 10 0 
0 0 0 0 0 0 0 0 0 0 0 0 0 0 0 0 0 0 0 0 0 0 0 0 0 0 0 0 0 0 0 0 0 0 0 0 0 0 0 0 0 0 0 0 2 0 0 0 0 0 0 0 0 0 0 0 0 0 0 0 0 0 0 0 0 0 0 0 0 0 0 0 56 0 986 0 0 0 0 0 0 0 0 
0 0 0 0 0 0 0 0 0 0 0 0 0 0 1 0 0 184 0 9 67 0 289 0 3074 0 0 0 11802 0 0 0 0 0 0 0 0 0 0 3 0 0 0 0 35 0 0 0 0 0 540 0 0 0 0 793 31 401 6183 4761 6127 112 12 5003 30 77 54 0 0 0 238 965 1775 0 2068 1 0 824 115 0 11 0 0 
0 0 0 0 0 0 0 0 0 0 0 0 0 0 0 0 0 0 0 0 0 0 0 0 0 0 0 0 0 0 0 0 0 0 0 0 0 0 0 0 0 0 0 0 0 0 0 0 0 0 233 0 0 0 0 0 35 438 0 1649 0 0 0 5 0 6 0 0 0 238 0 248 2328 0 1251 0 0 0 0 0 0 0 0 
0 0 0 0 0 0 0 0 0 0 0 0 0 0 0 0 0 0 0 0 0 0 0 0 0 0 0 0 0 0 0 0 0 0 0 0 0 0 0 0 0 0 0 0 0 0 0 0 0 0 10 0 0 0 0 0 5 4466 0 460 0 0 0 0 0 0 0 0 0 965 248 0 2312 0 13 0 0 0 0 0 0 0 0 
0 0 0 0 0 0 0 0 0 0 0 0 0 0 0 0 0 0 0 0 0 0 0 0 0 0 0 0 0 0 0 0 0 0 0 0 0 0 0 0 0 2 0 0 105 0 0 0 0 0 0 0 0 0 0 0 1 2129 0 122 0 0 0 1 0 0 0 0 56 1775 2328 2312 0 382 1753 0 0 2 0 0 0 0 0 
0 0 0 0 0 0 0 0 0 0 0 0 0 0 0 0 0 0 0 0 0 0 0 0 0 0 0 0 0 0 0 0 0 0 0 0 0 0 0 0 0 0 0 0 5 0 0 0 0 0 0 0 0 0 0 0 8 53 0 3 0 0 0 0 0 0 0 0 0 0 0 0 382 0 50 0 0 0 0 0 0 0 0 
0 0 0 0 0 0 0 0 0 0 0 0 0 0 0 0 0 0 0 0 0 0 0 0 0 0 0 0 0 0 0 0 0 0 0 0 0 0 0 0 0 3014 553 0 28 1506 1085 11 23 4 3790 0 332 0 0 0 1968 478 129 459 0 0 0 5 0 242 0 439 986 2068 1251 13 1753 50 0 0 14 566 0 0 0 0 0 
0 0 0 0 180 7 707 103 0 50 0 0 0 0 0 4 0 0 0 0 0 0 0 0 7 0 0 0 6 0 0 0 0 0 1217 271 7 0 0 0 0 16 763 0 0 1620 669 1721 25333 0 17728 0 0 0 0 0 7906 0 3528 625 493 0 0 2 0 1 0 0 0 1 0 0 0 0 0 0 808 164 96 0 628 230 199 
0 0 0 0 88 0 501 20 0 19 0 0 0 0 0 0 0 0 0 0 0 0 0 0 0 0 0 0 0 0 0 0 0 0 41 11 0 0 0 0 0 4028 1075 0 0 1916 0 12814 1253 0 1034 0 0 0 0 0 1848 0 584 0 0 0 0 0 0 0 0 0 0 0 0 0 0 0 14 808 0 223 1 0 0 0 456 
0 0 0 0 53 5 50 30 0 9 0 0 0 0 0 0 0 0 0 0 0 0 0 0 1 0 0 0 0 0 0 0 0 0 510 90 17 1 0 0 0 4130 3867 0 22 9393 3576 4159 13678 878 18388 0 0 0 0 0 5254 503 1436 3963 37 72 0 265 0 975 0 0 0 824 0 0 2 0 566 164 223 0 38 1 11 2 3396 
0 0 0 0 0 0 0 0 0 0 0 0 0 0 0 0 0 0 0 0 0 0 0 0 0 0 0 0 0 0 0 0 0 0 0 0 0 0 0 0 0 219 12 0 0 0 0 205 0 0 0 0 0 0 0 0 0 0 0 2 0 0 0 0 0 1200 0 0 0 115 0 0 0 0 0 96 1 38 0 0 0 0 5776 
6 0 0 7 0 0 0 0 0 0 0 0 0 0 0 0 0 0 0 0 0 0 0 0 0 0 1 0 2 0 0 0 0 7 0 0 0 0 0 0 0 39 0 0 0 0 0 9 0 0 0 0 5 0 0 0 0 0 0 0 0 0 0 0 0 0 0 0 0 0 0 0 0 0 0 0 0 1 0 0 0 0 0 
0 0 0 0 0 0 0 0 0 0 0 0 0 0 0 0 0 0 0 0 0 0 0 0 0 0 0 0 0 0 0 0 0 0 0 0 0 0 0 0 0 0 0 0 0 0 0 0 0 0 0 0 0 0 0 0 24 0 230 1415 78 270 16 130 104 40 178 91 0 11 0 0 0 0 0 628 0 11 0 0 0 0 15 
0 0 0 0 0 0 0 0 0 0 0 0 0 0 0 0 0 0 0 0 0 0 0 0 0 0 0 0 0 0 0 0 0 0 0 0 0 0 0 0 0 0 0 0 0 0 0 0 0 0 0 0 0 0 0 0 234 0 544 23 0 0 0 0 0 3 0 10 0 0 0 0 0 0 0 230 0 2 0 0 0 0 70 
1 1 0 26 0 0 6 336 0 931 0 0 0 0 0 55 0 61 3 0 0 0 0 0 0 0 0 0 0 0 0 0 0 0 300 9 3338 10253 0 47 219 8 166 0 0 3 2 198 54 0 3137 0 0 0 0 0 1016 0 40 0 0 0 0 0 0 0 0 0 0 0 0 0 0 0 0 199 456 3396 5776 0 15 70 0 
