0 3131 381 251 355 0 3191 0 0 0 0 220 0 0 0 0 0 0 0 0 0 0 0 0 0 0 0 36 0 0 0 0 0 1583 0 658 45 0 131 0 0 1224 0 0 13 0 0 504 0 0 0 0 45 0 0 0 0 0 0 0 0 0 0 0 0 0 0 0 0 0 0 0 0 0 0 0 0 0 0 0 0 0 0 
3131 0 0 0 168 0 83 0 0 0 0 0 0 0 0 0 0 0 0 0 0 2 4 0 0 0 0 17 0 0 0 9 0 3557 0 0 41 0 0 0 0 0 0 0 0 0 0 0 0 0 0 0 0 0 0 0 0 0 0 0 0 0 0 0 0 0 0 0 0 0 0 0 0 0 0 0 0 0 0 0 0 0 0 
381 0 0 423 0 0 0 31 0 0 0 299 0 0 0 0 0 0 0 0 0 0 0 0 0 0 0 0 0 0 0 0 0 0 0 654 119 0 207 0 0 576 0 15 3 0 0 2440 154 0 0 0 3 0 0 0 0 0 0 0 0 0 0 0 0 0 0 0 0 0 0 0 0 0 0 0 0 0 0 0 0 0 0 
251 0 423 0 0 0 0 0 0 0 0 364 2 0 0 0 0 0 0 0 0 0 0 0 0 0 0 0 0 0 0 0 0 0 0 58 0 0 4 0 0 324 0 0 0 0 0 677 3 0 0 0 4 0 0 0 0 0 0 0 0 0 0 0 0 0 0 0 0 0 0 0 0 0 0 0 0 0 0 0 0 0 0 
355 168 0 0 0 1 866 6 927 3 0 0 0 0 0 0 0 0 0 0 0 0 4 0 0 0 0 0 0 0 0 0 0 3906 0 0 120 0 0 0 0 0 0 0 0 0 0 0 6 0 0 0 0 0 0 0 0 0 0 0 0 0 0 0 0 0 0 0 0 0 0 0 0 0 0 0 0 0 0 0 0 0 0 
0 0 0 0 1 0 5 54 1445 586 0 0 0 0 0 0 14 0 0 0 0 0 0 0 0 0 0 0 0 0 0 0 0 878 0 0 0 0 0 0 0 0 0 0 0 0 0 0 0 0 0 0 0 0 0 0 0 0 0 0 0 0 0 0 0 0 0 0 0 0 0 0 0 0 0 0 0 0 0 0 0 0 0 
3191 83 0 0 866 5 0 112 3401 227 0 37 0 0 0 4 0 0 0 0 0 735 801 272 274 0 0 2051 0 0 0 1994 0 10007 5665 18632 8702 841 20 0 0 392 0 274 0 0 0 6897 2108 0 0 0 0 0 0 0 0 0 0 0 0 0 0 0 0 0 0 0 0 0 0 0 0 0 0 0 0 0 0 0 0 0 1277 
0 0 31 0 6 54 112 0 776 2351 192 1732 17907 3429 0 21 1067 25 0 46 0 0 0 0 0 0 0 0 10 0 0 0 0 1040 13748 4367 4448 0 0 0 0 0 0 101 0 0 0 14629 23346 0 1 2 0 563 60 0 0 0 0 0 0 0 0 0 0 0 0 0 0 0 0 0 0 0 0 14 87 26 3 0 0 0 229 
0 0 0 0 927 1445 3401 776 0 5593 0 0 0 0 0 33 827 0 0 0 0 0 0 0 298 0 0 0 288 29 0 0 0 1349 1497 93 2563 0 0 0 0 0 0 0 0 0 0 0 463 0 0 0 0 0 0 0 0 0 0 0 0 0 0 0 0 0 0 0 0 0 0 0 0 0 0 0 0 0 0 0 0 0 821 
0 0 0 0 3 586 227 2351 5593 0 1867 0 6 7867 0 235 9179 2 51 0 0 0 0 0 1475 0 0 0 960 56 1 0 0 6332 21280 1013 7116 4 0 291 0 0 0 0 0 0 0 0 4110 0 1501 682 0 0 460 0 0 0 0 0 0 0 0 0 0 0 0 0 0 0 0 0 0 0 0 0 0 0 0 0 0 0 6490 
0 0 0 0 0 0 0 192 0 1867 0 0 20 2058 0 152 0 26 0 32 0 0 0 0 0 0 0 0 0 0 0 0 0 0 0 0 0 0 0 0 0 0 0 0 0 0 0 0 0 0 1 0 0 0 0 0 0 0 0 0 0 0 0 0 0 0 0 0 0 0 0 0 0 0 0 0 0 0 0 0 0 0 0 
220 0 299 364 0 0 37 1732 0 0 0 0 39 3 0 0 0 0 0 0 0 0 0 0 0 0 0 0 0 0 0 0 0 0 0 3 0 0 38 0 0 47 0 96 5 0 0 987 630 0 0 0 0 0 0 0 0 0 0 0 0 0 0 0 0 0 0 0 0 0 0 0 0 0 0 0 0 0 0 0 0 0 0 
0 0 0 2 0 0 0 17907 0 6 20 39 0 1823 1 2 0 3 0 28 0 0 0 0 0 0 0 0 0 0 0 0 0 0 0 0 0 0 0 0 0 0 0 0 0 0 0 821 983 0 0 0 0 0 0 0 0 0 0 0 0 0 0 0 0 0 0 0 0 0 0 0 0 0 0 0 0 0 0 0 0 0 0 
0 0 0 0 0 0 0 3429 0 7867 2058 3 1823 0 140 2465 0 6436 0 6857 0 0 0 0 0 0 0 0 0 0 0 0 0 0 29 30 0 0 0 0 0 0 0 0 0 0 0 0 158 0 102 17 0 0 0 0 0 0 0 0 172 0 0 0 0 0 0 0 0 0 0 0 0 0 0 0 0 0 0 0 0 0 0 
0 0 0 0 0 0 0 0 0 0 0 0 1 140 0 0 0 730 0 10173 177 7 0 30 0 195 0 0 0 0 0 0 0 0 2 0 50 0 0 29 0 0 0 0 0 0 0 0 0 0 0 0 0 0 0 0 0 0 0 0 45 0 0 0 0 0 0 0 0 0 0 0 0 0 0 0 0 0 0 0 0 0 0 
0 0 0 0 0 0 4 21 33 235 152 0 2 2465 0 0 4238 27 362 0 0 0 0 0 223 0 0 0 345 161 292 15 0 4838 5903 66 3307 29 0 376 0 0 0 0 0 0 0 0 0 0 191 0 0 0 1 0 0 0 0 0 0 0 0 0 0 0 0 0 0 0 0 0 0 0 0 0 0 0 0 0 0 0 1948 
0 0 0 0 0 14 0 1067 827 9179 0 0 0 0 0 4238 0 934 609 0 0 0 0 0 1110 0 0 0 2754 1987 2949 166 11 855 0 0 0 0 0 0 0 0 0 0 0 0 0 0 0 0 0 0 0 0 0 0 0 0 0 0 0 0 0 0 0 0 0 0 0 0 0 0 0 0 0 0 0 0 0 0 0 0 0 
0 0 0 0 0 0 0 25 0 2 26 0 3 6436 730 27 934 0 11790 35 6 96 314 0 1269 454 162 7 255 183 426 641 173 351 11051 464 4920 332 0 478 16 0 0 0 0 0 0 0 0 0 0 6 0 0 118 740 157 0 149 0 7416 0 0 0 0 0 0 0 0 0 18 0 409 124 50 0 0 158 0 0 0 0 2302 
0 0 0 0 0 0 0 0 0 51 0 0 0 0 0 362 609 11790 0 593 0 15 1811 0 4338 0 1609 5 4767 4064 2225 2108 30 394 508 0 1567 1362 0 28 8 0 0 0 0 0 0 0 0 0 0 0 0 0 0 0 0 0 0 0 26 0 0 0 0 0 0 0 0 0 0 0 0 0 0 0 0 2 0 0 0 0 458 
0 0 0 0 0 0 0 46 0 0 32 0 28 6857 10173 0 0 35 593 0 120 13 0 6 0 1194 0 0 0 0 0 0 0 0 0 0 590 238 0 528 1 0 0 0 0 0 0 0 0 0 0 0 0 0 1 1360 0 0 22 0 5962 0 0 0 0 0 0 0 0 0 4 0 176 40 12 0 0 92 0 0 0 0 1 
0 0 0 0 0 0 0 0 0 0 0 0 0 0 177 0 0 6 0 120 0 1041 37 135 6 13 0 0 0 0 0 0 0 0 0 0 3 0 0 0 0 0 0 0 0 0 0 0 0 0 0 0 0 0 0 171 0 0 6 0 960 3 0 0 0 0 0 0 0 0 0 0 0 0 2 0 0 5 0 0 0 0 0 
0 2 0 0 0 0 735 0 0 0 0 0 0 0 7 0 0 96 15 13 1041 0 698 956 59 32 0 0 1 0 0 265 0 306 1 14 4356 0 0 5 0 0 0 0 0 0 0 0 0 0 0 0 0 0 0 0 0 0 8 0 99 0 1 0 2 1 0 0 0 0 0 0 7 3 5 8 0 297 4 0 36 0 0 
0 4 0 0 4 0 801 0 0 0 0 0 0 0 0 0 0 314 1811 0 37 698 0 94 2262 2 192 0 27 0 0 378 0 734 4 0 1128 0 0 0 0 0 0 0 0 0 0 0 0 0 0 0 0 0 0 0 0 0 0 0 4 0 0 0 0 0 0 0 0 0 0 0 3 3 19 0 0 43 0 0 0 0 0 
0 0 0 0 0 0 272 0 0 0 0 0 0 0 30 0 0 0 0 6 135 956 94 0 462 9 0 0 0 0 0 43 0 39 40 1 1823 0 0 3 0 0 0 0 0 0 0 0 0 0 0 0 0 0 0 3 0 0 0 0 0 0 0 0 0 0 0 0 0 0 0 0 0 0 0 0 0 1 0 0 0 0 0 
0 0 0 0 0 0 274 0 298 1475 0 0 0 0 0 223 1110 1269 4338 0 6 59 2262 462 0 27 123 3 238 22 0 1536 0 2663 2 0 1932 78 0 8 0 0 0 0 0 0 0 0 0 0 0 0 0 0 0 0 0 0 0 0 0 0 0 0 0 0 0 0 0 0 0 0 0 0 0 0 0 0 0 0 0 0 0 
0 0 0 0 0 0 0 0 0 0 0 0 0 0 195 0 0 454 0 1194 13 32 2 9 27 0 182 5 0 0 0 16 0 24 433 0 27 0 0 68 0 0 0 0 0 0 0 0 0 0 0 0 0 0 0 12 0 0 0 0 0 0 0 0 0 0 0 0 0 0 0 0 0 0 0 0 0 0 0 0 0 0 0 
0 0 0 0 0 0 0 0 0 0 0 0 0 0 0 0 0 162 1609 0 0 0 192 0 123 182 0 0 1 0 0 42 0 68 99 0 982 220 0 79 0 0 0 0 0 0 0 0 0 0 0 0 0 0 0 0 0 0 0 0 0 0 0 0 0 0 0 0 0 0 0 0 0 0 0 0 0 0 0 0 0 0 0 
36 17 0 0 0 0 2051 0 0 0 0 0 0 0 0 0 0 7 5 0 0 0 0 0 3 5 0 0 0 0 0 0 0 27 22 0 1599 29 0 0 0 0 0 0 0 0 0 0 0 0 0 0 0 0 0 0 0 0 0 0 0 0 0 0 0 0 0 0 0 0 0 0 0 0 0 0 0 0 0 0 0 0 0 
0 0 0 0 0 0 0 10 288 960 0 0 0 0 0 345 2754 255 4767 0 0 1 27 0 238 0 1 0 0 328 14 367 0 461 6 0 1855 125 0 0 0 0 0 0 0 0 0 0 0 0 0 0 0 0 0 0 0 0 0 0 0 0 0 0 0 0 0 0 0 0 0 0 0 0 0 0 0 0 0 0 0 0 0 
0 0 0 0 0 0 0 0 29 56 0 0 0 0 0 161 1987 183 4064 0 0 0 0 0 22 0 0 0 328 0 445 346 0 70 0 0 29 0 0 0 0 0 0 0 0 0 0 0 0 0 0 0 0 0 0 0 0 0 0 0 0 0 0 0 0 0 0 0 0 0 0 0 0 0 0 0 0 0 0 0 0 0 0 
0 0 0 0 0 0 0 0 0 1 0 0 0 0 0 292 2949 426 2225 0 0 0 0 0 0 0 0 0 14 445 0 1369 0 34 0 0 0 0 0 0 0 0 0 0 0 0 0 0 0 0 0 0 0 0 0 0 0 0 0 0 0 0 0 0 0 0 0 0 0 0 0 0 0 0 0 0 0 0 0 0 0 0 0 
0 9 0 0 0 0 1994 0 0 0 0 0 0 0 0 15 166 641 2108 0 0 265 378 43 1536 16 42 0 367 346 1369 0 317 232 251 0 681 0 0 0 0 0 0 0 0 0 0 0 0 0 0 0 0 0 0 0 0 0 0 0 0 0 0 0 0 0 0 0 0 0 0 0 0 0 0 0 0 0 0 0 0 0 0 
0 0 0 0 0 0 0 0 0 0 0 0 0 0 0 0 11 173 30 0 0 0 0 0 0 0 0 0 0 0 0 317 0 0 0 0 0 0 0 0 0 0 0 0 0 0 0 0 0 0 0 0 0 0 0 0 0 0 0 0 0 0 0 0 0 0 0 0 0 0 0 0 0 0 0 0 0 0 0 0 0 0 0 
1583 3557 0 0 3906 878 10007 1040 1349 6332 0 0 0 0 0 4838 855 351 394 0 0 306 734 39 2663 24 68 27 461 70 34 232 0 0 298 14 12 0 0 1 0 0 0 0 0 0 0 0 75 0 0 0 0 0 0 0 0 0 0 0 0 0 0 0 0 0 0 0 0 0 0 0 0 0 0 0 0 0 0 0 0 0 0 
0 0 0 0 0 0 5665 13748 1497 21280 0 0 0 29 2 5903 0 11051 508 0 0 1 4 40 2 433 99 22 6 0 0 251 0 298 0 210 3266 51 0 178 141 0 0 0 0 0 0 0 73 0 352 2 0 0 4 0 159 0 32 0 586 0 0 0 0 0 0 0 0 0 0 0 0 0 0 40 7 0 0 0 0 0 450 
658 0 654 58 0 0 18632 4367 93 1013 0 3 0 30 0 66 0 464 0 0 0 14 0 1 0 0 0 0 0 0 0 0 0 14 210 0 131 26 23 37 0 0 0 0 0 0 0 0 2 0 467 0 0 0 13 0 1314 0 189 0 221 0 0 0 0 0 0 0 0 0 0 0 0 0 0 266 37 6 0 0 0 0 14 
45 41 119 0 120 0 8702 4448 2563 7116 0 0 0 0 50 3307 0 4920 1567 590 3 4356 1128 1823 1932 27 982 1599 1855 29 0 681 0 12 3266 131 0 1 0 57 4 0 0 0 0 0 0 1 175 0 0 0 0 0 0 1 0 0 66 0 2739 0 0 0 1 0 0 0 0 0 0 0 200 83 48 66 0 1910 68 0 28 0 3512 
0 0 0 0 0 0 841 0 0 4 0 0 0 0 0 29 0 332 1362 238 0 0 0 0 78 0 220 29 125 0 0 0 0 0 51 26 1 0 0 0 2 0 0 0 0 0 0 0 0 0 0 0 0 0 0 0 0 0 2 0 200 0 0 0 0 0 0 0 0 0 0 0 5 1 0 0 0 1 0 0 0 0 1864 
131 0 207 4 0 0 20 0 0 0 0 38 0 0 0 0 0 0 0 0 0 0 0 0 0 0 0 0 0 0 0 0 0 0 0 23 0 0 0 0 0 0 0 0 1 0 0 0 0 0 0 0 2 0 0 0 0 0 0 0 0 0 0 0 0 0 0 0 0 0 0 0 0 0 0 0 0 0 0 0 0 0 0 
0 0 0 0 0 0 0 0 0 291 0 0 0 0 29 376 0 478 28 528 0 5 0 3 8 68 79 0 0 0 0 0 0 1 178 37 57 0 0 0 32 0 0 0 0 0 0 0 0 0 0 0 0 0 0 6 0 0 0 0 13 7 18 0 0 0 0 0 0 0 0 0 0 0 0 42 0 35 9 0 1 0 0 
0 0 0 0 0 0 0 0 0 0 0 0 0 0 0 0 0 16 8 1 0 0 0 0 0 0 0 0 0 0 0 0 0 0 141 0 4 2 0 32 0 0 0 0 0 0 0 0 0 0 0 0 0 0 0 0 0 0 0 0 0 0 0 0 0 0 0 0 0 0 0 0 0 0 0 0 0 0 0 0 0 0 0 
1224 0 576 324 0 0 392 0 0 0 0 47 0 0 0 0 0 0 0 0 0 0 0 0 0 0 0 0 0 0 0 0 0 0 0 0 0 0 0 0 0 0 3144 0 422 1060 0 3986 0 0 0 0 1083 0 0 0 0 0 0 0 0 0 0 0 0 0 0 23 284 14 2 0 0 0 148 0 137 19 0 67 0 0 0 
0 0 0 0 0 0 0 0 0 0 0 0 0 0 0 0 0 0 0 0 0 0 0 0 0 0 0 0 0 0 0 0 0 0 0 0 0 0 0 0 0 3144 0 0 0 1 0 7 0 0 0 0 0 0 0 0 0 0 0 0 0 0 0 0 2 0 0 0 1157 141 137 0 14 0 510 0 0 53 0 0 0 0 0 
0 0 15 0 0 0 274 101 0 0 0 96 0 0 0 0 0 0 0 0 0 0 0 0 0 0 0 0 0 0 0 0 0 0 0 0 0 0 0 0 0 0 0 0 3 0 0 0 4 0 0 0 258 0 0 0 0 0 0 0 0 0 0 0 0 0 0 0 0 0 0 0 0 0 0 0 22 0 0 1 0 0 0 
13 0 3 0 0 0 0 0 0 0 0 5 0 0 0 0 0 0 0 0 0 0 0 0 0 0 0 0 0 0 0 0 0 0 0 0 0 0 1 0 0 422 0 3 0 0 0 15 35 0 0 0 663 60 0 0 0 0 0 0 0 0 0 0 0 0 0 0 0 0 0 0 0 0 0 1 0 2 0 0 0 0 29 
0 0 0 0 0 0 0 0 0 0 0 0 0 0 0 0 0 0 0 0 0 0 0 0 0 0 0 0 0 0 0 0 0 0 0 0 0 0 0 0 0 1060 1 0 0 0 157 128 81 1915 250 0 0 0 0 0 914 0 0 0 0 0 0 0 0 0 0 0 1029 166 116 0 1553 0 4113 0 0 2063 0 0 0 0 0 
0 0 0 0 0 0 0 0 0 0 0 0 0 0 0 0 0 0 0 0 0 0 0 0 0 0 0 0 0 0 0 0 0 0 0 0 0 0 0 0 0 0 0 0 0 157 0 383 894 6644 1611 0 0 0 0 0 5339 39 1409 537 0 0 0 0 0 0 0 0 0 31 872 147 118 0 1177 0 0 139 0 0 0 0 0 
504 0 2440 677 0 0 6897 14629 0 0 0 987 821 0 0 0 0 0 0 0 0 0 0 0 0 0 0 0 0 0 0 0 0 0 0 0 1 0 0 0 0 3986 7 0 15 128 383 0 3637 3231 19 0 973 883 0 0 77 0 0 0 0 3 2 0 44 6 0 110 2879 777 399 0 987 0 1886 289 16444 15632 1007 1068 0 0 91 
0 0 154 3 6 0 2108 23346 463 4110 0 630 983 158 0 0 0 0 0 0 0 0 0 0 0 0 0 0 0 0 0 0 0 75 73 2 175 0 0 0 0 0 0 4 35 81 894 3637 0 132 103 794 2561 8925 2956 78 0 0 0 0 194 0 0 0 0 0 0 0 0 0 0 0 0 0 684 8574 4245 14526 353 44 0 0 1475 
0 0 0 0 0 0 0 0 0 0 0 0 0 0 0 0 0 0 0 0 0 0 0 0 0 0 0 0 0 0 0 0 0 0 0 0 0 0 0 0 0 0 0 0 0 1915 6644 3231 132 0 299 0 0 0 0 0 193 0 279 0 0 0 0 0 0 0 0 0 0 0 0 0 0 0 492 367 59 4657 0 0 0 0 65 
0 0 0 0 0 0 0 1 0 1501 1 0 0 102 0 191 0 0 0 0 0 0 0 0 0 0 0 0 0 0 0 0 0 0 352 467 0 0 0 0 0 0 0 0 0 250 1611 19 103 299 0 1472 0 0 2714 0 1842 358 2779 2350 0 0 0 0 0 42 0 0 0 3282 4075 1961 350 0 2238 16279 544 19045 32 0 0 0 7533 
0 0 0 0 0 0 0 2 0 682 0 0 0 17 0 0 0 6 0 0 0 0 0 0 0 0 0 0 0 0 0 0 0 0 2 0 0 0 0 0 0 0 0 0 0 0 0 0 794 0 1472 0 0 0 2052 0 292 0 1 0 0 0 0 0 0 0 0 0 0 0 0 0 0 0 0 0 0 0 0 0 0 0 0 
45 0 3 4 0 0 0 0 0 0 0 0 0 0 0 0 0 0 0 0 0 0 0 0 0 0 0 0 0 0 0 0 0 0 0 0 0 0 2 0 0 1083 0 258 663 0 0 973 2561 0 0 0 0 0 0 0 0 0 0 0 0 0 0 0 0 0 0 0 0 0 0 0 0 0 0 0 0 0 0 0 0 0 0 
0 0 0 0 0 0 0 563 0 0 0 0 0 0 0 0 0 0 0 0 0 0 0 0 0 0 0 0 0 0 0 0 0 0 0 0 0 0 0 0 0 0 0 0 60 0 0 883 8925 0 0 0 0 0 293 1 0 0 0 0 193 0 0 0 0 0 0 0 0 0 0 0 0 0 0 0 0 0 0 0 0 0 0 
0 0 0 0 0 0 0 60 0 460 0 0 0 0 0 1 0 118 0 1 0 0 0 0 0 0 0 0 0 0 0 0 0 0 4 13 0 0 0 0 0 0 0 0 0 0 0 0 2956 0 2714 2052 0 293 0 140 1434 0 534 0 5819 0 0 0 0 0 0 0 0 0 0 0 0 0 0 0 0 0 0 0 0 0 0 
0 0 0 0 0 0 0 0 0 0 0 0 0 0 0 0 0 740 0 1360 171 0 0 3 0 12 0 0 0 0 0 0 0 0 0 0 1 0 0 6 0 0 0 0 0 0 0 0 78 0 0 0 0 1 140 0 0 0 110 0 10754 176 76 0 0 0 7 0 0 0 0 0 0 0 0 0 0 0 0 0 10 0 0 
0 0 0 0 0 0 0 0 0 0 0 0 0 0 0 0 0 157 0 0 0 0 0 0 0 0 0 0 0 0 0 0 0 0 159 1314 0 0 0 0 0 0 0 0 0 914 5339 77 0 193 1842 292 0 0 1434 0 0 3312 18 123 0 0 0 0 0 0 0 0 0 223 1425 1428 746 0 7330 2986 81 4657 0 0 0 0 4 
0 0 0 0 0 0 0 0 0 0 0 0 0 0 0 0 0 0 0 0 0 0 0 0 0 0 0 0 0 0 0 0 0 0 0 0 0 0 0 0 0 0 0 0 0 0 39 0 0 0 358 0 0 0 0 0 3312 0 1689 3794 0 0 0 0 0 0 0 0 0 1209 1529 4756 2757 0 12 0 0 0 0 0 0 0 0 
0 0 0 0 0 0 0 0 0 0 0 0 0 0 0 0 0 149 0 22 6 8 0 0 0 0 0 0 0 0 0 0 0 0 32 189 66 2 0 0 0 0 0 0 0 0 1409 0 0 279 2779 1 0 0 534 110 18 1689 0 5357 115 89 24 667 0 2 8 0 0 442 3454 0 7593 1220 3279 3282 33 10307 234 0 16 0 723 
0 0 0 0 0 0 0 0 0 0 0 0 0 0 0 0 0 0 0 0 0 0 0 0 0 0 0 0 0 0 0 0 0 0 0 0 0 0 0 0 0 0 0 0 0 0 537 0 0 0 2350 0 0 0 0 0 123 3794 5357 0 10 6 0 1876 0 5567 0 0 0 6252 2418 4834 1646 0 70 0 0 19 0 0 0 0 0 
0 0 0 0 0 0 0 0 0 0 0 0 0 172 45 0 0 7416 26 5962 960 99 4 0 0 0 0 0 0 0 0 0 0 0 586 221 2739 200 0 13 0 0 0 0 0 0 0 0 194 0 0 0 0 193 5819 10754 0 0 115 10 0 21 39 0 5 0 920 0 0 4 150 0 1935 619 446 5805 74 4702 21 0 545 0 564 
0 0 0 0 0 0 0 0 0 0 0 0 0 0 0 0 0 0 0 0 3 0 0 0 0 0 0 0 0 0 0 0 0 0 0 0 0 0 0 7 0 0 0 0 0 0 0 3 0 0 0 0 0 0 0 176 0 0 89 6 21 0 136 31 24 1 405 0 0 3 8 0 279 0 289 0 0 161 0 0 14 0 0 
0 0 0 0 0 0 0 0 0 0 0 0 0 0 0 0 0 0 0 0 0 1 0 0 0 0 0 0 0 0 0 0 0 0 0 0 0 0 0 18 0 0 0 0 0 0 0 2 0 0 0 0 0 0 0 76 0 0 24 0 39 136 0 319 222 6 27 0 0 9 29 0 2629 0 853 2 0 2234 0 0 5 0 0 
0 0 0 0 0 0 0 0 0 0 0 0 0 0 0 0 0 0 0 0 0 0 0 0 0 0 0 0 0 0 0 0 0 0 0 0 0 0 0 0 0 0 0 0 0 0 0 0 0 0 0 0 0 0 0 0 0 0 667 1876 0 31 319 0 20 3151 0 0 0 4828 2458 5 5464 0 1096 0 0 1738 0 0 0 0 0 
0 0 0 0 0 0 0 0 0 0 0 0 0 0 0 0 0 0 0 0 0 2 0 0 0 0 0 0 0 0 0 0 0 0 0 0 1 0 0 0 0 0 2 0 0 0 0 44 0 0 0 0 0 0 0 0 0 0 0 0 5 24 222 20 0 1305 0 0 0 3084 538 0 1282 0 0 16 0 278 0 0 1 0 0 
0 0 0 0 0 0 0 0 0 0 0 0 0 0 0 0 0 0 0 0 0 1 0 0 0 0 0 0 0 0 0 0 0 0 0 0 0 0 0 0 0 0 0 0 0 0 0 6 0 0 42 0 0 0 0 0 0 0 2 5567 0 1 6 3151 1305 0 10 0 0 2666 803 8 267 0 0 41 0 81 0 0 1 0 0 
0 0 0 0 0 0 0 0 0 0 0 0 0 0 0 0 0 0 0 0 0 0 0 0 0 0 0 0 0 0 0 0 0 0 0 0 0 0 0 0 0 0 0 0 0 0 0 0 0 0 0 0 0 0 0 7 0 0 8 0 920 405 27 0 0 10 0 33 0 95 0 0 0 0 0 0 0 0 0 0 81 0 0 
0 0 0 0 0 0 0 0 0 0 0 0 0 0 0 0 0 0 0 0 0 0 0 0 0 0 0 0 0 0 0 0 0 0 0 0 0 0 0 0 0 23 0 0 0 0 0 110 0 0 0 0 0 0 0 0 0 0 0 0 0 0 0 0 0 0 33 0 241 0 0 0 0 0 58 112 0 560 8 0 101 33 0 
0 0 0 0 0 0 0 0 0 0 0 0 0 0 0 0 0 0 0 0 0 0 0 0 0 0 0 0 0 0 0 0 0 0 0 0 0 0 0 0 0 284 1157 0 0 1029 0 2879 0 0 0 0 0 0 0 0 0 0 0 0 0 0 0 0 0 0 0 241 0 0 0 0 0 0 513 6 0 544 10 2 0 1 0 
0 0 0 0 0 0 0 0 0 0 0 0 0 0 0 0 0 0 0 0 0 0 0 0 0 0 0 0 0 0 0 0 0 0 0 0 0 0 0 0 0 14 141 0 0 166 31 777 0 0 3282 0 0 0 0 0 223 1209 442 6252 4 3 9 4828 3084 2666 95 0 0 0 418 230 1 0 16 230 0 887 0 0 61 0 0 
0 0 0 0 0 0 0 0 0 0 0 0 0 0 0 0 0 18 0 4 0 0 0 0 0 0 0 0 0 0 0 0 0 0 0 0 0 0 0 0 0 2 137 0 0 116 872 399 0 0 4075 0 0 0 0 0 1425 1529 3454 2418 150 8 29 2458 538 803 0 0 0 418 0 100 56 0 9 0 0 116 0 0 0 0 0 
0 0 0 0 0 0 0 0 0 0 0 0 0 0 0 0 0 0 0 0 0 0 0 0 0 0 0 0 0 0 0 0 0 0 0 0 0 0 0 0 0 0 0 0 0 0 147 0 0 0 1961 0 0 0 0 0 1428 4756 0 4834 0 0 0 5 0 8 0 0 0 230 100 0 100 0 0 0 0 0 0 0 0 0 0 
0 0 0 0 0 0 0 0 0 0 0 0 0 0 0 0 0 409 0 176 0 7 3 0 0 0 0 0 0 0 0 0 0 0 0 0 200 5 0 0 0 0 14 0 0 1553 118 987 0 0 350 0 0 0 0 0 746 2757 7593 1646 1935 279 2629 5464 1282 267 0 0 0 1 56 100 0 58 218 0 0 1640 0 0 0 0 0 
0 0 0 0 0 0 0 0 0 0 0 0 0 0 0 0 0 124 0 40 0 3 3 0 0 0 0 0 0 0 0 0 0 0 0 0 83 1 0 0 0 0 0 0 0 0 0 0 0 0 0 0 0 0 0 0 0 0 1220 0 619 0 0 0 0 0 0 0 0 0 0 0 58 0 5 0 0 0 0 0 0 0 0 
0 0 0 0 0 0 0 0 0 0 0 0 0 0 0 0 0 50 0 12 2 5 19 0 0 0 0 0 0 0 0 0 0 0 0 0 48 0 0 0 0 148 510 0 0 4113 1177 1886 684 492 2238 0 0 0 0 0 7330 12 3279 70 446 289 853 1096 0 0 0 58 513 16 9 0 218 5 0 0 0 3 0 0 0 0 0 
0 0 0 0 0 0 0 14 0 0 0 0 0 0 0 0 0 0 0 0 0 8 0 0 0 0 0 0 0 0 0 0 0 0 40 266 66 0 0 42 0 0 0 0 1 0 0 289 8574 367 16279 0 0 0 0 0 2986 0 3282 0 5805 0 2 0 16 41 0 112 6 230 0 0 0 0 0 0 1708 524 114 0 662 604 899 
0 0 0 0 0 0 0 87 0 0 0 0 0 0 0 0 0 0 0 0 0 0 0 0 0 0 0 0 0 0 0 0 0 0 7 37 0 0 0 0 0 137 0 22 0 0 0 16444 4245 59 544 0 0 0 0 0 81 0 33 0 74 0 0 0 0 0 0 0 0 0 0 0 0 0 0 1708 0 31 0 0 0 0 414 
0 0 0 0 0 0 0 26 0 0 0 0 0 0 0 0 0 158 2 92 5 297 43 1 0 0 0 0 0 0 0 0 0 0 0 6 1910 1 0 35 0 19 53 0 2 2063 139 15632 14526 4657 19045 0 0 0 0 0 4657 0 10307 19 4702 161 2234 1738 278 81 0 560 544 887 116 0 1640 0 3 524 31 0 2 0 5 0 3911 
0 0 0 0 0 0 0 3 0 0 0 0 0 0 0 0 0 0 0 0 0 4 0 0 0 0 0 0 0 0 0 0 0 0 0 0 68 0 0 9 0 0 0 0 0 0 0 1007 353 0 32 0 0 0 0 0 0 0 234 0 21 0 0 0 0 0 0 8 10 0 0 0 0 0 0 114 0 2 0 0 0 0 2948 
0 0 0 0 0 0 0 0 0 0 0 0 0 0 0 0 0 0 0 0 0 0 0 0 0 0 0 0 0 0 0 0 0 0 0 0 0 0 0 0 0 67 0 1 0 0 0 1068 44 0 0 0 0 0 0 0 0 0 0 0 0 0 0 0 0 0 0 0 2 0 0 0 0 0 0 0 0 0 0 0 0 0 0 
0 0 0 0 0 0 0 0 0 0 0 0 0 0 0 0 0 0 0 0 0 36 0 0 0 0 0 0 0 0 0 0 0 0 0 0 28 0 0 1 0 0 0 0 0 0 0 0 0 0 0 0 0 0 0 10 0 0 16 0 545 14 5 0 1 1 81 101 0 61 0 0 0 0 0 662 0 5 0 0 0 1 9 
0 0 0 0 0 0 0 0 0 0 0 0 0 0 0 0 0 0 0 0 0 0 0 0 0 0 0 0 0 0 0 0 0 0 0 0 0 0 0 0 0 0 0 0 0 0 0 0 0 0 0 0 0 0 0 0 0 0 0 0 0 0 0 0 0 0 0 33 1 0 0 0 0 0 0 604 0 0 0 0 1 0 0 
0 0 0 0 0 0 1277 229 821 6490 0 0 0 0 0 1948 0 2302 458 1 0 0 0 0 0 0 0 0 0 0 0 0 0 0 450 14 3512 1864 0 0 0 0 0 0 29 0 0 91 1475 65 7533 0 0 0 0 0 4 0 723 0 564 0 0 0 0 0 0 0 0 0 0 0 0 0 0 899 414 3911 2948 0 9 0 0 
