0 916 1206 547 254 0 1815 0 0 0 0 85 0 0 0 0 0 0 0 0 0 0 0 0 0 0 0 13 0 0 0 592 0 3004 0 6 0 0 155 0 0 219 0 1 35 0 0 0 0 0 0 0 2 0 0 0 0 0 0 0 0 0 0 0 0 0 0 0 0 0 0 0 0 0 0 0 0 0 0 0 0 0 0 
916 0 0 0 0 0 2 0 0 0 0 0 0 0 0 0 0 2 0 0 0 17 136 609 0 0 0 0 0 0 0 2760 0 5220 8 0 834 0 0 0 0 0 0 0 0 0 0 0 0 0 0 0 0 0 0 0 0 0 0 0 0 0 0 0 0 0 0 0 0 0 0 0 0 0 0 0 0 0 0 0 0 0 0 
1206 0 0 158 0 0 0 0 0 0 0 8 0 0 0 0 0 0 0 0 0 0 0 0 0 0 0 2 0 0 0 0 0 221 7 711 122 35 118 0 0 491 0 139 4 0 0 1957 937 0 0 0 0 0 0 0 0 0 0 0 0 0 0 0 0 0 0 0 0 0 0 0 0 0 0 0 0 0 0 0 0 0 0 
547 0 158 0 0 0 310 147 0 0 0 107 0 0 0 0 0 0 0 0 0 0 0 0 0 0 0 0 0 0 0 0 0 0 0 0 0 0 2 0 0 218 0 508 141 0 0 1665 106 0 0 0 9 0 0 0 0 0 0 0 0 0 0 0 0 0 0 0 0 0 0 0 0 0 0 0 0 0 0 0 0 0 0 
254 0 0 0 0 173 568 757 1860 436 0 0 0 0 0 0 0 35 0 0 1 69 165 90 0 0 0 0 0 0 0 0 0 8047 1206 350 5975 1 0 0 0 0 0 0 0 0 0 0 1 0 0 0 0 0 0 0 0 0 7 0 0 0 0 0 0 0 0 0 0 0 0 0 0 0 0 0 0 48 0 0 0 0 359 
0 0 0 0 173 0 15 367 5531 5220 0 0 0 0 0 0 0 0 0 0 0 0 0 0 0 0 0 0 0 0 0 0 0 3293 27 33 139 0 0 0 0 0 0 0 0 0 0 0 0 0 0 0 0 0 0 0 0 0 0 0 0 0 0 0 0 0 0 0 0 0 0 0 0 0 0 0 0 0 0 0 0 0 3 
1815 2 0 310 568 15 0 10232 13587 1721 0 2 7 0 0 0 0 212 0 0 1 77 320 461 0 0 0 1121 0 1 0 9332 0 5218 9039 10985 19032 1142 273 0 0 893 0 841 149 12 1 6216 4605 2 0 0 3 4 0 0 0 0 144 153 0 0 0 0 0 0 0 0 0 0 0 0 0 0 0 0 0 483 0 0 0 0 39 
0 0 0 147 757 367 10232 0 275 87 236 806 17471 12218 8 1 0 0 0 16 0 0 0 0 0 0 0 0 0 0 0 0 0 8 24587 4770 3374 8 0 0 0 0 0 1294 10 4 1 3152 59233 0 6212 16 29 1479 1562 0 0 0 0 0 0 0 0 0 0 0 0 0 0 0 0 0 0 0 0 0 0 0 0 0 0 0 1410 
0 0 0 0 1860 5531 13587 275 0 2709 0 0 0 0 0 28 0 0 0 0 0 0 0 0 0 0 0 0 0 0 0 0 0 807 3753 87 5905 0 0 0 0 0 0 0 0 0 0 0 16 0 0 0 0 0 0 0 0 0 0 0 0 0 0 0 0 0 0 0 0 0 0 0 0 0 0 0 0 0 0 0 0 0 709 
0 0 0 0 436 5220 1721 87 2709 0 177 0 0 3830 0 1801 143 5 505 0 0 0 0 0 0 0 0 0 1 1693 2024 0 0 5030 26935 1035 9936 222 0 803 0 0 0 0 0 0 0 0 52 0 9653 30 0 0 367 0 249 0 0 0 0 0 0 0 0 0 0 0 0 0 0 0 0 0 0 0 0 0 0 0 0 0 11452 
0 0 0 0 0 0 0 236 0 177 0 0 0 2963 0 181 0 55 0 620 0 0 0 0 0 0 0 0 0 0 0 0 0 0 0 0 0 0 0 0 0 0 0 0 0 0 0 0 0 0 80 0 0 0 30 0 0 0 0 0 0 0 0 0 0 0 0 0 0 0 0 0 0 0 0 0 0 0 0 0 0 0 0 
85 0 8 107 0 0 2 806 0 0 0 0 144 0 0 0 0 0 0 0 0 0 0 0 0 0 0 0 0 0 0 0 0 0 0 0 0 0 0 0 0 9 0 201 154 0 0 100 251 0 0 0 25 57 1 0 0 0 0 0 0 0 0 0 0 0 0 0 0 0 0 0 0 0 0 0 0 0 0 0 0 0 0 
0 0 0 0 0 0 7 17471 0 0 0 144 0 197 66 0 0 0 0 6 0 0 0 0 0 0 0 0 0 0 0 0 0 0 0 0 0 0 0 0 0 0 0 0 0 0 0 161 2650 0 0 0 0 108 0 0 0 0 0 0 0 0 0 0 0 0 0 0 0 0 0 0 0 0 0 0 0 0 0 0 0 0 0 
0 0 0 0 0 0 0 12218 0 3830 2963 0 197 0 857 2290 0 2276 0 2852 0 0 0 0 0 0 0 0 0 0 0 0 0 0 10 6 0 0 0 0 0 0 0 0 0 0 0 0 1 0 106 4 0 0 0 0 9 0 65 0 31 0 0 0 0 0 0 0 0 0 0 0 0 0 0 0 0 0 0 0 0 0 0 
0 0 0 0 0 0 0 8 0 0 0 0 66 857 0 0 0 1161 0 11295 265 1 0 4 0 0 0 0 0 0 0 0 0 0 0 0 0 0 0 6 0 0 0 0 0 0 0 0 0 0 0 0 0 0 0 0 0 0 464 0 605 46 0 228 0 0 0 0 0 0 0 0 0 1 0 0 0 0 0 0 0 0 0 
0 0 0 0 0 0 0 1 28 1801 181 0 0 2290 0 0 4175 654 578 0 0 0 0 0 0 0 0 0 24 1918 4285 789 114 564 1576 75 7519 41 0 148 0 0 0 0 0 0 0 0 0 0 88 0 0 0 7 0 213 0 1 0 0 0 0 0 0 0 0 0 0 0 0 0 0 0 0 0 0 0 0 0 0 0 409 
0 0 0 0 0 0 0 0 0 143 0 0 0 0 0 4175 0 881 2513 0 0 0 0 0 0 0 0 0 0 2465 6240 1071 13 874 0 0 135 0 0 0 0 0 0 0 0 0 0 0 0 0 0 0 0 0 0 0 0 0 0 0 0 0 0 0 0 0 0 0 0 0 0 0 0 0 0 0 0 0 0 0 0 0 0 
0 2 0 0 35 0 212 0 0 5 55 0 0 2276 1161 654 881 0 8681 73 1 0 843 3 2679 18 0 0 2092 7613 2308 6825 3343 3636 7781 196 5982 28 0 311 0 0 0 0 0 0 0 0 0 0 0 0 0 0 51 30 128 0 15605 366 4934 65 0 493 0 0 0 0 0 0 0 0 7 50 50 1533 18 444 0 0 45 0 3602 
0 0 0 0 0 0 0 0 0 505 0 0 0 0 0 578 2513 8681 0 0 0 0 173 0 2042 0 0 0 4163 5767 1410 423 1 178 0 0 153 0 0 0 0 0 0 0 0 0 0 0 0 0 0 0 0 0 0 0 0 0 481 5 65 5 0 0 0 0 0 0 0 0 0 0 0 0 0 0 0 3 0 0 0 0 0 
0 0 0 0 0 0 0 16 0 0 620 0 6 2852 11295 0 0 73 0 0 48 1 0 57 0 680 0 0 16 0 0 3 0 14 75 0 5 0 0 2484 0 0 0 0 0 0 0 0 0 0 0 0 0 0 4 53 0 0 4815 152 5353 165 1 346 0 0 0 0 0 0 0 0 24 73 94 52 1 212 0 0 3 0 0 
0 0 0 0 1 0 1 0 0 0 0 0 0 0 265 0 0 1 0 48 0 941 0 141 0 0 0 0 0 41 0 83 2 134 0 0 0 0 0 0 0 0 0 0 0 0 0 0 0 0 0 0 0 0 0 0 0 0 696 0 125 187 0 454 0 0 0 0 0 0 0 0 0 0 0 0 0 18 0 0 0 0 0 
0 17 0 0 69 0 77 0 0 0 0 0 0 0 1 0 0 0 0 1 941 0 0 726 0 0 0 0 460 801 0 2412 0 951 0 0 0 0 0 0 0 0 0 0 0 0 0 0 0 0 0 0 0 0 0 0 0 0 5 0 0 3 0 9 0 0 0 0 0 0 0 0 0 0 0 0 0 0 0 0 0 0 0 
0 136 0 0 165 0 320 0 0 0 0 0 0 0 0 0 0 843 173 0 0 0 0 29 5436 0 0 0 8378 4845 6 5981 0 3709 0 0 89 0 0 0 0 0 0 0 0 0 0 0 0 0 0 0 0 0 0 0 0 0 82 0 5 4 0 7 0 0 0 0 0 0 0 0 0 0 0 0 0 34 0 0 0 0 0 
0 609 0 0 90 0 461 0 0 0 0 0 0 0 4 0 0 3 0 57 141 726 29 0 1510 9 0 0 390 587 0 3072 0 844 0 0 161 0 0 0 0 0 0 0 0 0 0 0 0 0 0 0 0 0 0 0 0 0 0 0 0 0 0 0 0 0 0 0 0 0 0 0 0 0 0 0 0 0 0 0 0 0 0 
0 0 0 0 0 0 0 0 0 0 0 0 0 0 0 0 0 2679 2042 0 0 0 5436 1510 0 15 2 1 778 872 21 413 0 1 7 0 349 0 0 245 127 0 0 0 0 0 0 0 0 0 0 0 0 0 0 0 0 0 0 0 0 0 0 0 0 0 0 0 0 0 0 0 0 0 0 0 0 0 0 0 0 0 0 
0 0 0 0 0 0 0 0 0 0 0 0 0 0 0 0 0 18 0 680 0 0 0 9 15 0 12 0 302 0 0 0 0 0 11 0 106 0 0 145 4 0 0 0 0 0 0 0 0 0 0 0 0 0 0 0 0 0 5 0 6 0 0 1 0 0 0 0 0 0 0 0 0 0 0 0 0 0 0 0 0 0 0 
0 0 0 0 0 0 0 0 0 0 0 0 0 0 0 0 0 0 0 0 0 0 0 0 2 12 0 7 0 0 0 0 0 3 0 0 12 0 0 247 93 0 0 0 0 0 0 0 0 0 0 0 0 0 0 0 0 0 0 0 0 0 0 0 0 0 0 0 0 0 0 0 0 0 0 0 0 0 0 0 0 0 0 
13 0 2 0 0 0 1121 0 0 0 0 0 0 0 0 0 0 0 0 0 0 0 0 0 1 0 7 0 3 0 0 0 0 179 0 0 1119 164 0 0 217 0 0 0 0 0 0 0 0 0 0 0 0 0 0 0 0 0 0 0 0 0 0 0 0 0 0 0 0 0 0 0 0 0 0 0 0 0 0 0 0 0 0 
0 0 0 0 0 0 0 0 0 1 0 0 0 0 0 24 0 2092 4163 16 0 460 8378 390 778 302 0 3 0 2658 22 974 10 16 0 0 1029 34 0 234 281 0 0 0 0 0 0 0 0 0 0 0 0 0 0 0 0 0 2 0 1 1 0 0 0 0 0 0 0 0 0 0 0 0 0 0 0 0 0 0 0 0 0 
0 0 0 0 0 0 1 0 0 1693 0 0 0 0 0 1918 2465 7613 5767 0 41 801 4845 587 872 0 0 0 2658 0 520 2390 3 535 0 0 3566 4 0 0 0 0 0 0 0 0 0 0 0 0 0 0 0 0 0 0 0 0 321 166 154 4 0 0 0 0 0 0 0 0 0 0 0 0 0 0 0 12 0 0 0 0 0 
0 0 0 0 0 0 0 0 0 2024 0 0 0 0 0 4285 6240 2308 1410 0 0 0 6 0 21 0 0 0 22 520 0 526 1 1481 0 0 2846 0 0 0 0 0 0 0 0 0 0 0 0 0 0 0 0 0 0 0 0 0 0 0 0 0 0 0 0 0 0 0 0 0 0 0 0 0 0 0 0 0 0 0 0 0 0 
592 2760 0 0 0 0 9332 0 0 0 0 0 0 0 0 789 1071 6825 423 3 83 2412 5981 3072 413 0 0 0 974 2390 526 0 19 677 0 0 2507 9 0 0 0 0 0 0 0 0 0 0 0 0 0 0 0 0 0 0 0 0 1023 719 471 10 0 0 0 0 0 0 0 0 0 0 0 3 1 0 0 272 0 0 1 0 0 
0 0 0 0 0 0 0 0 0 0 0 0 0 0 0 114 13 3343 1 0 2 0 0 0 0 0 0 0 10 3 1 19 0 8 0 0 4 0 0 0 0 0 0 0 0 0 0 0 0 0 0 0 0 0 0 0 0 0 58 13 84 1 0 0 0 0 0 0 0 0 0 0 0 1 1 0 0 25 0 0 0 0 0 
3004 5220 221 0 8047 3293 5218 8 807 5030 0 0 0 0 0 564 874 3636 178 14 134 951 3709 844 1 0 3 179 16 535 1481 677 8 0 1 17 24 0 0 0 0 0 0 0 0 0 0 0 76 0 157 0 0 0 0 0 0 0 1993 1651 867 0 0 2 0 8 0 0 0 4 0 0 0 16 8 4 0 2362 0 0 1 0 1 
0 8 7 0 1206 27 9039 24587 3753 26935 0 0 0 10 0 1576 0 7781 0 75 0 0 0 0 7 11 0 0 0 0 0 0 0 1 0 225 719 183 0 8 0 0 0 0 0 0 0 0 0 0 138 0 0 0 5 0 895 0 272 0 1 0 0 0 0 0 0 0 0 0 0 0 0 0 0 87 60 0 0 0 0 0 738 
6 0 711 0 350 33 10985 4770 87 1035 0 0 0 6 0 75 0 196 0 0 0 0 0 0 0 0 0 0 0 0 0 0 0 17 225 0 107 0 0 0 0 0 0 0 0 0 0 16 13 0 539 0 0 0 0 0 622 0 26 0 0 0 0 0 0 0 0 0 0 0 0 0 0 0 0 44 79 0 0 0 0 0 13 
0 834 122 0 5975 139 19032 3374 5905 9936 0 0 0 0 0 7519 135 5982 153 5 0 0 89 161 349 106 12 1119 1029 3566 2846 2507 4 24 719 107 0 1 0 191 0 0 0 0 1 0 0 0 0 0 0 0 0 0 0 0 0 0 2649 1453 596 0 0 0 0 2 0 0 0 0 31 0 16 128 92 5273 266 15896 125 0 147 0 2627 
0 0 35 0 1 0 1142 8 0 222 0 0 0 0 0 41 0 28 0 0 0 0 0 0 0 0 0 164 34 4 0 9 0 0 183 0 1 0 0 2 0 0 0 0 0 0 0 0 8 0 8 0 0 0 0 0 0 0 12 0 0 0 0 0 0 0 0 0 0 0 0 0 0 0 0 13 0 4 0 0 0 0 2176 
155 0 118 2 0 0 273 0 0 0 0 0 0 0 0 0 0 0 0 0 0 0 0 0 0 0 0 0 0 0 0 0 0 0 0 0 0 0 0 0 0 89 0 0 80 0 0 2 29 0 9 0 10 1 0 0 0 0 0 0 0 0 0 0 0 0 0 0 0 0 0 0 0 0 0 0 0 0 0 0 0 0 0 
0 0 0 0 0 0 0 0 0 803 0 0 0 0 6 148 0 311 0 2484 0 0 0 0 245 145 247 0 234 0 0 0 0 0 8 0 191 2 0 0 28 0 0 0 0 0 0 0 0 0 0 0 0 0 0 0 0 0 20 0 22 0 0 3 0 8 1 0 0 0 74 0 0 0 0 293 6 658 0 0 1 0 0 
0 0 0 0 0 0 0 0 0 0 0 0 0 0 0 0 0 0 0 0 0 0 0 0 127 4 93 217 281 0 0 0 0 0 0 0 0 0 0 28 0 0 0 0 0 0 0 0 0 0 0 0 0 0 0 0 0 0 0 0 0 0 0 0 0 0 0 0 0 0 0 0 0 0 0 0 0 0 0 0 0 0 0 
219 0 491 218 0 0 893 0 0 0 0 9 0 0 0 0 0 0 0 0 0 0 0 0 0 0 0 0 0 0 0 0 0 0 0 0 0 0 89 0 0 0 711 21 1289 14 0 1620 37 0 0 0 17 0 0 0 0 0 0 0 0 0 0 0 0 0 0 0 15 0 28 0 644 0 1811 0 95 221 0 121 0 0 0 
0 0 0 0 0 0 0 0 0 0 0 0 0 0 0 0 0 0 0 0 0 0 0 0 0 0 0 0 0 0 0 0 0 0 0 0 0 0 0 0 0 711 0 0 0 86 0 197 11 0 0 0 0 0 0 0 0 0 0 0 0 0 1 0 0 0 0 0 14 0 172 0 5408 0 4051 97 44 5474 50 0 0 0 1 
1 0 139 508 0 0 841 1294 0 0 0 201 0 0 0 0 0 0 0 0 0 0 0 0 0 0 0 0 0 0 0 0 0 0 0 0 0 0 0 0 0 21 0 0 65 0 0 0 2 0 0 0 37 0 0 0 0 0 0 0 0 0 0 0 0 0 0 0 0 0 0 0 0 0 0 17 606 202 5 2 0 0 0 
35 0 4 141 0 0 149 10 0 0 0 154 0 0 0 0 0 0 0 0 0 0 0 0 0 0 0 0 0 0 0 0 0 0 0 0 1 0 80 0 0 1289 0 65 0 0 0 881 695 0 0 0 111 232 1 0 0 0 0 0 0 0 0 0 0 0 0 0 24 0 0 0 0 0 0 30 10 0 0 0 0 0 0 
0 0 0 0 0 0 12 4 0 0 0 0 0 0 0 0 0 0 0 0 0 0 0 0 0 0 0 0 0 0 0 0 0 0 0 0 0 0 0 0 0 14 86 0 0 0 205 61 901 350 0 0 0 0 0 0 0 0 0 0 0 0 1 0 0 0 0 0 0 3 0 0 1182 0 5141 5 1 4722 0 0 0 0 1 
0 0 0 0 0 0 1 1 0 0 0 0 0 0 0 0 0 0 0 0 0 0 0 0 0 0 0 0 0 0 0 0 0 0 0 0 0 0 0 0 0 0 0 0 0 205 0 80 1722 11741 836 0 0 0 0 0 0 628 120 0 0 0 0 0 0 0 0 0 0 52 8 138 0 0 3574 0 0 2985 0 0 0 0 0 
0 0 1957 1665 0 0 6216 3152 0 0 0 100 161 0 0 0 0 0 0 0 0 0 0 0 0 0 0 0 0 0 0 0 0 0 0 16 0 0 2 0 0 1620 197 0 881 61 80 0 3614 8052 0 0 0 9 0 0 0 0 0 0 0 0 21 0 3 2 0 0 590 0 995 0 1466 0 2105 1224 5097 13344 775 10 0 0 9 
0 0 937 106 1 0 4605 59233 16 52 0 251 2650 1 0 0 0 0 0 0 0 0 0 0 0 0 0 0 0 0 0 0 0 76 0 13 0 8 29 0 0 37 11 2 695 901 1722 3614 0 138 723 83 954 14713 9043 0 0 0 0 0 63 0 0 0 0 0 0 0 0 0 0 0 0 0 20 26726 8823 11074 34 1 5 0 1400 
0 0 0 0 0 0 2 0 0 0 0 0 0 0 0 0 0 0 0 0 0 0 0 0 0 0 0 0 0 0 0 0 0 0 0 0 0 0 0 0 0 0 0 0 0 350 11741 8052 138 0 3336 0 0 0 0 0 0 0 0 0 0 0 0 0 0 0 0 0 0 0 0 0 0 0 12 149 25 4103 0 0 0 0 11 
0 0 0 0 0 0 0 6212 0 9653 80 0 0 106 0 88 0 0 0 0 0 0 0 0 0 0 0 0 0 0 0 0 0 157 138 539 0 8 9 0 0 0 0 0 0 0 836 0 723 3336 0 854 0 0 4609 0 1672 5642 88 0 0 0 0 0 0 0 0 0 0 5251 1398 1907 0 0 774 23950 1169 6787 30 0 828 0 9550 
0 0 0 0 0 0 0 16 0 30 0 0 0 4 0 0 0 0 0 0 0 0 0 0 0 0 0 0 0 0 0 0 0 0 0 0 0 0 0 0 0 0 0 0 0 0 0 0 83 0 854 0 0 0 2494 0 383 0 31 0 1 0 0 0 0 0 0 0 0 0 0 0 0 0 0 0 0 0 0 0 0 0 0 
2 0 0 9 0 0 3 29 0 0 0 25 0 0 0 0 0 0 0 0 0 0 0 0 0 0 0 0 0 0 0 0 0 0 0 0 0 0 10 0 0 17 0 37 111 0 0 0 954 0 0 0 0 1453 142 11 0 0 0 0 108 0 0 0 0 0 0 0 0 0 0 0 0 0 0 0 0 0 0 0 0 0 0 
0 0 0 0 0 0 4 1479 0 0 0 57 108 0 0 0 0 0 0 0 0 0 0 0 0 0 0 0 0 0 0 0 0 0 0 0 0 0 1 0 0 0 0 0 232 0 0 9 14713 0 0 0 1453 0 115 557 0 0 0 0 528 0 0 0 0 0 0 0 0 0 0 0 0 0 0 0 0 0 0 0 0 0 0 
0 0 0 0 0 0 0 1562 0 367 30 1 0 0 0 7 0 51 0 4 0 0 0 0 0 0 0 0 0 0 0 0 0 0 5 0 0 0 0 0 0 0 0 0 1 0 0 0 9043 0 4609 2494 142 115 0 1835 2611 0 1167 0 5029 0 0 0 0 0 0 0 0 0 0 0 0 0 0 0 0 0 0 0 0 0 0 
0 0 0 0 0 0 0 0 0 0 0 0 0 0 0 0 0 30 0 53 0 0 0 0 0 0 0 0 0 0 0 0 0 0 0 0 0 0 0 0 0 0 0 0 0 0 0 0 0 0 0 0 11 557 1835 0 0 0 1246 0 9109 389 116 160 208 0 49 0 0 0 0 0 0 0 0 0 0 0 0 0 23 0 0 
0 0 0 0 0 0 0 0 0 249 0 0 0 9 0 213 0 128 0 0 0 0 0 0 0 0 0 0 0 0 0 0 0 0 895 622 0 0 0 0 0 0 0 0 0 0 0 0 0 0 1672 383 0 0 2611 0 0 6932 1157 16 6 0 0 0 0 0 0 0 0 7140 1923 389 0 0 34 4654 226 9981 193 0 1531 0 2128 
0 0 0 0 0 0 0 0 0 0 0 0 0 0 0 0 0 0 0 0 0 0 0 0 0 0 0 0 0 0 0 0 0 0 0 0 0 0 0 0 0 0 0 0 0 0 628 0 0 0 5642 0 0 0 0 0 6932 0 649 291 0 0 0 0 0 0 0 0 0 1027 7039 10512 1911 0 856 0 0 818 0 0 0 0 0 
0 0 0 0 7 0 144 0 0 0 0 0 0 65 464 1 0 15605 481 4815 696 5 82 0 0 5 0 0 2 321 0 1023 58 1993 272 26 2649 12 0 20 0 0 0 0 0 0 120 0 0 0 88 31 0 0 1167 1246 1157 649 0 15097 1260 614 18 2066 0 3199 14 0 0 6135 836 1323 1722 1947 1258 6799 354 10994 73 0 912 0 4894 
0 0 0 0 0 0 153 0 0 0 0 0 0 0 0 0 0 366 5 152 0 0 0 0 0 0 0 0 0 166 0 719 13 1651 0 0 1453 0 0 0 0 0 0 0 0 0 0 0 0 0 0 0 0 0 0 0 16 291 15097 0 521 0 0 2194 0 604 0 0 0 6631 7249 430 2894 1265 240 0 0 3558 0 0 0 0 0 
0 0 0 0 0 0 0 0 0 0 0 0 0 31 605 0 0 4934 65 5353 125 0 5 0 0 6 0 0 1 154 0 471 84 867 1 0 596 0 0 22 0 0 0 0 0 0 0 0 63 0 0 1 108 528 5029 9109 6 0 1260 521 0 443 0 51 0 0 1174 0 0 0 0 0 0 1 0 0 0 15 0 0 15 0 14 
0 0 0 0 0 0 0 0 0 0 0 0 0 0 46 0 0 65 5 165 187 3 4 0 0 0 0 0 1 4 0 10 1 0 0 0 0 0 0 0 0 0 0 0 0 0 0 0 0 0 0 0 0 0 0 389 0 0 614 0 443 0 484 2 252 0 103 0 0 0 0 0 0 0 0 0 0 0 0 0 94 0 0 
0 0 0 0 0 0 0 0 0 0 0 0 0 0 0 0 0 0 0 1 0 0 0 0 0 0 0 0 0 0 0 0 0 0 0 0 0 0 0 0 0 0 1 0 0 1 0 21 0 0 0 0 0 0 0 116 0 0 18 0 0 484 0 12 175 195 204 0 0 1 706 0 2246 0 112 0 0 784 0 0 32 0 0 
0 0 0 0 0 0 0 0 0 0 0 0 0 0 228 0 0 493 0 346 454 9 7 0 0 1 0 0 0 0 0 0 0 2 0 0 0 0 0 3 0 0 0 0 0 0 0 0 0 0 0 0 0 0 0 160 0 0 2066 2194 51 2 12 0 5 3243 0 0 0 4014 3851 0 6938 0 507 0 0 3827 0 0 2 0 0 
0 0 0 0 0 0 0 0 0 0 0 0 0 0 0 0 0 0 0 0 0 0 0 0 0 0 0 0 0 0 0 0 0 0 0 0 0 0 0 0 0 0 0 0 0 0 0 3 0 0 0 0 0 0 0 208 0 0 0 0 0 252 175 5 0 2450 717 0 0 325 2169 0 1170 0 0 0 0 26 0 0 136 0 0 
0 0 0 0 0 0 0 0 0 0 0 0 0 0 0 0 0 0 0 0 0 0 0 0 0 0 0 0 0 0 0 0 0 8 0 0 2 0 0 8 0 0 0 0 0 0 0 2 0 0 0 0 0 0 0 0 0 0 3199 604 0 0 195 3243 2450 0 7 14 156 1979 1463 0 125 33 52 98 0 666 0 0 36 379 0 
0 0 0 0 0 0 0 0 0 0 0 0 0 0 0 0 0 0 0 0 0 0 0 0 0 0 0 0 0 0 0 0 0 0 0 0 0 0 0 1 0 0 0 0 0 0 0 0 0 0 0 0 0 0 0 49 0 0 14 0 1174 103 204 0 717 7 0 1 25 12 529 0 6 0 0 18 0 4 0 0 165 0 0 
0 0 0 0 0 0 0 0 0 0 0 0 0 0 0 0 0 0 0 0 0 0 0 0 0 0 0 0 0 0 0 0 0 0 0 0 0 0 0 0 0 0 0 0 0 0 0 0 0 0 0 0 0 0 0 0 0 0 0 0 0 0 0 0 0 14 1 0 0 0 0 0 0 0 0 0 0 0 0 0 152 6 0 
0 0 0 0 0 0 0 0 0 0 0 0 0 0 0 0 0 0 0 0 0 0 0 0 0 0 0 0 0 0 0 0 0 0 0 0 0 0 0 0 0 15 14 0 24 0 0 590 0 0 0 0 0 0 0 0 0 0 0 0 0 0 0 0 0 156 25 0 0 20 3 0 0 0 254 532 0 428 0 0 4 1902 0 
0 0 0 0 0 0 0 0 0 0 0 0 0 0 0 0 0 0 0 0 0 0 0 0 0 0 0 0 0 0 0 0 0 4 0 0 0 0 0 0 0 0 0 0 0 3 52 0 0 0 5251 0 0 0 0 0 7140 1027 6135 6631 0 0 1 4014 325 1979 12 0 20 0 1366 224 2488 488 537 22 0 4054 0 0 1 64 0 
0 0 0 0 0 0 0 0 0 0 0 0 0 0 0 0 0 0 0 0 0 0 0 0 0 0 0 0 0 0 0 0 0 0 0 0 31 0 0 74 0 28 172 0 0 0 8 995 0 0 1398 0 0 0 0 0 1923 7039 836 7249 0 0 706 3851 2169 1463 529 0 3 1366 0 269 1955 138 162 386 1 1788 0 0 5 0 0 
0 0 0 0 0 0 0 0 0 0 0 0 0 0 0 0 0 0 0 0 0 0 0 0 0 0 0 0 0 0 0 0 0 0 0 0 0 0 0 0 0 0 0 0 0 0 138 0 0 0 1907 0 0 0 0 0 389 10512 1323 430 0 0 0 0 0 0 0 0 0 224 269 0 274 0 111 0 0 1077 0 0 0 0 0 
0 0 0 0 0 0 0 0 0 0 0 0 0 0 0 0 0 7 0 24 0 0 0 0 0 0 0 0 0 0 0 0 0 0 0 0 16 0 0 0 0 644 5408 0 0 1182 0 1466 0 0 0 0 0 0 0 0 0 1911 1722 2894 0 0 2246 6938 1170 125 6 0 0 2488 1955 274 0 66 181 12 7 1169 0 0 0 0 0 
0 0 0 0 0 0 0 0 0 0 0 0 0 0 1 0 0 50 0 73 0 0 0 0 0 0 0 0 0 0 0 3 1 16 0 0 128 0 0 0 0 0 0 0 0 0 0 0 0 0 0 0 0 0 0 0 0 0 1947 1265 1 0 0 0 0 33 0 0 0 488 138 0 66 0 38 0 0 0 0 0 0 0 4 
0 0 0 0 0 0 0 0 0 0 0 0 0 0 0 0 0 50 0 94 0 0 0 0 0 0 0 0 0 0 0 1 1 8 0 0 92 0 0 0 0 1811 4051 0 0 5141 3574 2105 20 12 774 0 0 0 0 0 34 856 1258 240 0 0 112 507 0 52 0 0 254 537 162 111 181 38 0 2 2 1270 0 0 0 0 4 
0 0 0 0 0 0 0 0 0 0 0 0 0 0 0 0 0 1533 0 52 0 0 0 0 0 0 0 0 0 0 0 0 0 4 87 44 5273 13 0 293 0 0 97 17 30 5 0 1224 26726 149 23950 0 0 0 0 0 4654 0 6799 0 0 0 0 0 0 98 18 0 532 22 386 0 12 0 2 0 178 1262 142 0 89 343 1922 
0 0 0 0 0 0 0 0 0 0 0 0 0 0 0 0 0 18 0 1 0 0 0 0 0 0 0 0 0 0 0 0 0 0 60 79 266 0 0 6 0 95 44 606 10 1 0 5097 8823 25 1169 0 0 0 0 0 226 0 354 0 0 0 0 0 0 0 0 0 0 0 1 0 7 0 2 178 0 519 3 9 0 0 1 
0 0 0 0 48 0 483 0 0 0 0 0 0 0 0 0 0 444 3 212 18 0 34 0 0 0 0 0 0 12 0 272 25 2362 0 0 15896 4 0 658 0 221 5474 202 0 4722 2985 13344 11074 4103 6787 0 0 0 0 0 9981 818 10994 3558 15 0 784 3827 26 666 4 0 428 4054 1788 1077 1169 0 1270 1262 519 0 3 0 523 0 769 
0 0 0 0 0 0 0 0 0 0 0 0 0 0 0 0 0 0 0 0 0 0 0 0 0 0 0 0 0 0 0 0 0 0 0 0 125 0 0 0 0 0 50 5 0 0 0 775 34 0 30 0 0 0 0 0 193 0 73 0 0 0 0 0 0 0 0 0 0 0 0 0 0 0 0 142 3 3 0 0 7 0 1229 
0 0 0 0 0 0 0 0 0 0 0 0 0 0 0 0 0 0 0 0 0 0 0 0 0 0 0 0 0 0 0 0 0 0 0 0 0 0 0 0 0 121 0 2 0 0 0 10 1 0 0 0 0 0 0 0 0 0 0 0 0 0 0 0 0 0 0 0 0 0 0 0 0 0 0 0 9 0 0 0 0 0 0 
0 0 0 0 0 0 0 0 0 0 0 0 0 0 0 0 0 45 0 3 0 0 0 0 0 0 0 0 0 0 0 1 0 1 0 0 147 0 0 1 0 0 0 0 0 0 0 0 5 0 828 0 0 0 0 23 1531 0 912 0 15 94 32 2 136 36 165 152 4 1 5 0 0 0 0 89 0 523 7 0 0 10 4 
0 0 0 0 0 0 0 0 0 0 0 0 0 0 0 0 0 0 0 0 0 0 0 0 0 0 0 0 0 0 0 0 0 0 0 0 0 0 0 0 0 0 0 0 0 0 0 0 0 0 0 0 0 0 0 0 0 0 0 0 0 0 0 0 0 379 0 6 1902 64 0 0 0 0 0 343 0 0 0 0 10 0 0 
0 0 0 0 359 3 39 1410 709 11452 0 0 0 0 0 409 0 3602 0 0 0 0 0 0 0 0 0 0 0 0 0 0 0 1 738 13 2627 2176 0 0 0 0 1 0 0 1 0 9 1400 11 9550 0 0 0 0 0 2128 0 4894 0 14 0 0 0 0 0 0 0 0 0 0 0 0 4 4 1922 1 769 1229 0 4 0 0 
