0 2766 1015 237 1134 0 4330 0 0 0 0 572 0 0 0 0 0 0 0 0 0 0 0 0 0 0 0 0 0 0 0 2 0 1542 0 4 1 0 122 0 0 678 0 622 291 0 0 912 11 0 0 0 6 0 0 0 0 0 0 0 0 0 0 0 0 0 0 0 0 0 0 0 0 0 0 0 0 2 0 0 0 0 0 
2766 0 0 0 609 0 8 0 0 0 0 0 0 0 0 0 0 4 0 0 0 0 0 2 0 0 0 0 0 0 0 49 0 4301 19 52 1195 1 0 0 0 0 0 0 0 0 0 2 0 0 0 0 0 0 0 0 0 0 0 0 0 0 0 0 0 0 0 0 0 0 0 0 1 0 7 0 0 822 0 0 0 0 1 
1015 0 0 334 0 0 1 0 0 0 0 1612 0 0 0 0 0 0 0 0 0 0 0 0 0 0 0 1204 0 0 0 111 0 1721 0 602 541 0 1 0 0 517 0 756 385 0 0 1990 314 0 0 0 42 0 0 0 0 0 0 0 0 0 0 0 0 0 0 0 0 0 0 0 0 0 0 0 0 0 0 0 0 0 0 
237 0 334 0 0 0 3 1002 0 50 10 212 35 0 0 3 0 0 0 0 0 0 0 0 0 0 0 0 0 0 0 0 0 0 19 0 0 0 0 0 0 47 0 67 54 0 0 100 1 0 50 0 3 0 9 0 109 0 2 0 13 0 0 0 0 0 0 0 0 0 0 0 0 0 0 0 0 0 0 0 0 0 0 
1134 609 0 0 0 3 335 1837 1312 75 0 0 0 0 0 2 30 0 0 0 0 0 0 0 0 0 0 0 21 0 0 0 0 4795 0 0 2108 0 0 0 0 0 0 0 0 0 0 5 591 0 0 0 0 0 0 0 0 0 0 0 0 0 0 0 0 0 0 0 0 0 0 0 0 0 0 0 0 4 0 0 0 0 0 
0 0 0 0 3 0 45 1627 1870 3797 0 0 0 0 0 10 1694 0 0 0 0 0 0 0 0 0 0 0 886 6 35 0 0 1446 0 0 103 0 0 0 0 0 0 0 0 0 0 0 0 0 0 0 0 0 0 0 0 0 0 0 0 0 0 0 0 0 0 0 0 0 0 0 0 0 0 0 0 0 0 0 0 0 0 
4330 8 1 3 335 45 0 7242 3492 745 0 694 2462 0 0 0 0 21 0 4 0 14 0 448 234 9 2 439 5 0 0 3092 0 3163 2370 9423 10043 377 0 12 0 0 0 228 74 0 0 3240 21515 0 0 0 324 124 0 0 0 0 0 0 4 0 0 0 0 0 0 0 0 0 0 0 10 0 18 0 8 4791 8 1 1 0 170 
0 0 0 1002 1837 1627 7242 0 713 1308 225 1788 22499 2128 405 16 6 0 0 448 0 0 0 0 0 0 0 0 656 24 47 0 0 350 8791 1849 7371 0 0 0 0 0 0 1 1 0 0 180 34645 0 76 2131 39 334 235 0 0 0 0 0 0 0 0 0 0 0 0 0 0 0 0 0 0 0 0 0 0 0 0 0 0 0 254 
0 0 0 0 1312 1870 3492 713 0 2522 0 0 0 0 0 13 0 0 0 0 0 0 0 0 0 0 0 0 329 10 9 0 0 160 0 0 282 0 0 0 0 0 0 0 0 0 0 0 0 0 0 0 0 0 0 0 0 0 0 0 0 0 0 0 0 0 0 0 0 0 0 0 0 0 0 0 0 0 0 0 0 0 0 
0 0 0 50 75 3797 745 1308 2522 0 461 0 0 3054 0 1748 2487 5 20 3 0 0 0 0 0 0 0 0 2332 418 321 1 0 3329 17467 3760 19961 0 0 5 0 0 0 0 0 0 0 0 491 0 327 5196 0 0 158 0 373 0 7 0 7 0 0 0 0 0 0 0 0 0 0 0 0 0 0 0 0 0 0 0 0 0 1284 
0 0 0 10 0 0 0 225 0 461 0 0 0 5080 1 209 0 0 0 1 0 0 0 0 0 0 0 0 0 0 0 0 0 0 0 1 0 0 0 0 0 0 0 0 0 0 0 0 14 0 158 629 0 0 115 0 4 0 0 0 1 0 0 0 0 0 0 0 0 0 0 0 0 0 0 0 0 0 0 0 0 0 0 
572 0 1612 212 0 0 694 1788 0 0 0 0 443 0 0 0 0 0 0 0 0 0 0 0 0 0 0 0 0 0 0 0 0 2 0 0 0 0 0 0 0 7 0 72 131 0 0 55 113 0 0 0 0 0 0 0 0 0 0 0 0 0 0 0 0 0 0 0 0 0 0 0 0 0 0 0 0 0 0 0 0 0 0 
0 0 0 35 0 0 2462 22499 0 0 0 443 0 342 437 0 0 0 0 155 0 0 0 0 0 0 0 0 0 0 0 0 0 0 0 0 0 0 0 0 0 0 0 1 0 0 0 161 673 0 0 0 39 10 0 0 0 0 0 0 0 0 0 0 0 0 0 0 0 0 0 0 0 0 0 0 0 0 0 0 0 0 0 
0 0 0 0 0 0 0 2128 0 3054 5080 0 342 0 579 938 0 2216 0 4490 0 0 0 0 0 0 0 0 0 0 0 0 0 0 0 0 0 0 0 0 0 0 0 0 0 0 0 0 6 0 33 42 0 0 8 0 9 0 6 0 436 0 0 0 0 0 0 0 0 0 0 0 0 0 0 0 0 0 0 0 0 0 0 
0 0 0 0 0 0 0 405 0 0 1 0 437 579 0 0 0 165 0 6593 15 3 0 14 30 86 6 0 0 0 0 0 0 0 0 0 0 0 0 0 0 0 0 0 0 0 0 0 0 0 0 0 0 0 0 26 0 0 97 0 94 153 325 27 59 0 0 0 0 0 0 0 0 0 0 0 0 0 0 0 0 0 0 
0 0 0 3 2 10 0 16 13 1748 209 0 0 938 0 0 5327 1 197 0 0 0 0 0 0 0 0 0 487 1095 245 0 0 723 3941 3 6159 0 0 25 0 0 0 0 0 0 0 0 0 0 0 0 0 0 12 0 46 0 5 0 11 0 0 0 0 0 0 0 0 0 0 0 0 0 0 0 0 0 0 0 0 0 898 
0 0 0 0 30 1694 0 6 0 2487 0 0 0 0 0 5327 0 50 524 0 0 0 0 0 0 0 0 0 1117 4802 2744 551 0 1732 0 0 119 0 0 0 0 0 0 0 0 0 0 0 0 0 0 0 0 0 0 0 0 0 0 0 0 0 0 0 0 0 0 0 0 0 0 0 0 0 0 0 0 0 0 0 0 0 0 
0 4 0 0 0 0 21 0 0 5 0 0 0 2216 165 1 50 0 15616 273 175 693 591 0 747 0 0 0 693 230 438 127 0 1217 12938 436 7023 570 0 306 0 0 0 0 0 0 0 3 0 0 0 0 0 0 30 181 69 0 8515 39 14706 309 104 992 123 1 0 0 0 1 1 0 0 0 0 2688 44 892 175 0 33 0 2398 
0 0 0 0 0 0 0 0 0 20 0 0 0 0 0 197 524 15616 0 25 0 0 292 0 393 0 0 0 5989 3472 93 2384 88 2622 643 0 6814 622 0 337 0 0 0 0 0 0 0 0 0 0 0 0 0 0 0 0 0 0 3 0 1800 0 0 0 0 0 0 0 0 0 0 0 0 0 0 0 0 6 0 0 0 0 363 
0 0 0 0 0 0 4 448 0 3 1 0 155 4490 6593 0 0 273 25 0 160 0 0 32 0 67 0 0 0 0 0 3 0 1 584 35 370 75 0 59 1 0 0 0 0 0 0 0 0 0 0 0 0 0 0 784 210 0 2391 12 6971 768 786 779 7 0 0 0 0 0 0 0 0 0 0 2176 0 292 206 0 52 0 585 
0 0 0 0 0 0 0 0 0 0 0 0 0 0 15 0 0 175 0 160 0 1654 436 75 0 5 0 0 0 0 0 15 0 1 0 0 0 0 0 4 0 0 0 0 0 0 0 0 0 0 0 0 0 0 0 10 0 0 891 0 86 196 423 1612 89 0 0 0 0 0 0 0 1 0 5 0 0 147 0 0 0 0 0 
0 0 0 0 0 0 14 0 0 0 0 0 0 0 3 0 0 693 0 0 1654 0 1313 2453 0 0 0 0 0 1 0 881 0 373 0 0 0 0 0 0 0 0 0 0 0 0 0 0 0 0 0 0 0 0 0 0 0 0 748 0 181 150 3 534 8 0 0 0 0 0 0 0 4 0 4 0 0 261 0 0 0 0 0 
0 0 0 0 0 0 0 0 0 0 0 0 0 0 0 0 0 591 292 0 436 1313 0 341 1279 0 0 0 6542 2516 0 7202 0 3413 0 0 3 0 0 0 0 0 0 0 0 0 0 0 0 0 0 0 0 0 0 0 0 0 3034 22 182 139 0 1678 0 6 0 0 0 3 0 0 32 0 36 0 0 6107 3 0 0 0 0 
0 2 0 0 0 0 448 0 0 0 0 0 0 0 14 0 0 0 0 32 75 2453 341 0 20 39 3 0 41 33 0 4133 0 728 0 0 24 0 0 6 0 0 0 0 0 0 0 0 0 0 0 0 0 0 0 2 0 0 1 0 0 0 14 1 11 2 0 0 0 0 0 0 0 0 1 0 0 13 0 0 0 0 0 
0 0 0 0 0 0 234 0 0 0 0 0 0 0 30 0 0 747 393 0 0 0 1279 20 0 128 4 0 2180 391 0 4225 0 141 0 0 42 0 0 284 0 0 0 0 0 0 0 0 0 0 0 0 0 0 0 0 0 0 0 0 0 0 0 0 0 0 0 0 0 0 0 0 0 0 0 0 0 0 0 0 0 0 0 
0 0 0 0 0 0 9 0 0 0 0 0 0 0 86 0 0 0 0 67 5 0 0 39 128 0 107 0 98 0 0 29 0 0 0 0 0 0 0 91 0 0 0 0 0 0 0 0 0 0 0 0 0 0 0 6 0 0 0 0 0 0 1 0 4 1 2 0 0 0 0 0 0 0 0 0 0 0 0 0 2 0 0 
0 0 0 0 0 0 2 0 0 0 0 0 0 0 6 0 0 0 0 0 0 0 0 3 4 107 0 0 5 0 0 11 0 0 0 0 1 0 0 437 0 0 0 0 0 0 0 0 0 0 0 0 0 0 0 0 0 0 0 0 0 0 0 0 0 0 0 0 0 0 0 0 0 0 0 0 0 0 0 0 0 0 0 
0 0 1204 0 0 0 439 0 0 0 0 0 0 0 0 0 0 0 0 0 0 0 0 0 0 0 0 0 0 0 0 0 0 286 12 0 1361 120 0 46 2 0 0 0 0 0 0 0 0 0 0 0 0 0 0 0 0 0 0 0 0 0 0 0 0 0 0 0 0 0 0 0 0 0 0 0 0 0 0 0 0 0 0 
0 0 0 0 21 886 5 656 329 2332 0 0 0 0 0 487 1117 693 5989 0 0 0 6542 41 2180 98 5 0 0 611 35 1200 604 1551 14 0 2077 0 0 327 0 0 0 0 0 0 0 0 1 0 0 0 0 0 0 0 0 0 0 0 0 0 0 0 0 0 0 0 0 0 0 0 0 0 0 0 0 0 0 0 0 0 2 
0 0 0 0 0 6 0 24 10 418 0 0 0 0 0 1095 4802 230 3472 0 0 1 2516 33 391 0 0 0 611 0 970 1417 55 216 31 0 205 0 0 168 0 0 0 0 0 0 0 0 0 0 0 0 0 0 0 0 0 0 0 0 0 0 0 0 0 0 0 0 0 0 0 0 0 0 0 0 0 0 0 0 0 0 0 
0 0 0 0 0 35 0 47 9 321 0 0 0 0 0 245 2744 438 93 0 0 0 0 0 0 0 0 0 35 970 0 639 0 1034 0 0 761 0 0 0 0 0 0 0 0 0 0 0 0 0 0 0 0 0 0 0 0 0 0 0 0 0 0 0 0 0 0 0 0 0 0 0 0 0 0 0 0 0 0 0 0 0 0 
2 49 111 0 0 0 3092 0 0 1 0 0 0 0 0 0 551 127 2384 3 15 881 7202 4133 4225 29 11 0 1200 1417 639 0 127 383 506 0 738 1 0 510 0 0 0 0 0 0 0 0 0 0 0 0 0 0 0 0 0 0 0 0 0 0 0 0 0 0 0 0 0 0 0 0 6 0 4 0 0 190 0 0 0 0 0 
0 0 0 0 0 0 0 0 0 0 0 0 0 0 0 0 0 0 88 0 0 0 0 0 0 0 0 0 604 55 0 127 0 13 0 0 0 0 0 0 0 0 0 0 0 0 0 0 0 0 0 0 0 0 0 0 0 0 0 0 0 0 0 0 0 0 0 0 0 0 0 0 0 0 0 0 0 0 0 0 0 0 0 
1542 4301 1721 0 4795 1446 3163 350 160 3329 0 2 0 0 0 723 1732 1217 2622 1 1 373 3413 728 141 0 0 286 1551 216 1034 383 13 0 1 0 708 0 0 0 0 1 0 0 0 0 0 29 54 0 0 0 0 0 0 0 0 0 32 0 357 0 0 0 0 0 0 0 0 0 0 0 36 1 51 2 0 5606 13 0 9 0 86 
0 19 0 19 0 0 2370 8791 0 17467 0 0 0 0 0 3941 0 12938 643 584 0 0 0 0 0 0 0 12 14 31 0 506 0 1 0 489 140 72 0 8 1 0 0 0 0 0 0 182 353 0 0 0 0 0 0 0 0 0 698 0 428 0 0 0 0 0 0 0 1 0 0 0 0 0 1 1263 2 2313 249 0 15 0 564 
4 52 602 0 0 0 9423 1849 0 3760 1 0 0 0 0 3 0 436 0 35 0 0 0 0 0 0 0 0 0 0 0 0 0 0 489 0 182 1 0 0 0 0 0 0 0 0 0 1 111 0 0 0 0 0 0 0 7 0 36 0 98 0 0 0 0 0 0 0 0 0 0 0 0 0 0 0 4 0 0 0 0 0 80 
1 1195 541 0 2108 103 10043 7371 282 19961 0 0 0 0 0 6159 119 7023 6814 370 0 0 3 24 42 0 1 1361 2077 205 761 738 0 708 140 182 0 1 1 334 0 0 0 0 0 0 0 220 551 0 0 0 0 0 0 0 0 0 63 0 1430 0 0 0 0 0 0 0 0 0 0 0 0 1 1 13 0 4790 118 0 15 0 4943 
0 1 0 0 0 0 377 0 0 0 0 0 0 0 0 0 0 570 622 75 0 0 0 0 0 0 0 120 0 0 0 1 0 0 72 1 1 0 0 30 0 0 0 0 0 0 0 3 0 0 0 0 0 0 0 0 0 0 3 0 406 0 0 0 0 0 0 0 0 0 0 0 0 0 0 0 0 180 12 0 1 0 1006 
122 0 1 0 0 0 0 0 0 0 0 0 0 0 0 0 0 0 0 0 0 0 0 0 0 0 0 0 0 0 0 0 0 0 0 0 1 0 0 0 0 9 0 1 3 0 0 8 0 0 0 0 0 0 0 0 1 0 0 0 0 0 0 0 0 0 0 0 0 0 0 0 0 0 0 0 0 0 0 0 0 0 0 
0 0 0 0 0 0 12 0 0 5 0 0 0 0 0 25 0 306 337 59 4 0 0 6 284 91 437 46 327 168 0 510 0 0 8 0 334 30 0 0 24 0 0 0 0 0 0 0 0 0 0 0 0 0 0 19 0 0 0 0 0 11 215 0 142 10 12 0 0 0 0 0 1 0 0 1 0 12 1 0 202 0 1 
0 0 0 0 0 0 0 0 0 0 0 0 0 0 0 0 0 0 0 1 0 0 0 0 0 0 0 2 0 0 0 0 0 0 1 0 0 0 0 24 0 0 0 0 0 0 0 0 0 0 0 0 0 0 0 0 0 0 0 0 0 0 0 0 0 0 0 0 0 0 0 0 0 0 0 0 0 1 0 0 0 0 0 
678 0 517 47 0 0 0 0 0 0 0 7 0 0 0 0 0 0 0 0 0 0 0 0 0 0 0 0 0 0 0 0 0 1 0 0 0 0 9 0 0 0 964 3 61 127 0 3311 0 0 0 0 287 0 0 0 0 0 0 0 0 0 0 0 0 0 0 0 44 0 0 0 3 0 1938 0 0 9 0 1 1 0 0 
0 0 0 0 0 0 0 0 0 0 0 0 0 0 0 0 0 0 0 0 0 0 0 0 0 0 0 0 0 0 0 0 0 0 0 0 0 0 0 0 0 964 0 0 0 96 0 0 0 0 0 0 0 0 0 0 0 0 0 0 0 0 0 0 0 0 0 0 27 0 0 0 318 0 1740 0 0 80 0 0 0 0 0 
622 0 756 67 0 0 228 1 0 0 0 72 1 0 0 0 0 0 0 0 0 0 0 0 0 0 0 0 0 0 0 0 0 0 0 0 0 0 1 0 0 3 0 0 899 0 0 1 1 0 0 0 230 0 0 0 0 0 0 0 0 0 0 0 0 0 0 0 0 0 0 0 0 0 64 0 110 25 0 158 0 0 0 
291 0 385 54 0 0 74 1 0 0 0 131 0 0 0 0 0 0 0 0 0 0 0 0 0 0 0 0 0 0 0 0 0 0 0 0 0 0 3 0 0 61 0 899 0 0 0 15 71 0 0 0 272 0 0 0 0 0 0 0 0 0 0 0 0 0 0 0 0 0 0 0 0 0 11 0 0 0 0 2 0 0 0 
0 0 0 0 0 0 0 0 0 0 0 0 0 0 0 0 0 0 0 0 0 0 0 0 0 0 0 0 0 0 0 0 0 0 0 0 0 0 0 0 0 127 96 0 0 0 252 36 545 30 15 0 0 0 0 0 0 0 0 0 0 0 0 0 0 0 0 0 57 0 0 0 784 0 5915 3 7 1020 1 0 0 0 1 
0 0 0 0 0 0 0 0 0 0 0 0 0 0 0 0 0 0 0 0 0 0 0 0 0 0 0 0 0 0 0 0 0 0 0 0 0 0 0 0 0 0 0 0 0 252 0 287 4953 2080 5587 0 0 0 0 0 889 66 0 0 0 0 0 0 0 0 0 0 0 2 448 703 1050 0 875 0 0 1254 0 0 0 0 1 
912 2 1990 100 5 0 3240 180 0 0 0 55 161 0 0 0 0 3 0 0 0 0 0 0 0 0 0 0 0 0 0 0 0 29 182 1 220 3 8 0 0 3311 0 1 15 36 287 0 9952 3975 0 0 289 0 0 0 0 0 0 0 0 0 0 2 0 1 0 0 1304 1 0 0 4391 0 7341 290 13726 8518 533 686 61 0 28 
11 0 314 1 591 0 21515 34645 0 491 14 113 673 6 0 0 0 0 0 0 0 0 0 0 0 0 0 0 1 0 0 0 0 54 353 111 551 0 0 0 0 0 0 1 71 545 4953 9952 0 588 226 59 3243 10256 4623 0 3 0 4 0 0 0 0 0 0 0 0 0 0 0 11 42 50 0 1696 11574 1058 10041 0 0 0 0 212 
0 0 0 0 0 0 0 0 0 0 0 0 0 0 0 0 0 0 0 0 0 0 0 0 0 0 0 0 0 0 0 0 0 0 0 0 0 0 0 0 0 0 0 0 0 30 2080 3975 588 0 5082 0 0 0 0 0 0 0 0 0 0 0 0 0 0 0 0 0 0 0 1 3 4 0 6 0 0 7 0 0 0 0 0 
0 0 0 50 0 0 0 76 0 327 158 0 0 33 0 0 0 0 0 0 0 0 0 0 0 0 0 0 0 0 0 0 0 0 0 0 0 0 0 0 0 0 0 0 0 15 5587 0 226 5082 0 475 0 0 1501 0 792 142 0 0 0 0 0 0 0 0 0 0 0 120 3498 821 316 0 4034 23023 3649 12156 0 0 6 0 3303 
0 0 0 0 0 0 0 2131 0 5196 629 0 0 42 0 0 0 0 0 0 0 0 0 0 0 0 0 0 0 0 0 0 0 0 0 0 0 0 0 0 0 0 0 0 0 0 0 0 59 0 475 0 0 0 1909 0 1610 0 0 0 8 0 0 0 0 0 0 0 0 0 0 0 0 0 0 63 55 0 0 0 0 0 0 
6 0 42 3 0 0 324 39 0 0 0 0 39 0 0 0 0 0 0 0 0 0 0 0 0 0 0 0 0 0 0 0 0 0 0 0 0 0 0 0 0 287 0 230 272 0 0 289 3243 0 0 0 0 3 0 0 0 0 0 0 0 0 0 0 0 0 0 0 0 0 0 0 0 0 2 0 0 0 0 0 0 0 0 
0 0 0 0 0 0 124 334 0 0 0 0 10 0 0 0 0 0 0 0 0 0 0 0 0 0 0 0 0 0 0 0 0 0 0 0 0 0 0 0 0 0 0 0 0 0 0 0 10256 0 0 0 3 0 26 0 0 0 0 0 17 0 0 0 0 0 0 0 0 0 0 0 0 0 0 0 0 0 0 0 0 0 0 
0 0 0 9 0 0 0 235 0 158 115 0 0 8 0 12 0 30 0 0 0 0 0 0 0 0 0 0 0 0 0 0 0 0 0 0 0 0 0 0 0 0 0 0 0 0 0 0 4623 0 1501 1909 0 26 0 25 1474 0 11 0 3075 0 0 0 32 0 0 0 0 0 0 0 0 0 0 0 0 0 0 0 0 0 0 
0 0 0 0 0 0 0 0 0 0 0 0 0 0 26 0 0 181 0 784 10 0 0 2 0 6 0 0 0 0 0 0 0 0 0 0 0 0 0 19 0 0 0 0 0 0 0 0 0 0 0 0 0 0 25 0 0 0 15 0 7147 6 275 0 894 3 76 0 0 5 3 0 1 0 0 151 0 26 27 0 4 0 31 
0 0 0 109 0 0 0 0 0 373 4 0 0 9 0 46 0 69 0 210 0 0 0 0 0 0 0 0 0 0 0 0 0 0 0 7 0 0 1 0 0 0 0 0 0 0 889 0 3 0 792 1610 0 0 1474 0 0 1796 0 49 0 0 0 0 0 0 0 0 0 948 2589 225 534 37 1252 3706 313 9751 0 0 84 0 1191 
0 0 0 0 0 0 0 0 0 0 0 0 0 0 0 0 0 0 0 0 0 0 0 0 0 0 0 0 0 0 0 0 0 0 0 0 0 0 0 0 0 0 0 0 0 0 66 0 0 0 142 0 0 0 0 0 1796 0 1159 48 0 0 0 0 0 0 0 0 0 134 7485 6351 2731 0 49 0 0 0 0 0 0 0 0 
0 0 0 2 0 0 0 0 0 7 0 0 0 6 97 5 0 8515 3 2391 891 748 3034 1 0 0 0 0 0 0 0 0 0 32 698 36 63 3 0 0 0 0 0 0 0 0 0 0 4 0 0 0 0 0 11 15 0 1159 0 10002 251 29 360 1783 30 453 0 0 0 801 697 42 365 319 410 12189 340 4743 113 0 503 0 2389 
0 0 0 0 0 0 0 0 0 0 0 0 0 0 0 0 0 39 0 12 0 0 22 0 0 0 0 0 0 0 0 0 0 0 0 0 0 0 0 0 0 0 0 0 0 0 0 0 0 0 0 0 0 0 0 0 49 48 10002 0 693 0 0 1092 0 61 0 0 0 9040 4291 2455 2079 676 210 0 0 1906 10 0 1 0 27 
0 0 0 13 0 0 4 0 0 7 1 0 0 436 94 11 0 14706 1800 6971 86 181 182 0 0 0 0 0 0 0 0 0 0 357 428 98 1430 406 0 0 0 0 0 0 0 0 0 0 0 0 0 8 0 17 3075 7147 0 0 251 693 0 65 23 0 294 0 48 0 0 2 0 0 2 2 2 837 167 1190 31 0 112 0 667 
0 0 0 0 0 0 0 0 0 0 0 0 0 0 153 0 0 309 0 768 196 150 139 0 0 0 0 0 0 0 0 0 0 0 0 0 0 0 0 11 0 0 0 0 0 0 0 0 0 0 0 0 0 0 0 6 0 0 29 0 65 0 1557 12 846 0 0 0 0 0 0 0 0 0 0 0 0 4 0 0 0 0 0 
0 0 0 0 0 0 0 0 0 0 0 0 0 0 325 0 0 104 0 786 423 3 0 14 0 1 0 0 0 0 0 0 0 0 0 0 0 0 0 215 0 0 0 0 0 0 0 0 0 0 0 0 0 0 0 275 0 0 360 0 23 1557 0 188 338 0 0 0 0 0 0 0 3 0 0 0 0 1 0 0 8 0 0 
0 0 0 0 0 0 0 0 0 0 0 0 0 0 27 0 0 992 0 779 1612 534 1678 1 0 0 0 0 0 0 0 0 0 0 0 0 0 0 0 0 0 0 0 0 0 0 0 2 0 0 0 0 0 0 0 0 0 0 1783 1092 0 12 188 0 114 3 0 0 0 18 92 0 3272 0 553 0 0 599 0 0 0 0 0 
0 0 0 0 0 0 0 0 0 0 0 0 0 0 59 0 0 123 0 7 89 8 0 11 0 4 0 0 0 0 0 0 0 0 0 0 0 0 0 142 0 0 0 0 0 0 0 0 0 0 0 0 0 0 32 894 0 0 30 0 294 846 338 114 0 119 283 0 0 57 36 0 814 0 22 0 0 1 0 0 125 0 0 
0 0 0 0 0 0 0 0 0 0 0 0 0 0 0 0 0 1 0 0 0 0 6 2 0 1 0 0 0 0 0 0 0 0 0 0 0 0 0 10 0 0 0 0 0 0 0 1 0 0 0 0 0 0 0 3 0 0 453 61 0 0 0 3 119 0 73 2 2 4725 7207 0 6268 0 37 23 0 61 0 0 187 0 0 
0 0 0 0 0 0 0 0 0 0 0 0 0 0 0 0 0 0 0 0 0 0 0 0 0 2 0 0 0 0 0 0 0 0 0 0 0 0 0 12 0 0 0 0 0 0 0 0 0 0 0 0 0 0 0 76 0 0 0 0 48 0 0 0 283 73 0 6 0 1 0 0 0 0 0 1 0 0 0 0 160 0 0 
0 0 0 0 0 0 0 0 0 0 0 0 0 0 0 0 0 0 0 0 0 0 0 0 0 0 0 0 0 0 0 0 0 0 0 0 0 0 0 0 0 0 0 0 0 0 0 0 0 0 0 0 0 0 0 0 0 0 0 0 0 0 0 0 0 2 6 0 0 0 0 0 0 0 0 0 0 2 12 0 1 6 0 
0 0 0 0 0 0 0 0 0 0 0 0 0 0 0 0 0 0 0 0 0 0 0 0 0 0 0 0 0 0 0 0 0 0 1 0 0 0 0 0 0 44 27 0 0 57 0 1304 0 0 0 0 0 0 0 0 0 0 0 0 0 0 0 0 0 2 0 0 0 2 0 0 61 0 30 489 0 1173 168 0 233 416 0 
0 0 0 0 0 0 0 0 0 0 0 0 0 0 0 0 0 1 0 0 0 0 3 0 0 0 0 0 0 0 0 0 0 0 0 0 0 0 0 0 0 0 0 0 0 0 2 1 0 0 120 0 0 0 0 5 948 134 801 9040 2 0 0 18 57 4725 1 0 2 0 1097 59 1298 930 160 50 0 1234 10 0 48 0 69 
0 0 0 0 0 0 0 0 0 0 0 0 0 0 0 0 0 1 0 0 0 0 0 0 0 0 0 0 0 0 0 0 0 0 0 0 0 0 0 0 0 0 0 0 0 0 448 0 11 1 3498 0 0 0 0 3 2589 7485 697 4291 0 0 0 92 36 7207 0 0 0 1097 0 56 525 50 1113 52 0 741 0 0 20 0 0 
0 0 0 0 0 0 0 0 0 0 0 0 0 0 0 0 0 0 0 0 0 0 0 0 0 0 0 0 0 0 0 0 0 0 0 0 0 0 0 0 0 0 0 0 0 0 703 0 42 3 821 0 0 0 0 0 225 6351 42 2455 0 0 0 0 0 0 0 0 0 59 56 0 2143 0 435 0 0 123 0 0 0 0 0 
0 1 0 0 0 0 10 0 0 0 0 0 0 0 0 0 0 0 0 0 1 4 32 0 0 0 0 0 0 0 0 6 0 36 0 0 0 0 0 1 0 3 318 0 0 784 1050 4391 50 4 316 0 0 0 0 1 534 2731 365 2079 2 0 3 3272 814 6268 0 0 61 1298 525 2143 0 11 262 976 0 291 0 0 340 0 0 
0 0 0 0 0 0 0 0 0 0 0 0 0 0 0 0 0 0 0 0 0 0 0 0 0 0 0 0 0 0 0 0 0 1 0 0 1 0 0 0 0 0 0 0 0 0 0 0 0 0 0 0 0 0 0 0 37 0 319 676 2 0 0 0 0 0 0 0 0 930 50 0 11 0 0 0 0 0 0 0 0 0 0 
0 7 0 0 0 0 18 0 0 0 0 0 0 0 0 0 0 0 0 0 5 4 36 1 0 0 0 0 0 0 0 4 0 51 1 0 1 0 0 0 0 1938 1740 64 11 5915 875 7341 1696 6 4034 0 2 0 0 0 1252 49 410 210 2 0 0 553 22 37 0 0 30 160 1113 435 262 0 0 3 0 497 0 0 6 0 0 
0 0 0 0 0 0 0 0 0 0 0 0 0 0 0 0 0 2688 0 2176 0 0 0 0 0 0 0 0 0 0 0 0 0 2 1263 0 13 0 0 1 0 0 0 0 0 3 0 290 11574 0 23023 63 0 0 0 151 3706 0 12189 0 837 0 0 0 0 23 1 0 489 50 52 0 976 0 3 0 1056 50 39 0 19 5 1555 
0 0 0 0 0 0 8 0 0 0 0 0 0 0 0 0 0 44 0 0 0 0 0 0 0 0 0 0 0 0 0 0 0 0 2 4 0 0 0 0 0 0 0 110 0 7 0 13726 1058 0 3649 55 0 0 0 0 313 0 340 0 167 0 0 0 0 0 0 0 0 0 0 0 0 0 0 1056 0 120 13 0 0 0 1105 
2 822 0 0 4 0 4791 0 0 0 0 0 0 0 0 0 0 892 6 292 147 261 6107 13 0 0 0 0 0 0 0 190 0 5606 2313 0 4790 180 0 12 1 9 80 25 0 1020 1254 8518 10041 7 12156 0 0 0 0 26 9751 0 4743 1906 1190 4 1 599 1 61 0 2 1173 1234 741 123 291 0 497 50 120 0 4 0 13 0 271 
0 0 0 0 0 0 8 0 0 0 0 0 0 0 0 0 0 175 0 206 0 0 3 0 0 0 0 0 0 0 0 0 0 13 249 0 118 12 0 1 0 0 0 0 0 1 0 533 0 0 0 0 0 0 0 27 0 0 113 10 31 0 0 0 0 0 0 12 168 10 0 0 0 0 0 39 13 4 0 0 2 0 1073 
0 0 0 0 0 0 1 0 0 0 0 0 0 0 0 0 0 0 0 0 0 0 0 0 0 0 0 0 0 0 0 0 0 0 0 0 0 0 0 0 0 1 0 158 2 0 0 686 0 0 0 0 0 0 0 0 0 0 0 0 0 0 0 0 0 0 0 0 0 0 0 0 0 0 0 0 0 0 0 0 0 0 0 
0 0 0 0 0 0 1 0 0 0 0 0 0 0 0 0 0 33 0 52 0 0 0 0 0 2 0 0 0 0 0 0 0 9 15 0 15 1 0 202 0 1 0 0 0 0 0 61 0 0 6 0 0 0 0 4 84 0 503 1 112 0 8 0 125 187 160 1 233 48 20 0 340 0 6 19 0 13 2 0 0 20 2 
0 0 0 0 0 0 0 0 0 0 0 0 0 0 0 0 0 0 0 0 0 0 0 0 0 0 0 0 0 0 0 0 0 0 0 0 0 0 0 0 0 0 0 0 0 0 0 0 0 0 0 0 0 0 0 0 0 0 0 0 0 0 0 0 0 0 0 6 416 0 0 0 0 0 0 5 0 0 0 0 20 0 0 
0 1 0 0 0 0 170 254 0 1284 0 0 0 0 0 898 0 2398 363 585 0 0 0 0 0 0 0 0 2 0 0 0 0 86 564 80 4943 1006 0 1 0 0 0 0 0 1 1 28 212 0 3303 0 0 0 0 31 1191 0 2389 27 667 0 0 0 0 0 0 0 0 69 0 0 0 0 0 1555 1105 271 1073 0 2 0 0 
