0 488 588 985 120 13 371 0 0 13 0 0 0 0 0 0 5 229 0 30 4 59 817 0 0 0 0 289 318 2 0 287 0 2254 0 9 903 0 354 0 0 1 0 0 0 0 0 0 0 0 0 0 0 0 0 0 0 0 0 0 0 0 0 0 0 0 0 0 0 0 0 0 0 0 0 0 0 0 0 0 0 0 0 
488 0 0 0 330 75 56 0 0 159 0 0 0 0 0 3 19 0 5 0 0 0 0 0 0 0 0 0 0 5 0 0 0 2991 363 292 4700 0 0 0 0 0 0 0 0 0 0 0 0 0 0 0 0 0 0 0 0 0 0 0 0 0 0 0 0 0 0 0 0 0 0 0 0 0 0 0 0 0 0 0 0 0 0 
588 0 0 221 0 0 0 0 0 0 0 229 0 0 0 0 0 122 3 5 49 104 651 0 11 0 0 20 488 2 0 114 0 487 0 120 35 0 5 1 0 487 0 0 0 0 0 20 8 0 0 0 33 0 0 0 0 0 12 0 10 3 0 0 0 0 0 0 0 0 0 0 0 0 0 0 0 0 0 0 0 0 1 
985 0 221 0 0 0 0 521 0 0 0 145 1 0 0 0 0 0 0 0 0 0 0 0 3 0 0 0 35 0 0 0 0 17 0 0 5 0 29 0 0 22 0 0 0 0 0 49 7 0 0 0 23 0 0 0 0 0 0 0 0 0 0 0 0 0 0 0 0 0 0 0 0 0 0 0 0 0 0 0 0 0 0 
120 330 0 0 0 1018 329 97 83 318 0 0 0 0 0 0 52 0 3 0 0 0 0 0 0 0 0 0 0 0 0 0 0 158 214 49 3499 0 0 0 0 0 0 0 0 0 0 0 0 0 0 0 0 0 0 0 0 0 0 0 0 0 0 0 0 0 0 0 0 0 0 0 0 0 0 0 0 0 0 0 0 0 0 
13 75 0 0 1018 0 674 1081 4281 4124 0 0 0 0 0 0 398 0 0 0 0 0 0 0 0 0 0 0 0 0 0 0 0 412 0 0 65 0 0 0 0 0 0 0 0 0 0 0 0 0 0 0 0 0 0 0 0 0 0 0 0 0 0 0 0 0 0 0 0 0 0 0 0 0 0 0 0 0 0 0 0 0 0 
371 56 0 0 329 674 0 3303 1344 441 0 1243 1 0 0 0 183 89 15 0 0 4 106 0 9 0 0 0 21 0 0 0 0 2783 5394 25576 13416 30 126 0 0 5531 0 7 0 0 14 9773 3706 0 0 0 35 0 0 0 0 0 0 0 0 0 0 0 0 0 0 0 0 0 0 0 0 0 0 0 0 3 0 0 0 0 85 
0 0 0 521 97 1081 3303 0 770 435 229 360 17323 7212 0 175 0 0 0 0 0 0 0 0 0 0 0 0 0 0 0 0 0 17 15712 2869 1440 0 0 0 0 58 0 0 0 5 260 12727 32385 0 30 586 4 375 431 0 0 0 0 0 0 0 0 0 0 0 0 0 0 0 0 0 0 0 71 80 14 1017 0 0 0 0 121 
0 0 0 0 83 4281 1344 770 0 380 0 0 0 0 0 3 7 0 0 0 0 0 0 0 0 0 0 0 0 0 0 0 0 11 789 0 2032 0 0 0 0 0 0 0 0 0 0 2 0 0 0 0 0 0 0 0 0 0 0 0 0 0 0 0 0 0 0 0 0 0 0 0 0 0 0 0 0 0 0 0 0 0 0 
13 159 0 0 318 4124 441 435 380 0 503 0 2 4351 0 898 2373 4 0 0 0 0 0 0 0 0 0 0 0 2 0 0 0 3514 32590 2723 8328 0 0 0 0 0 0 0 0 0 0 0 2715 0 7135 7968 0 0 1196 0 147 0 24 0 1845 0 0 0 0 0 0 0 0 0 0 0 0 0 0 0 0 0 0 0 0 0 779 
0 0 0 0 0 0 0 229 0 503 0 0 1 3610 0 1317 0 137 0 467 0 0 0 0 0 0 0 0 0 0 0 0 0 0 0 0 0 0 0 0 0 0 0 0 0 0 0 0 0 0 16 79 0 0 103 0 0 0 0 0 0 0 0 0 0 0 0 0 0 0 0 0 0 0 0 0 0 0 0 0 0 0 0 
0 0 229 145 0 0 1243 360 0 0 0 0 367 5 0 0 0 0 0 0 0 0 0 0 0 0 0 0 0 0 0 0 0 0 0 0 0 0 0 0 0 140 0 23 0 0 0 924 49 0 0 0 0 0 0 0 0 0 0 0 0 0 0 0 0 0 0 0 0 0 0 0 0 0 0 0 0 0 0 0 0 0 0 
0 0 0 1 0 0 1 17323 0 2 1 367 0 1354 0 1 0 0 0 0 0 0 0 0 0 0 0 0 0 0 0 0 0 0 0 0 0 0 0 0 0 0 0 0 0 0 0 258 2089 0 0 0 1 0 0 0 0 0 0 0 0 0 0 0 0 0 0 0 0 0 0 0 0 0 0 0 0 0 0 0 0 0 0 
0 0 0 0 0 0 0 7212 0 4351 3610 5 1354 0 341 1312 0 2282 0 7341 0 0 0 0 0 0 0 0 0 0 0 0 0 0 0 0 0 0 0 0 0 0 0 0 0 0 0 0 0 0 9 7 0 0 0 0 0 0 0 0 28 0 0 0 0 0 0 0 0 0 0 0 0 0 0 0 0 0 0 0 0 0 0 
0 0 0 0 0 0 0 0 0 0 0 0 0 341 0 0 0 10281 363 12399 1418 18 258 0 0 3 0 0 6 0 0 0 0 0 4 0 0 0 0 7 0 0 0 0 0 0 0 0 0 0 0 0 0 0 0 7 0 0 5 0 48 20 1 0 0 0 0 0 0 0 0 0 0 0 0 0 0 0 0 0 0 0 0 
0 3 0 0 0 0 0 175 3 898 1317 0 1 1312 0 0 3083 178 48 0 0 0 0 0 0 0 0 0 0 119 0 0 0 648 5232 46 6866 0 0 0 0 0 0 0 0 0 0 0 0 0 5 41 0 0 210 0 3 0 655 0 2077 0 0 0 0 0 0 0 0 0 0 0 0 0 0 11 6 0 0 0 0 0 2265 
5 19 0 0 52 398 183 0 7 2373 0 0 0 0 0 3083 0 797 1115 0 0 0 0 0 0 0 0 0 720 9218 545 225 49 569 0 0 6526 0 0 0 0 0 0 0 0 0 0 0 0 0 0 0 0 0 0 0 0 0 0 0 0 0 0 0 0 0 0 0 0 0 0 0 0 0 0 0 0 0 0 0 0 0 0 
229 0 122 0 0 0 89 0 0 4 137 0 0 2282 10281 178 797 0 4241 2029 3 93 5366 419 2586 562 0 0 4625 70 0 56 0 396 11787 409 1910 154 22 4055 30 7 0 0 0 0 0 0 0 0 0 19 0 0 763 3157 0 0 4216 0 12503 326 1 0 0 0 0 0 0 0 0 0 0 0 0 38 14 0 0 0 0 0 2468 
0 5 3 0 3 0 15 0 0 0 0 0 0 0 363 48 1115 4241 0 65 0 0 3054 0 4341 0 0 0 5783 6991 127 2225 238 303 3554 2 5359 385 1 1204 113 0 0 0 0 0 0 0 0 0 0 0 0 0 0 109 0 0 134 0 448 0 0 0 0 0 0 0 0 0 0 0 0 0 0 0 0 0 0 0 0 0 1172 
30 0 5 0 0 0 0 0 0 0 467 0 0 7341 12399 0 0 2029 65 0 713 0 26 163 73 515 0 0 258 4 0 1 0 41 0 0 5 11 1 577 1 0 0 0 0 0 0 0 0 0 0 3 0 0 341 867 0 0 379 0 1262 159 0 0 0 0 0 0 0 0 0 0 0 0 0 0 0 0 0 0 0 0 0 
4 0 49 0 0 0 0 0 0 0 0 0 0 0 1418 0 0 3 0 713 0 3003 43 1614 277 1011 0 0 1169 630 0 188 0 0 0 9 0 0 5 782 0 8 0 0 0 0 0 0 0 0 0 0 0 0 0 0 0 0 67 0 248 1047 0 0 0 0 0 0 0 0 0 0 0 0 0 0 0 0 0 0 0 0 0 
59 0 104 0 0 0 4 0 0 0 0 0 0 0 18 0 0 93 0 0 3003 0 227 410 1674 45 0 0 2141 375 0 222 0 1 0 23 2 0 23 40 0 50 0 0 0 0 0 0 0 0 0 0 0 0 0 0 0 0 10 0 2 63 0 0 0 0 0 0 0 0 0 0 0 0 0 0 0 0 0 0 0 0 0 
817 0 651 0 0 0 106 0 0 0 0 0 0 0 258 0 0 5366 3054 26 43 227 0 29 4419 69 0 0 8515 1526 0 1811 0 95 3 821 654 109 415 230 0 357 0 0 0 0 0 0 0 0 0 0 0 0 0 4 0 0 2528 0 3174 1854 8 0 0 0 0 0 0 0 0 0 0 0 1 0 0 0 0 0 0 0 0 
0 0 0 0 0 0 0 0 0 0 0 0 0 0 0 0 0 419 0 163 1614 410 29 0 3415 23 0 0 927 34 0 2 0 0 0 0 0 0 0 46 0 0 0 0 0 0 0 0 0 0 0 0 0 0 0 0 0 0 45 0 0 53 0 0 0 0 0 0 0 0 0 0 0 0 0 0 0 0 0 0 0 0 0 
0 0 11 3 0 0 9 0 0 0 0 0 0 0 0 0 0 2586 4341 73 277 1674 4419 3415 0 152 0 0 1182 0 0 29 0 391 116 31 1489 215 36 205 471 1 0 0 0 0 0 0 0 0 0 0 0 0 0 0 0 0 4 0 2 63 0 0 0 0 0 0 0 0 3 0 0 0 0 0 0 0 0 0 0 0 0 
0 0 0 0 0 0 0 0 0 0 0 0 0 0 3 0 0 562 0 515 1011 45 69 23 152 0 31 0 30 0 0 0 0 0 0 0 0 0 0 161 23 0 0 0 0 0 0 0 0 0 0 0 0 0 0 0 0 0 1 0 0 2 0 0 0 0 0 0 0 0 0 0 0 0 0 0 0 0 0 0 0 0 0 
0 0 0 0 0 0 0 0 0 0 0 0 0 0 0 0 0 0 0 0 0 0 0 0 0 31 0 0 0 0 0 0 0 0 0 0 19 20 0 48 0 0 0 0 0 0 0 0 0 0 0 0 0 0 0 0 0 0 0 0 0 0 0 0 0 0 0 0 0 0 0 0 0 0 0 0 0 0 0 0 0 0 0 
289 0 20 0 0 0 0 0 0 0 0 0 0 0 0 0 0 0 0 0 0 0 0 0 0 0 0 0 0 0 0 0 0 760 0 9 12 35 21 0 57 11 0 0 0 0 0 0 0 0 0 0 0 0 0 0 0 0 0 0 0 0 0 0 0 0 0 0 0 0 0 0 0 0 0 0 0 0 0 0 0 0 0 
318 0 488 35 0 0 21 0 0 0 0 0 0 0 6 0 720 4625 5783 258 1169 2141 8515 927 1182 30 0 0 0 181 992 3026 94 401 1284 129 2470 1142 281 378 46 350 1 0 0 0 0 0 0 0 0 0 0 0 0 57 0 0 1177 1 3232 59 24 5 0 0 0 0 0 0 557 0 6 0 134 13 0 0 0 0 7 0 31 
2 5 2 0 0 0 0 0 0 2 0 0 0 0 0 119 9218 70 6991 4 630 375 1526 34 0 0 0 0 181 0 1629 1535 0 217 1 0 2236 2 0 1 0 0 0 0 0 0 0 0 0 0 0 0 0 0 0 0 0 0 16 0 31 2 0 0 0 0 0 0 0 0 0 0 0 0 0 0 0 0 0 0 0 0 2 
0 0 0 0 0 0 0 0 0 0 0 0 0 0 0 0 545 0 127 0 0 0 0 0 0 0 0 0 992 1629 0 1385 0 0 0 0 0 0 0 0 0 0 0 0 0 0 0 0 0 0 0 0 0 0 0 0 0 0 0 0 0 0 0 0 0 0 0 0 0 0 0 0 0 0 0 0 0 0 0 0 0 0 0 
287 0 114 0 0 0 0 0 0 0 0 0 0 0 0 0 225 56 2225 1 188 222 1811 2 29 0 0 0 3026 1535 1385 0 400 671 2 0 11 2 0 1 0 2 0 0 0 0 0 0 0 0 0 0 0 0 0 0 0 0 1 0 11 0 1 0 0 0 0 0 0 0 0 0 0 0 0 0 0 0 0 0 0 0 0 
0 0 0 0 0 0 0 0 0 0 0 0 0 0 0 0 49 0 238 0 0 0 0 0 0 0 0 0 94 0 0 400 0 132 0 0 0 0 0 0 0 0 0 0 0 0 0 0 0 0 0 0 0 0 0 0 0 0 0 0 0 0 0 0 0 0 0 0 0 0 0 0 0 0 0 0 0 0 0 0 0 0 0 
2254 2991 487 17 158 412 2783 17 11 3514 0 0 0 0 0 648 569 396 303 41 0 1 95 0 391 0 0 760 401 217 0 671 132 0 15 107 157 2 293 2 0 79 0 0 0 0 0 0 0 0 0 0 1 0 0 0 0 0 0 0 0 0 0 0 0 0 0 0 0 0 0 0 0 0 0 0 0 0 0 0 0 0 1 
0 363 0 0 214 0 5394 15712 789 32590 0 0 0 0 4 5232 0 11787 3554 0 0 0 3 0 116 0 0 0 1284 1 0 2 0 15 0 342 45 50 0 1397 104 0 0 0 0 0 0 0 0 0 0 1 0 0 0 51 0 0 353 0 203 369 731 809 0 0 0 0 0 0 0 0 0 0 0 0 1 0 0 0 0 0 1226 
9 292 120 0 49 0 25576 2869 0 2723 0 0 0 0 0 46 0 409 2 0 9 23 821 0 31 0 0 9 129 0 0 0 0 107 342 0 34 0 0 33 0 0 0 0 0 0 0 14 23 0 0 1 0 0 0 0 0 0 124 0 93 1 0 0 0 0 0 0 0 0 0 0 0 0 0 12 8 9 0 0 0 0 1078 
903 4700 35 5 3499 65 13416 1440 2032 8328 0 0 0 0 0 6866 6526 1910 5359 5 0 2 654 0 1489 0 19 12 2470 2236 0 11 0 157 45 34 0 23 171 123 2 0 0 0 0 0 0 0 0 0 0 0 0 0 0 0 0 0 0 0 0 0 0 0 0 0 0 0 0 0 0 0 0 0 0 0 0 0 0 0 0 0 5221 
0 0 0 0 0 0 30 0 0 0 0 0 0 0 0 0 0 154 385 11 0 0 109 0 215 0 20 35 1142 2 0 2 0 2 50 0 23 0 0 0 0 0 0 0 0 0 0 0 0 0 0 0 0 0 0 0 0 0 0 0 0 0 0 0 0 0 0 0 0 0 0 0 0 0 0 0 0 0 0 0 0 0 4485 
354 0 5 29 0 0 126 0 0 0 0 0 0 0 0 0 0 22 1 1 5 23 415 0 36 0 0 21 281 0 0 0 0 293 0 0 171 0 0 0 0 0 0 0 0 0 0 0 0 0 0 0 0 0 0 0 0 0 9 0 7 0 0 0 0 0 0 0 0 0 0 0 0 0 0 0 0 0 0 0 0 0 0 
0 0 1 0 0 0 0 0 0 0 0 0 0 0 7 0 0 4055 1204 577 782 40 230 46 205 161 48 0 378 1 0 1 0 2 1397 33 123 0 0 0 8 0 0 0 0 0 0 0 0 0 0 0 0 0 0 455 0 0 1032 0 6546 1197 762 1098 0 0 0 0 0 0 2 0 0 0 0 4 0 6 0 0 0 0 0 
0 0 0 0 0 0 0 0 0 0 0 0 0 0 0 0 0 30 113 1 0 0 0 0 471 23 0 57 46 0 0 0 0 0 104 0 2 0 0 8 0 0 0 0 0 0 0 0 0 0 0 0 0 0 0 0 0 0 0 0 0 0 0 0 0 0 0 0 0 0 0 0 0 0 0 0 0 0 0 0 0 0 1 
1 0 487 22 0 0 5531 58 0 0 0 140 0 0 0 0 0 7 0 0 8 50 357 0 1 0 0 11 350 0 0 2 0 79 0 0 0 0 0 0 0 0 250 0 1347 0 0 316 0 0 0 0 2869 0 0 0 0 0 2410 224 78 307 170 1 0 0 0 0 0 0 50 0 7 0 795 0 404 2190 0 1044 0 0 0 
0 0 0 0 0 0 0 0 0 0 0 0 0 0 0 0 0 0 0 0 0 0 0 0 0 0 0 0 1 0 0 0 0 0 0 0 0 0 0 0 0 250 0 0 0 0 0 0 0 0 0 0 0 0 0 0 0 0 1370 1043 0 9 118 0 0 0 0 0 0 0 0 0 8 0 198 0 151 8664 0 0 0 0 36 
0 0 0 0 0 0 7 0 0 0 0 23 0 0 0 0 0 0 0 0 0 0 0 0 0 0 0 0 0 0 0 0 0 0 0 0 0 0 0 0 0 0 0 0 615 0 0 0 0 0 0 0 161 0 0 0 0 0 0 0 0 0 0 0 0 0 0 0 0 0 0 0 0 0 0 0 0 0 0 0 0 0 0 
0 0 0 0 0 0 0 0 0 0 0 0 0 0 0 0 0 0 0 0 0 0 0 0 0 0 0 0 0 0 0 0 0 0 0 0 0 0 0 0 0 1347 0 615 0 0 0 230 787 0 0 0 1 0 0 0 0 0 0 0 0 0 0 0 0 0 0 0 0 0 0 0 0 0 34 0 1 52 0 1 0 0 24 
0 0 0 0 0 0 0 5 0 0 0 0 0 0 0 0 0 0 0 0 0 0 0 0 0 0 0 0 0 0 0 0 0 0 0 0 0 0 0 0 0 0 0 0 0 0 511 446 20 0 0 0 0 0 0 0 0 0 0 0 0 0 0 0 0 0 0 0 0 0 0 0 0 0 1592 922 3301 8440 28 0 0 0 564 
0 0 0 0 0 0 14 260 0 0 0 0 0 0 0 0 0 0 0 0 0 0 0 0 0 0 0 0 0 0 0 0 0 0 0 0 0 0 0 0 0 0 0 0 0 511 0 2589 12003 3934 3229 0 0 0 0 0 0 0 2 296 0 0 0 0 0 0 0 0 0 0 0 0 0 0 1965 11 2 3331 0 0 0 0 11 
0 0 20 49 0 0 9773 12727 2 0 0 924 258 0 0 0 0 0 0 0 0 0 0 0 0 0 0 0 0 0 0 0 0 0 0 14 0 0 0 0 0 316 0 0 230 446 2589 0 6391 371 13 0 1164 47 0 0 0 0 107 91 0 0 13 0 0 0 0 0 0 0 0 0 0 0 163 1193 24105 8642 50 142 0 0 1558 
0 0 8 7 0 0 3706 32385 0 2715 0 49 2089 0 0 0 0 0 0 0 0 0 0 0 0 0 0 0 0 0 0 0 0 0 0 23 0 0 0 0 0 0 0 0 787 20 12003 6391 0 2382 211 1138 2821 11951 5333 0 0 0 0 0 0 0 0 0 0 0 0 0 0 0 0 0 0 0 1783 1969 281 12733 0 0 0 0 374 
0 0 0 0 0 0 0 0 0 0 0 0 0 0 0 0 0 0 0 0 0 0 0 0 0 0 0 0 0 0 0 0 0 0 0 0 0 0 0 0 0 0 0 0 0 0 3934 371 2382 0 6064 0 0 0 0 0 0 0 0 0 0 0 0 0 0 0 0 0 0 0 0 0 0 0 22 0 0 23 0 0 0 0 0 
0 0 0 0 0 0 0 30 0 7135 16 0 0 9 0 5 0 0 0 0 0 0 0 0 0 0 0 0 0 0 0 0 0 0 0 0 0 0 0 0 0 0 0 0 0 0 3229 13 211 6064 0 496 0 0 919 0 3053 7081 523 10760 0 0 0 0 0 10 0 0 0 2657 111 0 14 56 2767 21634 2685 15665 0 0 0 0 727 
0 0 0 0 0 0 0 586 0 7968 79 0 0 7 0 41 0 19 0 3 0 0 0 0 0 0 0 0 0 0 0 0 0 0 1 1 0 0 0 0 0 0 0 0 0 0 0 0 1138 0 496 0 0 0 3059 0 45 0 55 0 0 0 0 0 0 0 0 0 0 0 0 0 0 0 0 119 285 0 0 0 0 0 0 
0 0 33 23 0 0 35 4 0 0 0 0 1 0 0 0 0 0 0 0 0 0 0 0 0 0 0 0 0 0 0 0 0 1 0 0 0 0 0 0 0 2869 0 161 1 0 0 1164 2821 0 0 0 0 13 0 0 0 0 0 0 0 0 0 0 0 0 0 0 0 0 0 0 0 0 9 0 0 2 0 0 0 0 0 
0 0 0 0 0 0 0 375 0 0 0 0 0 0 0 0 0 0 0 0 0 0 0 0 0 0 0 0 0 0 0 0 0 0 0 0 0 0 0 0 0 0 0 0 0 0 0 47 11951 0 0 0 13 0 313 0 0 0 0 0 0 0 0 0 0 0 0 0 0 0 0 0 0 0 0 0 0 0 0 0 0 0 0 
0 0 0 0 0 0 0 431 0 1196 103 0 0 0 0 210 0 763 0 341 0 0 0 0 0 0 0 0 0 0 0 0 0 0 0 0 0 0 0 0 0 0 0 0 0 0 0 0 5333 0 919 3059 0 313 0 1354 110 0 0 0 4020 0 0 0 0 0 0 0 0 0 0 0 0 0 0 0 0 0 0 0 0 0 0 
0 0 0 0 0 0 0 0 0 0 0 0 0 0 7 0 0 3157 109 867 0 0 4 0 0 0 0 0 57 0 0 0 0 0 51 0 0 0 0 455 0 0 0 0 0 0 0 0 0 0 0 0 0 0 1354 0 0 0 287 0 3934 1215 34 0 18 0 24 0 0 0 0 0 0 0 0 0 0 0 0 0 0 0 0 
0 0 0 0 0 0 0 0 0 147 0 0 0 0 0 3 0 0 0 0 0 0 0 0 0 0 0 0 0 0 0 0 0 0 0 0 0 0 0 0 0 0 0 0 0 0 0 0 0 0 3053 45 0 0 110 0 0 4909 586 374 0 0 0 0 0 0 0 0 0 1044 304 0 248 440 4404 2155 205 9747 0 0 0 0 2 
0 0 0 0 0 0 0 0 0 0 0 0 0 0 0 0 0 0 0 0 0 0 0 0 0 0 0 0 0 0 0 0 0 0 0 0 0 0 0 0 0 0 0 0 0 0 0 0 0 0 7081 0 0 0 0 0 4909 0 14 1743 0 0 0 0 0 28 0 0 0 8575 5122 2286 1020 2 40 0 0 4 0 0 0 0 0 
0 0 12 0 0 0 0 0 0 24 0 0 0 0 5 655 0 4216 134 379 67 10 2528 45 4 1 0 0 1177 16 0 1 0 0 353 124 0 0 9 1032 0 2410 1370 0 0 0 2 107 0 0 523 55 0 0 0 287 586 14 0 748 272 1577 416 1077 12 1156 5 205 0 960 427 0 1773 973 3851 4797 262 13536 1523 22 709 741 50 
0 0 0 0 0 0 0 0 0 0 0 0 0 0 0 0 0 0 0 0 0 0 0 0 0 0 0 0 1 0 0 0 0 0 0 0 0 0 0 0 0 224 1043 0 0 0 296 91 0 0 10760 0 0 0 0 0 374 1743 748 0 0 0 9 4177 0 4531 0 0 0 8799 6699 899 10327 470 3487 0 3 6359 104 13 1 0 0 
0 0 10 0 0 0 0 0 0 1845 0 0 0 28 48 2077 0 12503 448 1262 248 2 3174 0 2 0 0 0 3232 31 0 11 0 0 203 93 0 0 7 6546 0 78 0 0 0 0 0 0 0 0 0 0 0 0 4020 3934 0 0 272 0 0 367 0 0 24 0 541 129 0 7 502 0 0 0 60 4424 52 1995 57 0 633 338 1 
0 0 3 0 0 0 0 0 0 0 0 0 0 0 20 0 0 326 0 159 1047 63 1854 53 63 2 0 0 59 2 0 0 0 0 369 1 0 0 0 1197 0 307 9 0 0 0 0 0 0 0 0 0 0 0 0 1215 0 0 1577 0 367 0 512 0 871 1 177 0 0 0 0 0 0 0 14 0 0 0 0 0 11 0 0 
0 0 0 0 0 0 0 0 0 0 0 0 0 0 1 0 0 1 0 0 0 0 8 0 0 0 0 0 24 0 0 1 0 0 731 0 0 0 0 762 0 170 118 0 0 0 0 13 0 0 0 0 0 0 0 34 0 0 416 9 0 512 0 6 471 7055 183 0 0 5514 758 0 71 0 32 0 0 0 0 0 212 0 0 
0 0 0 0 0 0 0 0 0 0 0 0 0 0 0 0 0 0 0 0 0 0 0 0 0 0 0 0 5 0 0 0 0 0 809 0 0 0 0 1098 0 1 0 0 0 0 0 0 0 0 0 0 0 0 0 0 0 0 1077 4177 0 0 6 0 5 5014 0 0 0 599 557 0 466 0 9 0 0 0 0 0 0 0 0 
0 0 0 0 0 0 0 0 0 0 0 0 0 0 0 0 0 0 0 0 0 0 0 0 0 0 0 0 0 0 0 0 0 0 0 0 0 0 0 0 0 0 0 0 0 0 0 0 0 0 0 0 0 0 0 18 0 0 12 0 24 871 471 5 0 5651 646 0 0 223 0 0 0 0 0 0 0 0 0 0 177 0 0 
0 0 0 0 0 0 0 0 0 0 0 0 0 0 0 0 0 0 0 0 0 0 0 0 0 0 0 0 0 0 0 0 0 0 0 0 0 0 0 0 0 0 0 0 0 0 0 0 0 0 10 0 0 0 0 0 0 28 1156 4531 0 1 7055 5014 5651 0 402 0 0 182 6 0 6 0 1 0 0 0 0 0 226 0 0 
0 0 0 0 0 0 0 0 0 0 0 0 0 0 0 0 0 0 0 0 0 0 0 0 0 0 0 0 0 0 0 0 0 0 0 0 0 0 0 0 0 0 0 0 0 0 0 0 0 0 0 0 0 0 0 24 0 0 5 0 541 177 183 0 646 402 0 16 0 268 0 0 0 0 0 0 0 0 0 0 130 0 0 
0 0 0 0 0 0 0 0 0 0 0 0 0 0 0 0 0 0 0 0 0 0 0 0 0 0 0 0 0 0 0 0 0 0 0 0 0 0 0 0 0 0 0 0 0 0 0 0 0 0 0 0 0 0 0 0 0 0 205 0 129 0 0 0 0 0 16 0 0 0 0 0 0 0 0 52 0 619 61 0 293 11 0 
0 0 0 0 0 0 0 0 0 0 0 0 0 0 0 0 0 0 0 0 0 0 0 0 0 0 0 0 0 0 0 0 0 0 0 0 0 0 0 0 0 0 0 0 0 0 0 0 0 0 0 0 0 0 0 0 0 0 0 0 0 0 0 0 0 0 0 0 0 0 0 0 0 0 607 0 0 102 0 0 0 4 0 
0 0 0 0 0 0 0 0 0 0 0 0 0 0 0 0 0 0 0 0 0 0 0 0 0 0 0 0 0 0 0 0 0 0 0 0 0 0 0 0 0 0 0 0 0 0 0 0 0 0 2657 0 0 0 0 0 1044 8575 960 8799 7 0 5514 599 223 182 268 0 0 0 2266 623 54 0 469 406 0 952 1 0 290 0 0 
0 0 0 0 0 0 0 0 0 0 0 0 0 0 0 0 0 0 0 0 0 0 0 0 3 0 0 0 557 0 0 0 0 0 0 0 0 0 0 2 0 50 0 0 0 0 0 0 0 0 111 0 0 0 0 0 304 5122 427 6699 502 0 758 557 0 6 0 0 0 2266 0 253 149 0 516 985 0 1182 0 0 29 0 0 
0 0 0 0 0 0 0 0 0 0 0 0 0 0 0 0 0 0 0 0 0 0 0 0 0 0 0 0 0 0 0 0 0 0 0 0 0 0 0 0 0 0 0 0 0 0 0 0 0 0 0 0 0 0 0 0 0 2286 0 899 0 0 0 0 0 0 0 0 0 623 253 0 419 0 0 0 0 0 0 0 0 0 0 
0 0 0 0 0 0 0 0 0 0 0 0 0 0 0 0 0 0 0 0 0 0 0 0 0 0 0 0 6 0 0 0 0 0 0 0 0 0 0 0 0 7 8 0 0 0 0 0 0 0 14 0 0 0 0 0 248 1020 1773 10327 0 0 71 466 0 6 0 0 0 54 149 419 0 245 298 0 0 0 0 0 0 0 0 
0 0 0 0 0 0 0 0 0 0 0 0 0 0 0 0 0 0 0 0 0 0 0 0 0 0 0 0 0 0 0 0 0 0 0 0 0 0 0 0 0 0 0 0 0 0 0 0 0 0 56 0 0 0 0 0 440 2 973 470 0 0 0 0 0 0 0 0 0 0 0 0 245 0 19 0 0 0 0 0 0 0 0 
0 0 0 0 0 0 0 71 0 0 0 0 0 0 0 0 0 0 0 0 0 0 1 0 0 0 0 0 134 0 0 0 0 0 0 0 0 0 0 0 0 795 198 0 34 1592 1965 163 1783 22 2767 0 9 0 0 0 4404 40 3851 3487 60 14 32 9 0 1 0 0 607 469 516 0 298 19 0 42 18 234 0 20 0 0 47 
0 0 0 0 0 0 0 80 0 0 0 0 0 0 0 11 0 38 0 0 0 0 0 0 0 0 0 0 13 0 0 0 0 0 0 12 0 0 0 4 0 0 0 0 0 922 11 1193 1969 0 21634 119 0 0 0 0 2155 0 4797 0 4424 0 0 0 0 0 0 52 0 406 985 0 0 0 42 0 1640 586 32 0 592 238 287 
0 0 0 0 0 0 0 14 0 0 0 0 0 0 0 6 0 14 0 0 0 0 0 0 0 0 0 0 0 0 0 0 0 0 1 8 0 0 0 0 0 404 151 0 1 3301 2 24105 281 0 2685 285 0 0 0 0 205 0 262 3 52 0 0 0 0 0 0 0 0 0 0 0 0 0 18 1640 0 306 0 0 0 0 1816 
0 0 0 0 0 0 3 1017 0 0 0 0 0 0 0 0 0 0 0 0 0 0 0 0 0 0 0 0 0 0 0 0 0 0 0 9 0 0 0 6 0 2190 8664 0 52 8440 3331 8642 12733 23 15665 0 2 0 0 0 9747 4 13536 6359 1995 0 0 0 0 0 0 619 102 952 1182 0 0 0 234 586 306 0 0 182 236 6 5633 
0 0 0 0 0 0 0 0 0 0 0 0 0 0 0 0 0 0 0 0 0 0 0 0 0 0 0 0 0 0 0 0 0 0 0 0 0 0 0 0 0 0 0 0 0 28 0 50 0 0 0 0 0 0 0 0 0 0 1523 104 57 0 0 0 0 0 0 61 0 1 0 0 0 0 0 32 0 0 0 0 0 0 9552 
0 0 0 0 0 0 0 0 0 0 0 0 0 0 0 0 0 0 0 0 0 0 0 0 0 0 0 0 0 0 0 0 0 0 0 0 0 0 0 0 0 1044 0 0 1 0 0 142 0 0 0 0 0 0 0 0 0 0 22 13 0 0 0 0 0 0 0 0 0 0 0 0 0 0 20 0 0 182 0 0 0 0 0 
0 0 0 0 0 0 0 0 0 0 0 0 0 0 0 0 0 0 0 0 0 0 0 0 0 0 0 0 7 0 0 0 0 0 0 0 0 0 0 0 0 0 0 0 0 0 0 0 0 0 0 0 0 0 0 0 0 0 709 1 633 11 212 0 177 226 130 293 0 290 29 0 0 0 0 592 0 236 0 0 0 0 0 
0 0 0 0 0 0 0 0 0 0 0 0 0 0 0 0 0 0 0 0 0 0 0 0 0 0 0 0 0 0 0 0 0 0 0 0 0 0 0 0 0 0 0 0 0 0 0 0 0 0 0 0 0 0 0 0 0 0 741 0 338 0 0 0 0 0 0 11 4 0 0 0 0 0 0 238 0 6 0 0 0 0 0 
0 0 1 0 0 0 85 121 0 779 0 0 0 0 0 2265 0 2468 1172 0 0 0 0 0 0 0 0 0 31 2 0 0 0 1 1226 1078 5221 4485 0 0 1 0 36 0 24 564 11 1558 374 0 727 0 0 0 0 0 2 0 50 0 1 0 0 0 0 0 0 0 0 0 0 0 0 0 47 287 1816 5633 9552 0 0 0 0 
