0 201 0 879 9 0 286 20 0 0 0 128 0 0 1 0 0 1151 2 82 560 7 253 0 0 0 0 265 217 850 0 216 0 1986 0 905 3349 0 438 0 0 1061 0 211 49 0 0 12 0 0 0 0 11 0 0 5 0 0 346 0 607 2 0 0 0 0 0 0 0 1 315 0 64 0 11 0 0 24 4 2 188 2 0 
201 0 0 0 4 0 0 0 0 0 0 0 0 0 0 0 0 23 0 0 0 0 0 0 0 0 0 0 0 0 0 0 0 529 0 0 5450 0 0 0 0 0 0 0 0 0 0 0 0 0 0 0 0 0 0 0 0 0 0 0 0 0 0 0 0 0 0 0 0 0 0 0 0 0 0 0 0 0 0 0 0 0 0 
0 0 0 339 0 0 0 0 0 0 0 675 0 0 0 0 0 0 0 0 0 0 0 0 0 0 0 0 0 0 0 0 0 0 0 132 2 0 0 0 0 661 0 154 7 0 0 220 94 0 0 0 45 0 0 0 0 0 0 0 0 0 0 0 0 0 0 0 0 0 0 0 0 0 0 0 0 0 0 0 0 0 0 
879 0 339 0 0 0 0 63 0 0 0 63 0 0 0 0 0 0 0 0 0 0 0 0 0 0 0 0 0 0 0 0 0 31 0 23 0 0 39 0 0 733 0 72 6 0 0 53 0 0 0 0 123 0 0 0 0 0 0 0 0 0 0 0 0 0 0 0 0 0 0 0 0 0 0 0 0 0 0 0 0 0 0 
9 4 0 0 0 53 48 3679 796 10 0 0 0 0 0 0 0 0 0 0 0 0 0 0 0 0 0 0 0 0 0 0 0 207 56 78 6553 42 0 0 0 0 0 0 0 0 0 0 3564 0 0 0 0 0 0 0 0 0 0 0 0 0 0 0 0 0 0 0 0 0 0 0 0 0 0 0 0 0 0 0 0 0 1 
0 0 0 0 53 0 0 7636 2462 3247 0 0 0 0 0 292 429 0 3 0 0 0 0 0 0 0 0 0 1224 2372 83 6 0 19 0 0 262 0 0 0 0 0 0 0 0 0 0 0 1204 0 0 0 0 0 0 0 0 0 0 0 0 0 0 0 0 0 0 0 0 0 0 0 0 0 0 0 0 0 0 0 0 0 0 
286 0 0 0 48 0 0 5186 1654 13 0 741 584 0 0 0 0 298 0 1 0 0 0 0 0 0 0 0 0 0 0 0 0 727 394 14072 10208 385 0 0 0 1420 0 418 0 0 4 6727 20380 0 0 0 118 54 0 0 0 0 0 0 0 0 0 0 0 0 0 0 0 0 0 0 0 0 52 7 85 812 7 0 0 0 25 
20 0 0 63 3679 7636 5186 0 1529 2402 1110 993 2882 1801 0 71 98 0 94 0 0 0 0 0 0 0 0 0 804 2086 49 0 0 968 6587 1322 9440 1 0 0 0 0 0 0 0 0 1 287 51420 0 105 2330 20 241 432 0 3 0 0 0 0 0 0 0 0 0 0 0 0 0 0 0 0 0 4 0 0 322 0 0 0 0 2252 
0 0 0 0 796 2462 1654 1529 0 6997 0 0 0 0 0 230 0 0 78 0 0 0 0 0 0 0 0 0 336 63 0 0 0 0 0 0 0 0 0 0 0 0 0 0 0 0 0 0 1 0 0 0 0 0 0 0 0 0 0 0 0 0 0 0 0 0 0 0 0 0 0 0 0 0 0 0 0 0 0 0 0 0 0 
0 0 0 0 10 3247 13 2402 6997 0 2 0 0 526 0 2929 4358 34 1774 0 0 0 0 0 0 0 0 0 2758 987 24 0 0 1017 10919 2546 9515 0 0 0 0 0 0 0 0 0 0 0 21 0 1755 1428 0 0 131 0 1470 0 540 0 1574 0 0 0 0 0 0 0 0 0 0 0 0 0 0 0 0 0 0 0 0 0 7175 
0 0 0 0 0 0 0 1110 0 2 0 0 67 4456 0 1 0 0 0 0 0 0 0 0 0 0 0 0 0 0 0 0 0 0 0 0 0 0 0 0 0 0 0 0 0 0 0 0 117 0 525 1731 0 0 372 0 687 0 2001 0 1946 0 0 0 0 0 0 0 0 0 0 0 0 0 0 0 0 0 0 0 0 0 0 
128 0 675 63 0 0 741 993 0 0 0 0 0 0 0 0 0 0 0 0 0 0 0 0 0 0 0 0 0 0 0 0 0 6 0 0 1 0 5 0 0 8 0 16 2 0 0 12 56 0 0 0 15 0 0 0 0 0 0 0 0 0 0 0 0 0 0 0 0 0 0 0 0 0 0 0 0 0 0 0 0 0 0 
0 0 0 0 0 0 584 2882 0 0 67 0 0 474 0 0 0 0 0 159 0 0 0 0 0 0 0 0 0 0 0 0 0 0 0 0 0 0 0 0 0 0 0 0 0 0 0 0 278 0 0 0 0 0 0 0 0 0 0 0 0 0 0 0 0 0 0 0 0 0 0 0 0 0 0 0 0 0 0 0 0 0 0 
0 0 0 0 0 0 0 1801 0 526 4456 0 474 0 898 27 0 0 0 5388 0 0 0 0 0 0 0 0 0 0 0 0 0 0 0 0 0 0 0 0 0 0 0 0 0 0 0 0 2 0 0 2 0 1 0 0 0 0 23 0 321 0 0 0 0 0 0 0 0 0 0 0 0 0 0 0 0 0 0 0 0 0 0 
1 0 0 0 0 0 0 0 0 0 0 0 0 898 0 0 0 114 0 5946 1500 63 0 85 214 35 0 0 199 0 0 0 0 0 0 0 11 0 0 5 0 0 0 0 0 0 0 0 0 0 0 0 0 0 0 314 0 0 623 0 1572 103 0 0 1 2 3 0 0 0 0 0 0 0 0 0 0 0 0 0 0 0 0 
0 0 0 0 0 292 0 71 230 2929 1 0 0 27 0 0 3673 590 2732 0 0 0 0 0 7 0 0 0 2441 3193 618 38 0 3440 2785 60 9671 0 0 0 0 0 0 0 0 0 0 0 0 0 5 0 0 0 0 0 307 0 3118 0 1558 0 0 0 0 0 0 0 0 0 0 0 0 0 0 5 15 0 0 0 0 0 652 
0 0 0 0 0 429 0 98 0 4358 0 0 0 0 0 3673 0 970 1581 377 0 0 0 0 0 0 0 0 28 628 689 340 0 100 0 0 0 0 0 0 0 0 0 0 0 0 0 0 0 0 0 0 0 0 0 0 0 0 0 0 0 0 0 0 0 0 0 0 0 0 0 0 0 0 0 0 0 0 0 0 0 0 0 
1151 23 0 0 0 0 298 0 0 34 0 0 0 0 114 590 970 0 4429 830 89 21 674 0 1166 0 0 0 1587 11114 4643 6534 144 2519 2204 1 10454 314 0 0 29 0 0 0 139 0 0 0 0 0 0 0 0 0 0 172 0 0 2753 0 1691 699 0 85 0 0 0 0 0 2 398 0 172 0 168 2 0 138 3 2 204 0 428 
2 0 0 0 0 3 0 94 78 1774 0 0 0 0 0 2732 1581 4429 0 0 18 0 1443 0 2086 0 0 0 5318 4159 38 452 0 265 0 0 89 0 0 0 0 0 0 0 0 0 0 0 0 0 0 0 0 0 0 0 0 0 0 0 0 0 0 0 0 0 0 0 0 0 0 0 0 0 0 0 0 0 0 0 0 0 0 
82 0 0 0 0 0 1 0 0 0 0 0 159 5388 5946 0 377 830 0 0 235 45 0 9 0 0 0 0 61 593 1724 2495 144 372 1622 0 2782 477 0 4 30 0 0 0 12 0 0 0 0 0 0 0 0 0 11 1902 0 0 9695 0 11905 1654 0 37 0 0 0 0 0 0 43 0 23 0 20 123 0 0 1 0 22 0 573 
560 0 0 0 0 0 0 0 0 0 0 0 0 0 1500 0 0 89 18 235 0 1554 56 743 179 0 0 0 530 517 0 1050 0 541 0 0 113 0 0 0 0 0 0 0 23 0 0 0 0 0 0 0 0 0 0 907 0 0 3098 0 548 1444 1 94 0 0 0 0 0 0 184 0 482 0 66 0 0 1 4 0 41 0 0 
7 0 0 0 0 0 0 0 0 0 0 0 0 0 63 0 0 21 0 45 1554 0 54 2382 795 1 0 0 3820 2604 0 491 0 6 0 0 0 0 0 0 0 0 0 0 0 0 0 0 0 0 0 0 0 0 0 136 0 0 194 0 23 393 0 75 1 0 0 0 0 0 0 0 48 0 0 0 0 0 0 0 0 0 0 
253 0 0 0 0 0 0 0 0 0 0 0 0 0 0 0 0 674 1443 0 56 54 0 16 4107 0 0 0 13015 2883 0 1485 0 406 0 0 0 0 0 0 0 0 0 0 0 0 0 0 0 0 0 0 0 0 0 190 0 0 9 0 0 206 0 18 1 0 0 0 0 0 2 0 31 0 0 0 0 0 0 0 0 0 0 
0 0 0 0 0 0 0 0 0 0 0 0 0 0 85 0 0 0 0 9 743 2382 16 0 640 3 0 0 3342 1189 0 82 0 0 0 0 0 0 0 1 0 0 0 0 0 0 0 0 0 0 0 0 0 0 0 1 0 0 0 0 0 3 21 0 0 0 0 0 0 0 0 0 0 0 0 0 0 0 0 0 0 0 0 
0 0 0 0 0 0 0 0 0 0 0 0 0 0 214 7 0 1166 2086 0 179 795 4107 640 0 184 0 0 1344 7 0 0 0 3 31 0 107 23 9 643 100 0 0 0 0 0 0 0 0 0 0 0 0 0 0 6 0 0 0 0 0 0 13 0 0 0 0 0 0 0 0 0 0 0 0 0 0 0 0 0 2 0 0 
0 0 0 0 0 0 0 0 0 0 0 0 0 0 35 0 0 0 0 0 0 1 0 3 184 0 25 0 7 0 0 0 0 0 0 0 0 0 0 291 0 0 0 0 0 0 0 0 0 0 0 0 0 0 0 0 0 0 0 0 0 0 0 0 0 0 0 0 0 0 0 0 0 0 0 0 0 0 0 0 0 0 0 
0 0 0 0 0 0 0 0 0 0 0 0 0 0 0 0 0 0 0 0 0 0 0 0 0 25 0 0 0 0 0 0 0 0 0 0 0 0 0 537 34 0 0 0 0 0 0 0 0 0 0 0 0 0 0 0 0 0 0 0 0 0 0 0 0 0 0 0 0 0 0 0 0 0 0 0 0 0 0 0 0 0 0 
265 0 0 0 0 0 0 0 0 0 0 0 0 0 0 0 0 0 0 0 0 0 0 0 0 0 0 0 0 0 0 0 0 1107 0 0 0 0 0 0 75 0 0 0 0 0 0 0 0 0 0 0 0 0 0 0 0 0 0 0 0 0 0 0 0 0 0 0 0 0 0 0 0 0 0 0 0 0 0 0 0 0 0 
217 0 0 0 0 1224 0 804 336 2758 0 0 0 0 199 2441 28 1587 5318 61 530 3820 13015 3342 1344 7 0 0 0 330 0 28 0 3376 395 0 1194 307 20 623 326 2 0 1 0 0 0 0 0 0 0 0 0 0 0 15 0 0 0 0 0 0 0 0 0 0 0 0 0 0 0 0 0 0 0 0 0 0 0 0 21 1 0 
850 0 0 0 0 2372 0 2086 63 987 0 0 0 0 0 3193 628 11114 4159 593 517 2604 2883 1189 7 0 0 0 330 0 9 0 0 3234 40 3 174 82 5 56 0 5 0 0 4 0 0 0 0 0 0 0 0 0 0 8 0 0 20 0 232 0 0 0 0 0 0 0 0 2 13 0 0 0 3 9 0 49 7 0 15 30 0 
0 0 0 0 0 83 0 49 0 24 0 0 0 0 0 618 689 4643 38 1724 0 0 0 0 0 0 0 0 0 9 0 330 0 71 0 0 0 0 0 0 0 0 0 0 0 0 0 0 0 0 0 0 0 0 0 0 0 0 0 0 1 0 0 0 0 0 0 0 0 0 0 0 0 0 0 0 0 0 0 0 0 0 0 
216 0 0 0 0 6 0 0 0 0 0 0 0 0 0 38 340 6534 452 2495 1050 491 1485 82 0 0 0 0 28 0 330 0 935 1660 0 0 11 0 0 0 0 0 0 0 0 0 0 0 0 0 0 0 0 0 0 9 0 0 3 0 133 0 0 0 0 0 0 0 0 0 0 0 1 0 0 0 0 0 0 0 0 0 0 
0 0 0 0 0 0 0 0 0 0 0 0 0 0 0 0 0 144 0 144 0 0 0 0 0 0 0 0 0 0 0 935 0 5 0 0 17 0 0 0 0 0 0 0 0 0 0 0 0 0 0 0 0 0 0 0 0 0 2 0 6 0 0 0 0 0 0 0 0 0 0 0 0 0 0 0 0 0 0 0 0 0 0 
1986 529 0 31 207 19 727 968 0 1017 0 6 0 0 0 3440 100 2519 265 372 541 6 406 0 3 0 0 1107 3376 3234 71 1660 5 0 22 47 135 2 205 0 1 134 0 6 16 0 0 0 34 0 0 0 3 0 0 2 0 0 161 0 218 0 0 0 0 0 0 0 0 0 3 0 0 0 1 2 0 27 13 0 7 33 78 
0 0 0 0 56 0 394 6587 0 10919 0 0 0 0 0 2785 0 2204 0 1622 0 0 0 0 31 0 0 0 395 40 0 0 0 22 0 841 509 31 6 95 348 0 0 0 0 0 0 0 1605 0 0 0 0 0 0 0 28 0 1260 0 286 0 0 0 0 0 0 0 0 0 0 0 0 0 0 203 15 6 0 0 0 3 83 
905 0 132 23 78 0 14072 1322 0 2546 0 0 0 0 0 60 0 1 0 0 0 0 0 0 0 0 0 0 0 3 0 0 0 47 841 0 116 12 10 0 16 0 0 0 0 0 0 0 111 0 0 0 0 0 0 0 144 0 194 0 18 0 0 0 0 0 0 0 0 0 0 0 0 0 0 4 38 0 0 0 0 0 96 
3349 5450 2 0 6553 262 10208 9440 0 9515 0 1 0 0 11 9671 0 10454 89 2782 113 0 0 0 107 0 0 0 1194 174 0 11 17 135 509 116 0 42 177 0 0 100 0 15 36 0 0 0 5970 0 0 0 0 0 0 24 0 0 4122 0 8153 23 0 0 0 0 0 0 0 3 312 0 10 0 9 53 0 565 98 2 146 272 2572 
0 0 0 0 42 0 385 1 0 0 0 0 0 0 0 0 0 314 0 477 0 0 0 0 23 0 0 0 307 82 0 0 0 2 31 12 42 0 0 0 0 0 0 0 0 0 0 0 16 0 0 0 0 0 0 0 0 0 378 0 703 0 0 0 0 0 0 0 0 0 0 0 0 0 0 0 0 0 0 0 0 3 7969 
438 0 0 39 0 0 0 0 0 0 0 5 0 0 0 0 0 0 0 0 0 0 0 0 9 0 0 0 20 5 0 0 0 205 6 10 177 0 0 0 17 1 0 0 0 0 0 0 0 0 0 0 0 0 0 0 0 0 1 0 2 0 0 0 0 0 0 0 0 0 0 0 0 0 0 0 0 0 0 0 0 1 0 
0 0 0 0 0 0 0 0 0 0 0 0 0 0 5 0 0 0 0 4 0 0 0 1 643 291 537 0 623 56 0 0 0 0 95 0 0 0 0 0 0 0 0 0 7 0 0 0 0 0 0 0 0 0 0 1 0 0 7 0 28 0 0 0 0 0 0 0 0 2 10 0 2 0 0 0 0 33 3 0 4 1 0 
0 0 0 0 0 0 0 0 0 0 0 0 0 0 0 0 0 29 0 30 0 0 0 0 100 0 34 75 326 0 0 0 0 1 348 16 0 0 17 0 0 0 0 0 0 0 0 0 0 0 0 0 0 0 0 0 0 0 1462 0 578 0 0 0 0 0 0 0 0 0 0 0 0 0 0 44 0 24 13 0 56 179 35 
1061 0 661 733 0 0 1420 0 0 0 0 8 0 0 0 0 0 0 0 0 0 0 0 0 0 0 0 0 2 5 0 0 0 134 0 0 100 0 1 0 0 0 873 0 289 11 0 816 0 0 0 0 861 0 0 0 0 0 314 180 2 0 0 140 0 17 0 0 0 0 0 0 450 0 810 0 734 2748 0 554 0 0 0 
0 0 0 0 0 0 0 0 0 0 0 0 0 0 0 0 0 0 0 0 0 0 0 0 0 0 0 0 0 0 0 0 0 0 0 0 0 0 0 0 0 873 0 0 0 0 0 51 0 0 0 0 0 0 0 0 0 0 0 0 0 0 0 0 0 0 0 0 0 0 0 0 0 0 6 0 5 1562 0 0 0 0 0 
211 0 154 72 0 0 418 0 0 0 0 16 0 0 0 0 0 0 0 0 0 0 0 0 0 0 0 0 1 0 0 0 0 6 0 0 15 0 0 0 0 0 0 0 33 0 0 0 0 0 0 0 485 0 0 0 0 0 0 0 0 0 0 0 0 0 0 0 0 0 0 0 0 0 0 0 0 0 0 0 0 0 0 
49 0 7 6 0 0 0 0 0 0 0 2 0 0 0 0 0 139 0 12 23 0 0 0 0 0 0 0 0 4 0 0 0 16 0 0 36 0 0 7 0 289 0 33 0 0 0 0 0 0 0 0 672 0 0 0 0 0 75 0 63 0 0 0 0 0 0 0 30 22 7 0 74 0 0 0 0 15 0 0 0 92 0 
0 0 0 0 0 0 0 0 0 0 0 0 0 0 0 0 0 0 0 0 0 0 0 0 0 0 0 0 0 0 0 0 0 0 0 0 0 0 0 0 0 11 0 0 0 0 574 208 252 5 0 0 0 0 0 0 0 0 0 0 0 0 0 0 0 0 0 0 0 0 0 0 0 0 1288 0 52 9643 0 0 0 0 0 
0 0 0 0 0 0 4 1 0 0 0 0 0 0 0 0 0 0 0 0 0 0 0 0 0 0 0 0 0 0 0 0 0 0 0 0 0 0 0 0 0 0 0 0 0 574 0 1640 7773 7628 3602 0 0 0 0 0 60 29 0 0 0 0 0 0 0 0 0 0 0 5 0 0 0 0 88 0 0 30 0 0 0 0 0 
12 0 220 53 0 0 6727 287 0 0 0 12 0 0 0 0 0 0 0 0 0 0 0 0 0 0 0 0 0 0 0 0 0 0 0 0 0 0 0 0 0 816 51 0 0 208 1640 0 11866 2960 0 0 987 0 0 0 0 0 0 0 0 0 0 0 0 0 0 0 0 0 0 0 0 0 176 64 12630 15020 34 209 0 0 40 
0 0 94 0 3564 1204 20380 51420 1 21 117 56 278 2 0 0 0 0 0 0 0 0 0 0 0 0 0 0 0 0 0 0 0 34 1605 111 5970 16 0 0 0 0 0 0 0 252 7773 11866 0 606 171 484 1693 1501 549 0 30 0 0 0 389 0 0 0 0 0 0 0 0 0 0 0 0 0 1594 6381 4043 9063 542 0 0 0 1223 
0 0 0 0 0 0 0 0 0 0 0 0 0 0 0 0 0 0 0 0 0 0 0 0 0 0 0 0 0 0 0 0 0 0 0 0 0 0 0 0 0 0 0 0 0 5 7628 2960 606 0 4983 0 0 0 0 0 0 0 0 0 0 0 0 0 0 0 0 0 0 0 0 0 0 0 147 0 0 131 0 0 0 0 0 
0 0 0 0 0 0 0 105 0 1755 525 0 0 0 0 5 0 0 0 0 0 0 0 0 0 0 0 0 0 0 0 0 0 0 0 0 0 0 0 0 0 0 0 0 0 0 3602 0 171 4983 0 29 0 4 132 0 1473 2811 1 21 0 0 0 0 0 0 0 0 0 5244 254 786 1108 0 2712 11947 3418 11991 272 0 0 0 571 
0 0 0 0 0 0 0 2330 0 1428 1731 0 0 2 0 0 0 0 0 0 0 0 0 0 0 0 0 0 0 0 0 0 0 0 0 0 0 0 0 0 0 0 0 0 0 0 0 0 484 0 29 0 0 136 157 0 81 0 0 0 0 0 0 0 0 0 0 0 0 0 0 0 0 0 0 0 14 0 0 0 0 0 0 
11 0 45 123 0 0 118 20 0 0 0 15 0 0 0 0 0 0 0 0 0 0 0 0 0 0 0 0 0 0 0 0 0 3 0 0 0 0 0 0 0 861 0 485 672 0 0 987 1693 0 0 0 0 0 0 0 0 0 0 0 0 0 0 0 0 0 0 0 0 0 0 0 0 0 0 0 0 0 0 0 0 0 0 
0 0 0 0 0 0 54 241 0 0 0 0 0 1 0 0 0 0 0 0 0 0 0 0 0 0 0 0 0 0 0 0 0 0 0 0 0 0 0 0 0 0 0 0 0 0 0 0 1501 0 4 136 0 0 793 0 37 0 0 0 1240 0 0 0 0 0 0 0 0 0 0 0 0 0 0 0 0 0 0 0 0 0 0 
0 0 0 0 0 0 0 432 0 131 372 0 0 0 0 0 0 0 0 11 0 0 0 0 0 0 0 0 0 0 0 0 0 0 0 0 0 0 0 0 0 0 0 0 0 0 0 0 549 0 132 157 0 793 0 492 125 0 4 0 5746 0 0 0 0 0 0 0 0 0 0 0 0 0 0 0 0 0 0 0 0 0 0 
5 0 0 0 0 0 0 0 0 0 0 0 0 0 314 0 0 172 0 1902 907 136 190 1 6 0 0 0 15 8 0 9 0 2 0 0 24 0 0 1 0 0 0 0 0 0 0 0 0 0 0 0 0 0 492 0 0 0 31 0 4270 75 4 1 4 41 46 0 0 0 0 0 8 0 0 0 0 0 0 0 0 0 0 
0 0 0 0 0 0 0 3 0 1470 687 0 0 0 0 307 0 0 0 0 0 0 0 0 0 0 0 0 0 0 0 0 0 0 28 144 0 0 0 0 0 0 0 0 0 0 60 0 30 0 1473 81 0 37 125 0 0 6088 520 655 0 0 0 0 0 0 0 0 0 233 10 57 63 0 566 3057 465 5181 1 0 9 0 65 
0 0 0 0 0 0 0 0 0 0 0 0 0 0 0 0 0 0 0 0 0 0 0 0 0 0 0 0 0 0 0 0 0 0 0 0 0 0 0 0 0 0 0 0 0 0 29 0 0 0 2811 0 0 0 0 0 6088 0 45 118 0 0 0 0 0 0 0 0 0 1531 89 4459 42 0 22 0 0 31 0 0 0 0 0 
346 0 0 0 0 0 0 0 0 540 2001 0 0 23 623 3118 0 2753 0 9695 3098 194 9 0 0 0 0 0 0 20 0 3 2 161 1260 194 4122 378 1 7 1462 314 0 0 75 0 0 0 0 0 1 0 0 0 4 31 520 45 0 6199 7 93 12 1886 0 3 0 0 0 487 1700 523 3980 1447 3677 8090 146 9704 573 2 430 538 833 
0 0 0 0 0 0 0 0 0 0 0 0 0 0 0 0 0 0 0 0 0 0 0 0 0 0 0 0 0 0 0 0 0 0 0 0 0 0 0 0 0 180 0 0 0 0 0 0 0 0 21 0 0 0 0 0 655 118 6199 0 0 0 0 2538 0 1564 0 0 0 1878 2689 1838 3641 307 504 0 0 417 0 0 0 0 0 
607 0 0 0 0 0 0 0 0 1574 1946 0 0 321 1572 1558 0 1691 0 11905 548 23 0 0 0 0 0 0 0 232 1 133 6 218 286 18 8153 703 2 28 578 2 0 0 63 0 0 0 389 0 0 0 0 1240 5746 4270 0 0 7 0 0 97 0 0 0 0 0 0 0 16 95 0 2 0 47 31 0 288 21 9 65 0 3 
2 0 0 0 0 0 0 0 0 0 0 0 0 0 103 0 0 699 0 1654 1444 393 206 3 0 0 0 0 0 0 0 0 0 0 0 0 23 0 0 0 0 0 0 0 0 0 0 0 0 0 0 0 0 0 0 75 0 0 93 0 97 0 899 131 168 0 0 0 0 0 0 0 40 0 48 0 0 0 0 0 0 0 0 
0 0 0 0 0 0 0 0 0 0 0 0 0 0 0 0 0 0 0 0 1 0 0 21 13 0 0 0 0 0 0 0 0 0 0 0 0 0 0 0 0 0 0 0 0 0 0 0 0 0 0 0 0 0 0 4 0 0 12 0 0 899 0 696 472 103 0 0 0 3 0 0 0 0 0 0 0 0 0 0 0 0 0 
0 0 0 0 0 0 0 0 0 0 0 0 0 0 0 0 0 85 0 37 94 75 18 0 0 0 0 0 0 0 0 0 0 0 0 0 0 0 0 0 0 140 0 0 0 0 0 0 0 0 0 0 0 0 0 1 0 0 1886 2538 0 131 696 0 190 714 0 0 0 13683 4590 0 7456 0 1884 0 0 27 0 0 0 0 0 
0 0 0 0 0 0 0 0 0 0 0 0 0 0 1 0 0 0 0 0 0 1 1 0 0 0 0 0 0 0 0 0 0 0 0 0 0 0 0 0 0 0 0 0 0 0 0 0 0 0 0 0 0 0 0 4 0 0 0 0 0 168 472 190 0 2886 0 0 0 1076 0 0 0 0 0 0 0 0 0 0 2 0 0 
0 0 0 0 0 0 0 0 0 0 0 0 0 0 2 0 0 0 0 0 0 0 0 0 0 0 0 0 0 0 0 0 0 0 0 0 0 0 0 0 0 17 0 0 0 0 0 0 0 0 0 0 0 0 0 41 0 0 3 1564 0 0 103 714 2886 0 17 1 11 3614 1092 0 1773 0 62 5 0 4 0 0 26 249 0 
0 0 0 0 0 0 0 0 0 0 0 0 0 0 3 0 0 0 0 0 0 0 0 0 0 0 0 0 0 0 0 0 0 0 0 0 0 0 0 0 0 0 0 0 0 0 0 0 0 0 0 0 0 0 0 46 0 0 0 0 0 0 0 0 0 17 0 22 0 0 0 0 0 0 0 0 0 0 0 0 183 0 0 
0 0 0 0 0 0 0 0 0 0 0 0 0 0 0 0 0 0 0 0 0 0 0 0 0 0 0 0 0 0 0 0 0 0 0 0 0 0 0 0 0 0 0 0 0 0 0 0 0 0 0 0 0 0 0 0 0 0 0 0 0 0 0 0 0 1 22 0 0 0 0 0 0 0 0 0 0 0 0 0 318 0 0 
0 0 0 0 0 0 0 0 0 0 0 0 0 0 0 0 0 0 0 0 0 0 0 0 0 0 0 0 0 0 0 0 0 0 0 0 0 0 0 0 0 0 0 0 30 0 0 0 0 0 0 0 0 0 0 0 0 0 0 0 0 0 0 0 0 11 0 0 0 0 0 0 0 0 149 27 0 113 58 27 36 72 2 
1 0 0 0 0 0 0 0 0 0 0 0 0 0 0 0 0 2 0 0 0 0 0 0 0 0 0 0 0 2 0 0 0 0 0 0 3 0 0 2 0 0 0 0 22 0 5 0 0 0 5244 0 0 0 0 0 233 1531 487 1878 16 0 3 13683 1076 3614 0 0 0 0 227 0 102 0 19 148 0 358 42 10 553 52 4 
315 0 0 0 0 0 0 0 0 0 0 0 0 0 0 0 0 398 0 43 184 0 2 0 0 0 0 0 0 13 0 0 0 3 0 0 312 0 0 10 0 0 0 0 7 0 0 0 0 0 254 0 0 0 0 0 10 89 1700 2689 95 0 0 4590 0 1092 0 0 0 227 0 336 1282 0 23 4 0 62 47 13 128 6 0 
0 0 0 0 0 0 0 0 0 0 0 0 0 0 0 0 0 0 0 0 0 0 0 0 0 0 0 0 0 0 0 0 0 0 0 0 0 0 0 0 0 0 0 0 0 0 0 0 0 0 786 0 0 0 0 0 57 4459 523 1838 0 0 0 0 0 0 0 0 0 0 336 0 1766 1 0 0 0 2 0 0 0 0 0 
64 0 0 0 0 0 0 0 0 0 0 0 0 0 0 0 0 172 0 23 482 48 31 0 0 0 0 0 0 0 0 1 0 0 0 0 10 0 0 2 0 450 0 0 74 0 0 0 0 0 1108 0 0 0 0 8 63 42 3980 3641 2 40 0 7456 0 1773 0 0 0 102 1282 1766 0 106 2819 52 0 192 103 74 38 214 0 
0 0 0 0 0 0 0 0 0 0 0 0 0 0 0 0 0 0 0 0 0 0 0 0 0 0 0 0 0 0 0 0 0 0 0 0 0 0 0 0 0 0 0 0 0 0 0 0 0 0 0 0 0 0 0 0 0 0 1447 307 0 0 0 0 0 0 0 0 0 0 0 1 106 0 0 0 0 0 0 0 0 0 0 
11 0 0 0 0 0 52 4 0 0 0 0 0 0 0 0 0 168 0 20 66 0 0 0 0 0 0 0 0 3 0 0 0 1 0 0 9 0 0 0 0 810 6 0 0 1288 88 176 1594 147 2712 0 0 0 0 0 566 22 3677 504 47 48 0 1884 0 62 0 0 149 19 23 0 2819 0 0 0 3 84 0 0 0 0 0 
0 0 0 0 0 0 7 0 0 0 0 0 0 0 0 5 0 2 0 123 0 0 0 0 0 0 0 0 0 9 0 0 0 2 203 4 53 0 0 0 44 0 0 0 0 0 0 64 6381 0 11947 0 0 0 0 0 3057 0 8090 0 31 0 0 0 0 5 0 0 27 148 4 0 52 0 0 0 436 35 4 0 118 276 574 
0 0 0 0 0 0 85 0 0 0 0 0 0 0 0 15 0 0 0 0 0 0 0 0 0 0 0 0 0 0 0 0 0 0 15 38 0 0 0 0 0 734 5 0 0 52 0 12630 4043 0 3418 14 0 0 0 0 465 0 146 0 0 0 0 0 0 0 0 0 0 0 0 0 0 0 3 436 0 33 2 0 0 0 1310 
24 0 0 0 0 0 812 322 0 0 0 0 0 0 0 0 0 138 0 0 1 0 0 0 0 0 0 0 0 49 0 0 0 27 6 0 565 0 0 33 24 2748 1562 0 15 9643 30 15020 9063 131 11991 0 0 0 0 0 5181 31 9704 417 288 0 0 27 0 4 0 0 113 358 62 2 192 0 84 35 33 0 0 7 165 0 906 
4 0 0 0 0 0 7 0 0 0 0 0 0 0 0 0 0 3 0 1 4 0 0 0 0 0 0 0 0 7 0 0 0 13 0 0 98 0 0 3 13 0 0 0 0 0 0 34 542 0 272 0 0 0 0 0 1 0 573 0 21 0 0 0 0 0 0 0 58 42 47 0 103 0 0 4 2 0 0 0 0 0 8546 
2 0 0 0 0 0 0 0 0 0 0 0 0 0 0 0 0 2 0 0 0 0 0 0 0 0 0 0 0 0 0 0 0 0 0 0 2 0 0 0 0 554 0 0 0 0 0 209 0 0 0 0 0 0 0 0 0 0 2 0 9 0 0 0 0 0 0 0 27 10 13 0 74 0 0 0 0 7 0 0 0 0 0 
188 0 0 0 0 0 0 0 0 0 0 0 0 0 0 0 0 204 0 22 41 0 0 0 2 0 0 0 21 15 0 0 0 7 0 0 146 0 0 4 56 0 0 0 0 0 0 0 0 0 0 0 0 0 0 0 9 0 430 0 65 0 0 0 2 26 183 318 36 553 128 0 38 0 0 118 0 165 0 0 0 0 0 
2 0 0 0 0 0 0 0 0 0 0 0 0 0 0 0 0 0 0 0 0 0 0 0 0 0 0 0 1 30 0 0 0 33 3 0 272 3 1 1 179 0 0 0 92 0 0 0 0 0 0 0 0 0 0 0 0 0 538 0 0 0 0 0 0 249 0 0 72 52 6 0 214 0 0 276 0 0 0 0 0 0 2 
0 0 0 0 1 0 25 2252 0 7175 0 0 0 0 0 652 0 428 0 573 0 0 0 0 0 0 0 0 0 0 0 0 0 78 83 96 2572 7969 0 0 35 0 0 0 0 0 0 40 1223 0 571 0 0 0 0 0 65 0 833 0 3 0 0 0 0 0 0 0 2 4 0 0 0 0 0 574 1310 906 8546 0 0 2 0 
