0 1144 518 614 0 0 3114 0 0 0 0 610 0 0 0 13 0 5 0 0 0 0 0 0 0 0 0 0 0 0 0 6 0 1515 0 96 0 0 157 0 0 0 0 0 0 0 0 0 0 0 0 0 0 0 0 0 0 0 0 0 0 0 0 0 0 0 0 0 0 0 0 0 0 0 0 0 0 0 0 0 0 0 22 
1144 0 0 0 101 0 2 0 0 0 0 0 0 0 0 123 0 79 0 0 0 0 0 0 0 0 0 0 0 0 0 317 0 6720 0 0 0 0 0 0 0 0 0 0 0 0 0 0 0 0 0 0 0 0 0 0 0 0 0 0 0 0 0 0 0 0 0 0 0 0 0 0 0 0 0 0 0 0 0 0 0 0 0 
518 0 0 372 0 0 0 3 0 0 0 225 0 0 0 0 0 0 0 0 0 0 0 0 0 0 0 21 0 0 0 132 0 262 0 1090 500 0 13 0 0 36 0 1073 39 0 0 3414 1832 0 0 0 0 0 0 0 0 0 0 0 0 0 0 0 0 0 0 0 0 0 0 0 0 0 0 0 0 0 0 0 0 0 0 
614 0 372 0 0 0 0 421 0 0 0 344 0 0 0 0 0 0 0 0 0 0 0 0 0 0 0 0 0 0 0 9 0 577 39 0 0 0 4 0 0 19 0 86 1 0 0 346 90 0 0 0 0 0 0 0 0 0 0 0 0 0 0 0 0 0 0 0 0 0 0 0 0 0 0 0 0 0 0 0 0 0 24 
0 101 0 0 0 672 28 12 338 12 0 0 0 0 0 47 1892 45 2 0 0 0 7 0 6 0 0 0 24 139 1225 1210 0 4710 0 0 4 0 0 0 0 0 0 0 0 0 0 0 0 0 0 0 0 0 0 0 0 0 0 0 0 0 0 0 0 0 0 0 0 0 0 0 0 0 0 0 0 0 0 0 0 0 0 
0 0 0 0 672 0 45 766 1091 3534 0 0 0 0 0 481 3143 0 0 0 0 0 0 0 0 0 0 0 10 238 1176 631 0 132 0 0 0 0 0 0 0 0 0 0 0 0 0 0 0 0 0 0 0 0 0 0 0 0 0 0 0 0 0 0 0 0 0 0 0 0 0 0 0 0 0 0 0 0 0 0 0 0 0 
3114 2 0 0 28 45 0 6792 3644 45 0 98 394 0 0 15 1034 97 1 0 0 0 40 0 2345 0 0 51 2030 53 311 5068 0 11473 164 6745 6272 1679 195 41 0 0 0 3 1 0 0 5102 5117 0 0 0 0 0 0 0 0 0 0 0 0 0 18 0 50 0 0 0 0 0 0 0 35 2 460 1 2 615 0 0 0 0 8 
0 0 3 421 12 766 6792 0 977 2667 911 1488 18083 7243 0 3 10 0 3 158 0 0 0 0 35 0 0 0 27 92 232 63 0 516 3251 1254 13747 3534 25 4 0 0 0 0 0 0 0 2965 29478 0 21 902 0 11 1 0 0 0 0 0 0 0 5 4 30 0 0 0 0 0 0 0 177 0 1006 49 17 347 19 0 0 0 3110 
0 0 0 0 338 1091 3644 977 0 1348 0 0 0 0 0 44 16 0 17 0 0 0 0 0 0 0 0 0 67 559 1472 245 0 343 0 0 1096 5 0 0 0 0 0 0 0 0 0 0 0 0 0 0 0 0 0 0 0 0 0 0 0 0 0 0 0 0 0 0 0 0 0 0 0 0 0 0 0 0 0 0 0 0 0 
0 0 0 0 12 3534 45 2667 1348 0 385 0 0 712 0 2559 5606 33 2861 93 0 0 0 0 0 0 0 0 428 4154 8666 137 0 1526 14970 546 11120 1880 0 0 0 0 0 0 0 0 0 0 365 0 1 6366 0 0 31 0 0 0 10 0 353 0 0 0 0 0 0 0 0 0 0 0 0 0 0 0 0 0 0 0 0 0 5019 
0 0 0 0 0 0 0 911 0 385 0 0 0 5217 0 0 0 14 0 565 0 0 0 0 0 0 0 0 0 0 0 0 0 0 25 4 0 0 0 0 0 0 0 0 0 0 0 0 0 0 0 1425 0 0 31 0 0 0 0 0 43 0 0 0 0 0 0 0 0 0 0 0 0 0 0 5 19 0 0 0 0 0 0 
610 0 225 344 0 0 98 1488 0 0 0 0 13 0 0 0 0 0 0 0 0 0 0 0 0 0 0 0 0 0 0 8 0 904 2 2 14 0 13 0 0 610 0 144 19 0 0 501 455 0 0 0 0 0 0 0 0 0 0 0 0 0 0 0 0 0 0 0 0 0 0 0 0 0 0 0 0 0 0 0 0 0 0 
0 0 0 0 0 0 394 18083 0 0 0 13 0 10 0 0 0 0 0 217 0 0 0 0 0 0 0 0 0 0 0 0 0 0 0 0 3 11 0 0 0 0 0 0 0 0 0 46 2729 0 0 0 0 0 0 0 0 0 0 0 0 0 0 0 0 0 0 0 0 0 0 0 0 0 8 0 0 0 0 0 0 0 0 
0 0 0 0 0 0 0 7243 0 712 5217 0 10 0 322 124 0 4924 0 17306 0 0 0 2 0 0 0 0 0 0 0 0 0 0 32 0 0 0 0 30 0 0 0 0 0 0 0 0 31 0 0 70 0 0 0 0 0 0 64 0 315 0 0 0 0 0 0 0 0 0 0 0 0 0 0 0 0 0 0 0 0 0 0 
0 0 0 0 0 0 0 0 0 0 0 0 0 322 0 0 0 614 0 7294 13 67 17 353 9 181 7 0 0 0 0 0 0 64 5 0 1178 24 0 48 0 0 0 0 0 0 0 0 0 0 0 0 0 0 0 17 0 0 104 1 227 28 46 1 237 1 0 0 0 0 0 0 12 4 1 0 0 55 0 0 0 0 200 
13 123 0 0 47 481 15 3 44 2559 0 0 0 124 0 0 6098 2348 1547 11 0 0 0 0 0 0 0 0 139 2019 1144 352 4 1159 677 3 13089 0 0 0 0 0 0 0 0 0 0 0 0 0 0 320 0 0 0 0 0 0 3 0 47 0 0 0 0 0 0 0 0 0 0 0 0 0 0 0 0 0 0 0 0 0 651 
0 0 0 0 1892 3143 1034 10 16 5606 0 0 0 0 0 6098 0 3644 2463 0 0 0 0 0 0 0 0 0 170 520 1823 1012 0 2766 0 0 225 0 0 0 0 0 0 0 0 0 0 0 0 0 0 0 0 0 0 0 0 0 0 0 0 0 0 0 0 0 0 0 0 0 0 0 0 0 0 0 0 0 0 0 0 0 0 
5 79 0 0 45 0 97 0 0 33 14 0 0 4924 614 2348 3644 0 5238 287 846 1111 566 349 0 0 0 0 1493 47 393 4570 2182 4355 14024 182 16734 2 0 0 0 0 0 0 0 0 0 0 0 0 0 1573 0 0 635 461 0 0 7680 0 3337 833 933 733 78 0 0 0 0 0 0 0 9 11 0 0 0 61 0 0 0 0 1589 
0 0 0 0 2 0 1 3 17 2861 0 0 0 0 0 1547 2463 5238 0 0 0 0 493 0 0 0 0 0 3369 6772 1119 2 0 0 0 0 11 0 0 0 0 0 0 0 0 0 0 0 0 0 0 0 0 0 0 0 0 0 0 0 0 0 0 0 0 0 0 0 0 0 0 0 0 0 0 0 0 0 0 0 0 0 0 
0 0 0 0 0 0 0 158 0 93 565 0 217 17306 7294 11 0 287 0 0 271 0 0 254 1 39 0 0 0 0 0 0 0 0 49 2 382 1 0 214 0 0 0 0 0 0 0 0 0 0 0 484 0 0 62 200 0 0 45 0 823 554 0 0 1 0 0 0 0 0 0 0 125 196 7 0 0 159 0 0 0 0 4 
0 0 0 0 0 0 0 0 0 0 0 0 0 0 13 0 0 846 0 271 0 945 0 195 0 0 0 0 0 0 0 0 0 0 0 0 0 0 0 0 0 0 0 0 0 0 0 0 0 0 0 0 0 0 0 35 0 0 122 0 389 713 68 7 16 0 0 0 0 0 0 0 0 0 0 0 0 0 0 0 0 0 0 
0 0 0 0 0 0 0 0 0 0 0 0 0 0 67 0 0 1111 0 0 945 0 228 953 0 0 0 0 0 0 0 264 92 828 0 0 414 0 0 0 0 0 0 0 0 0 0 0 0 0 0 0 0 0 0 65 0 0 5705 0 476 925 1620 2044 429 0 0 0 0 0 0 0 78 10 0 0 0 3 0 0 0 0 0 
0 0 0 0 7 0 40 0 0 0 0 0 0 0 17 0 0 566 493 0 0 228 0 127 2475 0 0 0 2184 460 0 5184 661 8232 0 0 863 0 0 0 0 0 0 0 0 0 0 0 0 0 0 0 0 0 0 16 0 0 2988 0 1 20 1611 1489 1104 0 0 0 0 0 0 0 495 97 1 0 0 106 0 0 0 0 0 
0 0 0 0 0 0 0 0 0 0 0 0 0 2 353 0 0 349 0 254 195 953 127 0 20 199 0 0 0 0 0 149 0 97 0 0 2 0 0 30 0 0 0 0 0 0 0 0 0 0 0 0 0 0 0 61 0 0 2137 0 66 169 1808 148 1937 0 0 0 0 0 0 0 118 16 0 0 0 12 0 0 0 0 0 
0 0 0 0 6 0 2345 35 0 0 0 0 0 0 9 0 0 0 0 1 0 0 2475 20 0 85 0 505 1606 145 0 3177 2 2214 0 0 837 0 0 265 0 0 0 0 0 0 0 0 0 0 0 0 0 0 0 1 0 0 0 0 0 0 12 1 15 0 0 0 0 0 0 0 0 0 0 0 0 0 0 0 0 0 0 
0 0 0 0 0 0 0 0 0 0 0 0 0 0 181 0 0 0 0 39 0 0 0 199 85 0 3 67 0 0 0 25 0 0 0 0 6 0 0 30 0 0 0 0 0 0 0 0 0 0 0 0 0 0 0 0 0 0 0 0 0 0 0 0 0 0 0 0 0 0 0 0 0 0 0 0 0 0 0 0 0 0 0 
0 0 0 0 0 0 0 0 0 0 0 0 0 0 7 0 0 0 0 0 0 0 0 0 0 3 0 0 0 0 0 0 0 0 0 0 0 0 0 14 0 0 0 0 0 0 0 0 0 0 0 0 0 0 0 0 0 0 0 0 0 0 0 0 0 0 0 0 0 0 0 0 0 0 0 0 0 0 0 0 0 0 0 
0 0 21 0 0 0 51 0 0 0 0 0 0 0 0 0 0 0 0 0 0 0 0 0 505 67 0 0 24 0 0 329 0 53 0 0 451 0 0 671 1 0 0 0 0 0 0 0 0 0 0 0 0 0 0 0 0 0 0 0 0 0 0 0 0 0 0 0 0 0 0 0 0 0 0 0 0 0 0 0 0 0 0 
0 0 0 0 24 10 2030 27 67 428 0 0 0 0 0 139 170 1493 3369 0 0 0 2184 0 1606 0 0 24 0 2593 57 3201 8 237 0 0 141 0 0 3 0 0 0 0 0 0 0 0 0 0 0 0 0 0 0 0 0 0 0 0 0 0 0 0 0 0 0 0 0 0 0 0 0 0 0 0 0 0 0 0 0 0 0 
0 0 0 0 139 238 53 92 559 4154 0 0 0 0 0 2019 520 47 6772 0 0 0 460 0 145 0 0 0 2593 0 103 867 0 127 0 0 997 0 0 0 0 0 0 0 0 0 0 0 0 0 0 0 0 0 0 0 0 0 0 0 0 0 0 0 0 0 0 0 0 0 0 0 0 0 0 0 0 0 0 0 0 0 0 
0 0 0 0 1225 1176 311 232 1472 8666 0 0 0 0 0 1144 1823 393 1119 0 0 0 0 0 0 0 0 0 57 103 0 141 0 143 0 0 901 0 0 0 0 0 0 0 0 0 0 0 0 0 0 0 0 0 0 0 0 0 0 0 0 0 0 0 0 0 0 0 0 0 0 0 0 0 0 0 0 0 0 0 0 0 0 
6 317 132 9 1210 631 5068 63 245 137 0 8 0 0 0 352 1012 4570 2 0 0 264 5184 149 3177 25 0 329 3201 867 141 0 7 876 0 0 419 0 0 3 0 0 0 0 0 0 0 0 0 0 0 0 0 0 0 0 0 0 0 0 0 0 53 18 204 0 0 0 0 0 0 0 0 0 33 0 0 4 0 0 0 0 0 
0 0 0 0 0 0 0 0 0 0 0 0 0 0 0 4 0 2182 0 0 0 92 661 0 2 0 0 0 8 0 0 7 0 0 0 0 0 0 0 0 0 0 0 0 0 0 0 0 0 0 0 0 0 0 0 0 0 0 0 0 0 0 0 0 0 0 0 0 0 0 0 0 0 0 0 0 0 0 0 0 0 0 0 
1515 6720 262 577 4710 132 11473 516 343 1526 0 904 0 0 64 1159 2766 4355 0 0 0 828 8232 97 2214 0 0 53 237 127 143 876 0 0 0 216 284 0 53 132 0 0 0 0 0 0 0 0 0 0 0 0 0 0 0 0 0 0 1471 0 3 51 1338 2676 1868 0 0 0 0 0 0 0 978 317 1630 0 0 3278 0 0 0 0 0 
0 0 0 39 0 0 164 3251 0 14970 25 2 0 32 5 677 0 14024 0 49 0 0 0 0 0 0 0 0 0 0 0 0 0 0 0 263 158 37 121 173 26 0 0 0 18 0 0 17 797 0 0 280 0 0 206 53 0 0 2887 0 2753 0 3 0 24 0 0 0 0 0 0 0 11 0 2 1537 20 1927 127 0 0 0 2396 
96 0 1090 0 0 0 6745 1254 0 546 4 2 0 0 0 3 0 182 0 2 0 0 0 0 0 0 0 0 0 0 0 0 0 216 263 0 28 75 35 0 0 0 0 0 0 0 0 17 15 0 0 5 0 0 0 0 0 0 0 0 0 0 0 0 0 0 0 0 0 0 0 0 0 0 0 0 0 5 0 0 0 0 41 
0 0 500 0 4 0 6272 13747 1096 11120 0 14 3 0 1178 13089 225 16734 11 382 0 414 863 2 837 6 0 451 141 997 901 419 0 284 158 28 0 0 11 79 0 0 0 0 0 0 0 450 1042 0 0 12 0 0 0 293 0 0 674 6 1223 13 118 328 76 0 0 0 0 0 0 0 803 821 2134 480 4 17334 362 0 3 0 2344 
0 0 0 0 0 0 1679 3534 5 1880 0 0 11 0 24 0 0 2 0 1 0 0 0 0 0 0 0 0 0 0 0 0 0 0 37 75 0 0 13 0 0 0 0 0 0 0 0 150 206 0 0 0 0 0 0 0 0 0 0 0 33 0 0 0 0 0 0 0 0 0 0 0 8 1 2 0 0 153 9 0 0 0 2401 
157 0 13 4 0 0 195 25 0 0 0 13 0 0 0 0 0 0 0 0 0 0 0 0 0 0 0 0 0 0 0 0 0 53 121 35 11 13 0 0 0 0 0 0 0 0 0 0 0 0 0 0 0 0 0 0 0 0 0 0 0 0 0 0 0 0 0 0 0 0 0 0 0 0 0 0 0 0 0 0 0 0 0 
0 0 0 0 0 0 41 4 0 0 0 0 0 30 48 0 0 0 0 214 0 0 0 30 265 30 14 671 3 0 0 3 0 132 173 0 79 0 0 0 1 0 0 0 0 0 0 0 0 0 0 7 0 0 0 8 0 0 8 0 55 0 104 0 297 1 0 0 0 0 0 0 0 0 0 129 0 268 14 0 10 0 53 
0 0 0 0 0 0 0 0 0 0 0 0 0 0 0 0 0 0 0 0 0 0 0 0 0 0 0 1 0 0 0 0 0 0 26 0 0 0 0 1 0 0 0 0 0 0 0 0 0 0 0 0 0 0 0 0 0 0 0 0 0 0 0 0 0 0 0 0 0 0 0 0 0 0 0 0 0 0 0 0 0 0 13 
0 0 36 19 0 0 0 0 0 0 0 610 0 0 0 0 0 0 0 0 0 0 0 0 0 0 0 0 0 0 0 0 0 0 0 0 0 0 0 0 0 0 752 0 420 648 0 2488 0 0 0 0 2291 0 0 0 0 0 0 0 0 0 0 0 0 0 0 0 1 0 0 0 0 0 366 0 0 0 0 0 0 0 0 
0 0 0 0 0 0 0 0 0 0 0 0 0 0 0 0 0 0 0 0 0 0 0 0 0 0 0 0 0 0 0 0 0 0 0 0 0 0 0 0 0 752 0 0 0 6 0 1 0 0 0 0 0 0 0 0 0 0 0 0 0 0 0 0 0 0 0 1 23 0 0 0 67 0 2457 0 3 0 0 0 0 0 0 
0 0 1073 86 0 0 3 0 0 0 0 144 0 0 0 0 0 0 0 0 0 0 0 0 0 0 0 0 0 0 0 0 0 0 0 0 0 0 0 0 0 0 0 0 13 0 0 0 0 0 0 0 334 0 0 0 0 0 0 0 0 0 0 0 0 0 0 0 0 0 0 0 0 0 1 0 0 0 0 0 0 0 0 
0 0 39 1 0 0 1 0 0 0 0 19 0 0 0 0 0 0 0 0 0 0 0 0 0 0 0 0 0 0 0 0 0 0 18 0 0 0 0 0 0 420 0 13 0 0 0 142 186 0 0 0 233 0 0 0 0 0 0 0 0 0 0 0 0 0 0 0 46 2 6 0 25 0 61 0 0 0 0 3 0 0 10 
0 0 0 0 0 0 0 0 0 0 0 0 0 0 0 0 0 0 0 0 0 0 0 0 0 0 0 0 0 0 0 0 0 0 0 0 0 0 0 0 0 648 6 0 0 0 22 63 87 10 21 0 0 0 0 0 16 0 38 2 0 0 0 0 0 0 0 54 5 139 142 0 105 0 4979 0 0 0 0 0 0 0 0 
0 0 0 0 0 0 0 0 0 0 0 0 0 0 0 0 0 0 0 0 0 0 0 0 0 0 0 0 0 0 0 0 0 0 0 0 0 0 0 0 0 0 0 0 0 22 0 9 69 22 69 0 0 0 0 0 15 333 74 18 0 0 0 0 0 0 0 0 0 242 513 1 1438 9 171 0 0 0 0 0 0 0 0 
0 0 3414 346 0 0 5102 2965 0 0 0 501 46 0 0 0 0 0 0 0 0 0 0 0 0 0 0 0 0 0 0 0 0 0 17 17 450 150 0 0 0 2488 1 0 142 63 9 0 2260 3303 104 0 1166 22 0 0 58 5 142 2 0 0 0 0 35 476 5 204 1706 178 1988 3 8671 0 11132 126 6171 4643 722 336 19 32 97 
0 0 1832 90 0 0 5117 29478 0 365 0 455 2729 31 0 0 0 0 0 0 0 0 0 0 0 0 0 0 0 0 0 0 0 0 797 15 1042 206 0 0 0 0 0 0 186 87 69 2260 0 1189 1664 403 4806 8759 1105 0 87 0 353 0 0 0 0 0 0 0 0 7 1 176 89 0 687 0 6561 7225 1903 10630 1304 12 0 0 7323 
0 0 0 0 0 0 0 0 0 0 0 0 0 0 0 0 0 0 0 0 0 0 0 0 0 0 0 0 0 0 0 0 0 0 0 0 0 0 0 0 0 0 0 0 0 10 22 3303 1189 0 4063 0 0 0 0 0 14 19 120 7 0 0 0 0 0 0 0 0 0 438 1190 87 1132 0 69 0 0 1 0 0 0 0 0 
0 0 0 0 0 0 0 21 0 1 0 0 0 0 0 0 0 0 0 0 0 0 0 0 0 0 0 0 0 0 0 0 0 0 0 0 0 0 0 0 0 0 0 0 0 21 69 104 1664 4063 0 85 0 0 0 0 3060 1982 1175 1 0 0 0 0 0 0 0 0 0 194 1309 1352 4070 6 3532 566 10 17569 1660 0 0 0 6404 
0 0 0 0 0 0 0 902 0 6366 1425 0 0 70 0 320 0 1573 0 484 0 0 0 0 0 0 0 0 0 0 0 0 0 0 280 5 12 0 0 7 0 0 0 0 0 0 0 0 403 0 85 0 0 632 2403 0 5 0 0 0 612 0 0 0 0 0 0 0 0 0 0 0 0 0 0 9257 1131 20 32 0 0 0 5269 
0 0 0 0 0 0 0 0 0 0 0 0 0 0 0 0 0 0 0 0 0 0 0 0 0 0 0 0 0 0 0 0 0 0 0 0 0 0 0 0 0 2291 0 334 233 0 0 1166 4806 0 0 0 0 0 0 0 0 0 0 0 0 0 0 0 0 0 0 0 0 0 0 0 0 0 109 0 7 0 0 0 0 0 0 
0 0 0 0 0 0 0 11 0 0 0 0 0 0 0 0 0 0 0 0 0 0 0 0 0 0 0 0 0 0 0 0 0 0 0 0 0 0 0 0 0 0 0 0 0 0 0 22 8759 0 0 632 0 0 301 2 0 0 0 0 206 0 0 0 0 0 0 0 0 0 0 0 0 0 0 0 0 0 0 0 0 0 0 
0 0 0 0 0 0 0 1 0 31 31 0 0 0 0 0 0 635 0 62 0 0 0 0 0 0 0 0 0 0 0 0 0 0 206 0 0 0 0 0 0 0 0 0 0 0 0 0 1105 0 0 2403 0 301 0 797 0 0 73 0 10738 0 0 0 0 0 122 0 0 0 0 0 0 0 0 8 0 0 0 0 207 0 1 
0 0 0 0 0 0 0 0 0 0 0 0 0 0 17 0 0 461 0 200 35 65 16 61 1 0 0 0 0 0 0 0 0 0 53 0 293 0 0 8 0 0 0 0 0 0 0 0 0 0 0 0 0 2 797 0 0 0 2445 225 3502 129 96 47 495 10 295 5 0 0 0 0 289 308 47 0 0 735 0 0 290 0 2 
0 0 0 0 0 0 0 0 0 0 0 0 0 0 0 0 0 0 0 0 0 0 0 0 0 0 0 0 0 0 0 0 0 0 0 0 0 0 0 0 0 0 0 0 0 16 15 58 87 14 3060 5 0 0 0 0 0 4796 164 9 0 0 0 0 0 0 0 0 0 1 298 1505 9 0 542 1543 6 5462 1 0 0 0 795 
0 0 0 0 0 0 0 0 0 0 0 0 0 0 0 0 0 0 0 0 0 0 0 0 0 0 0 0 0 0 0 0 0 0 0 0 0 0 0 0 0 0 0 0 0 0 333 5 0 19 1982 0 0 0 0 0 4796 0 2545 548 0 0 0 0 0 0 0 0 0 0 228 786 3029 10 48 0 0 2 0 0 0 0 0 
0 0 0 0 0 0 0 0 0 10 0 0 0 64 104 3 0 7680 0 45 122 5705 2988 2137 0 0 0 0 0 0 0 0 0 1471 2887 0 674 0 0 8 0 0 0 0 0 38 74 142 353 120 1175 0 0 0 73 2445 164 2545 0 9958 3168 1292 986 449 94 84 23 0 0 1355 324 1 358 1745 1905 2211 45 17261 1 0 35 0 1899 
0 0 0 0 0 0 0 0 0 0 0 0 0 0 1 0 0 0 0 0 0 0 0 0 0 0 0 0 0 0 0 0 0 0 0 0 6 0 0 0 0 0 0 0 0 2 18 2 0 7 1 0 0 0 0 225 9 548 9958 0 1477 0 0 898 1 431 118 0 0 3519 3021 1435 2145 1844 35 0 0 2 0 0 105 0 0 
0 0 0 0 0 0 0 0 0 353 43 0 0 315 227 47 0 3337 0 823 389 476 1 66 0 0 0 0 0 0 0 0 0 3 2753 0 1223 33 0 55 0 0 0 0 0 0 0 0 0 0 0 612 0 206 10738 3502 0 0 3168 1477 0 176 16 0 2 0 120 0 0 0 0 0 241 865 277 1091 203 5531 102 0 107 0 1758 
0 0 0 0 0 0 0 0 0 0 0 0 0 0 28 0 0 833 0 554 713 925 20 169 0 0 0 0 0 0 0 0 0 51 0 0 13 0 0 0 0 0 0 0 0 0 0 0 0 0 0 0 0 0 0 129 0 0 1292 0 176 0 1053 51 169 0 0 0 0 0 0 0 2 9 0 0 0 1 0 0 0 0 0 
0 0 0 0 0 0 18 5 0 0 0 0 0 0 46 0 0 933 0 0 68 1620 1611 1808 12 0 0 0 0 0 0 53 0 1338 3 0 118 0 0 104 0 0 0 0 0 0 0 0 0 0 0 0 0 0 0 96 0 0 986 0 16 1053 0 86 403 0 0 0 0 0 0 0 4 9 0 0 0 0 0 0 1 0 0 
0 0 0 0 0 0 0 4 0 0 0 0 0 0 1 0 0 733 0 0 7 2044 1489 148 1 0 0 0 0 0 0 18 0 2676 0 0 328 0 0 0 0 0 0 0 0 0 0 0 0 0 0 0 0 0 0 47 0 0 449 898 0 51 86 0 0 668 0 0 0 2166 654 7 6456 1778 99 0 0 702 0 0 0 0 0 
0 0 0 0 0 0 50 30 0 0 0 0 0 0 237 0 0 78 0 1 16 429 1104 1937 15 0 0 0 0 0 0 204 0 1868 24 0 76 0 0 297 0 0 0 0 0 0 0 35 0 0 0 0 0 0 0 495 0 0 94 1 2 169 403 0 0 66 0 0 0 27 198 0 1894 0 1185 0 0 206 0 0 230 0 0 
0 0 0 0 0 0 0 0 0 0 0 0 0 0 1 0 0 0 0 0 0 0 0 0 0 0 0 0 0 0 0 0 0 0 0 0 0 0 0 1 0 0 0 0 0 0 0 476 0 0 0 0 0 0 0 10 0 0 84 431 0 0 0 668 66 0 0 127 30 7263 4157 0 2760 13 269 4 0 883 0 0 962 32 0 
0 0 0 0 0 0 0 0 0 0 0 0 0 0 0 0 0 0 0 0 0 0 0 0 0 0 0 0 0 0 0 0 0 0 0 0 0 0 0 0 0 0 0 0 0 0 0 5 0 0 0 0 0 0 122 295 0 0 23 118 120 0 0 0 0 0 0 71 0 0 0 0 42 44 6 0 0 65 0 0 185 0 0 
0 0 0 0 0 0 0 0 0 0 0 0 0 0 0 0 0 0 0 0 0 0 0 0 0 0 0 0 0 0 0 0 0 0 0 0 0 0 0 0 0 0 1 0 0 54 0 204 7 0 0 0 0 0 0 5 0 0 0 0 0 0 0 0 0 127 71 0 8 0 0 0 0 0 0 0 0 0 0 0 0 0 0 
0 0 0 0 0 0 0 0 0 0 0 0 0 0 0 0 0 0 0 0 0 0 0 0 0 0 0 0 0 0 0 0 0 0 0 0 0 0 0 0 0 1 23 0 46 5 0 1706 1 0 0 0 0 0 0 0 0 0 0 0 0 0 0 0 0 30 0 8 0 9 0 0 0 0 59 4 3 65 2 0 677 1282 0 
0 0 0 0 0 0 0 0 0 0 0 0 0 0 0 0 0 0 0 0 0 0 0 0 0 0 0 0 0 0 0 0 0 0 0 0 0 0 0 0 0 0 0 0 2 139 242 178 176 438 194 0 0 0 0 0 1 0 1355 3519 0 0 0 2166 27 7263 0 0 9 0 572 0 11 175 99 5 0 4 0 0 58 59 0 
0 0 0 0 0 0 0 0 0 0 0 0 0 0 0 0 0 0 0 0 0 0 0 0 0 0 0 0 0 0 0 0 0 0 0 0 0 0 0 0 0 0 0 0 6 142 513 1988 89 1190 1309 0 0 0 0 0 298 228 324 3021 0 0 0 654 198 4157 0 0 0 572 0 147 106 114 313 14 20 599 35 0 29 137 0 
0 0 0 0 0 0 0 0 0 0 0 0 0 0 0 0 0 0 0 0 0 0 0 0 0 0 0 0 0 0 0 0 0 0 0 0 0 0 0 0 0 0 0 0 0 0 1 3 0 87 1352 0 0 0 0 0 1505 786 1 1435 0 0 0 7 0 0 0 0 0 0 147 0 54 0 0 0 0 1 0 0 0 0 0 
0 0 0 0 0 0 35 177 0 0 0 0 0 0 12 0 0 9 0 125 0 78 495 118 0 0 0 0 0 0 0 0 0 978 11 0 803 8 0 0 0 0 67 0 25 105 1438 8671 687 1132 4070 0 0 0 0 289 9 3029 358 2145 241 2 4 6456 1894 2760 42 0 0 11 106 54 0 34 448 31 89 1982 5 0 228 289 2 
0 0 0 0 0 0 2 0 0 0 0 0 0 0 4 0 0 11 0 196 0 10 97 16 0 0 0 0 0 0 0 0 0 317 0 0 821 1 0 0 0 0 0 0 0 0 9 0 0 0 6 0 0 0 0 308 0 10 1745 1844 865 9 9 1778 0 13 44 0 0 175 114 0 34 0 357 0 0 41 0 0 41 0 0 
0 0 0 0 0 0 460 1006 0 0 0 0 8 0 1 0 0 0 0 7 0 0 1 0 0 0 0 0 0 0 0 33 0 1630 2 0 2134 2 0 0 0 366 2457 1 61 4979 171 11132 6561 69 3532 0 109 0 0 47 542 48 1905 35 277 0 0 99 1185 269 6 0 59 99 313 0 448 357 0 0 2 189 0 0 31 0 0 
0 0 0 0 0 0 1 49 0 0 5 0 0 0 0 0 0 0 0 0 0 0 0 0 0 0 0 0 0 0 0 0 0 0 1537 0 480 0 0 129 0 0 0 0 0 0 0 126 7225 0 566 9257 0 0 8 0 1543 0 2211 0 1091 0 0 0 0 4 0 0 4 5 14 0 31 0 0 0 1042 164 134 0 66 65 2005 
0 0 0 0 0 0 2 17 0 0 19 0 0 0 0 0 0 0 0 0 0 0 0 0 0 0 0 0 0 0 0 0 0 0 20 0 4 0 0 0 0 0 3 0 0 0 0 6171 1903 0 10 1131 7 0 0 0 6 0 45 0 203 0 0 0 0 0 0 0 3 0 20 0 89 0 2 1042 0 721 105 0 0 0 895 
0 0 0 0 0 0 615 347 0 0 0 0 0 0 55 0 0 61 0 159 0 3 106 12 0 0 0 0 0 0 0 4 0 3278 1927 5 17334 153 0 268 0 0 0 0 0 0 0 4643 10630 1 17569 20 0 0 0 735 5462 2 17261 2 5531 1 0 702 206 883 65 0 65 4 599 1 1982 41 189 164 721 0 3 0 733 0 2519 
0 0 0 0 0 0 0 19 0 0 0 0 0 0 0 0 0 0 0 0 0 0 0 0 0 0 0 0 0 0 0 0 0 0 127 0 362 9 0 14 0 0 0 0 0 0 0 722 1304 0 1660 32 0 0 0 0 1 0 1 0 102 0 0 0 0 0 0 0 2 0 35 0 5 0 0 134 105 3 0 0 1 0 2076 
0 0 0 0 0 0 0 0 0 0 0 0 0 0 0 0 0 0 0 0 0 0 0 0 0 0 0 0 0 0 0 0 0 0 0 0 0 0 0 0 0 0 0 0 3 0 0 336 12 0 0 0 0 0 0 0 0 0 0 0 0 0 0 0 0 0 0 0 0 0 0 0 0 0 0 0 0 0 0 0 0 0 0 
0 0 0 0 0 0 0 0 0 0 0 0 0 0 0 0 0 0 0 0 0 0 0 0 0 0 0 0 0 0 0 0 0 0 0 0 3 0 0 10 0 0 0 0 0 0 0 19 0 0 0 0 0 0 207 290 0 0 35 105 107 0 1 0 230 962 185 0 677 58 29 0 228 41 31 66 0 733 1 0 0 5 0 
0 0 0 0 0 0 0 0 0 0 0 0 0 0 0 0 0 0 0 0 0 0 0 0 0 0 0 0 0 0 0 0 0 0 0 0 0 0 0 0 0 0 0 0 0 0 0 32 0 0 0 0 0 0 0 0 0 0 0 0 0 0 0 0 0 32 0 0 1282 59 137 0 289 0 0 65 0 0 0 0 5 0 1 
22 0 0 24 0 0 8 3110 0 5019 0 0 0 0 200 651 0 1589 0 4 0 0 0 0 0 0 0 0 0 0 0 0 0 0 2396 41 2344 2401 0 53 13 0 0 0 10 0 0 97 7323 0 6404 5269 0 0 1 2 795 0 1899 0 1758 0 0 0 0 0 0 0 0 0 0 0 2 0 0 2005 895 2519 2076 0 0 1 0 
