0 2185 1646 1167 175 0 3317 0 0 0 0 48 0 0 0 5 0 0 0 0 0 0 0 0 0 0 0 0 0 3 0 0 0 406 0 2 2 0 26 0 0 11 0 0 2 0 0 7 0 0 0 0 0 0 0 0 0 0 0 0 0 0 0 0 0 0 0 0 0 0 0 0 0 0 0 0 1 0 0 11 0 0 43 
2185 0 0 0 123 0 0 0 0 2 0 0 0 0 0 132 42 0 0 0 0 0 0 0 0 0 0 0 0 0 0 0 0 3486 0 11 831 1 0 0 0 0 0 0 0 0 0 0 0 0 0 0 0 0 0 0 0 0 0 0 0 0 0 0 0 0 0 0 0 0 0 0 0 0 0 0 0 0 0 0 0 0 0 
1646 0 0 646 0 0 0 0 0 0 0 201 0 0 0 0 0 0 0 0 0 0 0 0 0 0 0 154 0 9 0 8 0 389 0 1307 8 0 110 0 0 1116 0 4 73 0 0 2122 4 0 0 0 0 0 0 0 0 0 0 0 0 0 0 0 0 0 0 0 0 0 0 0 0 0 2 0 78 0 0 203 0 0 0 
1167 0 646 0 0 0 25 150 0 0 0 25 0 0 0 0 0 0 0 0 0 0 0 0 0 0 0 0 0 0 0 0 0 5 0 52 0 0 58 0 0 721 0 12 63 0 0 2327 1 0 0 0 0 0 0 0 0 0 0 0 0 0 0 0 0 0 0 0 0 0 0 0 0 0 28 0 21 0 0 78 0 0 0 
175 123 0 0 0 976 31 99 27 487 0 0 0 0 0 459 151 0 0 0 0 0 0 0 0 0 0 0 0 0 0 0 0 7063 1122 2627 5837 477 0 0 0 0 0 0 0 0 0 0 4 0 0 0 0 0 0 0 0 0 0 0 0 0 0 0 0 0 0 0 0 0 0 0 0 0 0 3 2 225 0 0 0 0 387 
0 0 0 0 976 0 22 2141 2409 1517 0 0 0 0 0 0 19 0 0 0 0 0 0 0 0 0 0 0 0 0 0 0 0 1830 7 0 436 0 0 0 0 0 0 0 0 0 0 0 86 0 0 0 0 0 0 0 0 0 0 0 0 0 0 0 0 0 0 0 0 0 0 0 0 0 0 2 1 41 0 0 0 0 0 
3317 0 0 25 31 22 0 4930 1368 371 0 867 1232 0 0 101 30 0 0 0 0 0 0 0 0 0 0 751 0 147 0 880 0 4223 2441 14438 11394 577 148 0 0 56 0 0 1 0 0 6061 505 0 0 0 0 0 0 0 0 0 0 0 0 0 0 0 0 0 0 0 0 0 0 0 0 0 0 1 1 58 1 1 0 0 131 
0 0 0 150 99 2141 4930 0 2146 2295 961 2028 14938 4314 0 6 6 0 0 0 0 0 0 0 0 0 0 0 0 0 0 0 0 80 14900 3406 3646 60 0 0 0 0 0 0 0 0 0 4864 27689 0 2477 230 0 126 0 0 0 0 0 0 0 0 0 0 0 0 0 0 0 0 0 0 0 0 1 2686 275 1170 11 0 0 0 338 
0 0 0 0 27 2409 1368 2146 0 5202 0 0 5 0 0 0 3 0 0 0 0 0 0 0 0 0 0 0 0 0 0 0 0 11 248 0 686 0 0 0 0 0 0 0 0 0 0 0 47 0 0 0 0 5 0 0 0 0 0 0 0 0 0 0 0 0 0 0 0 0 0 0 0 0 0 1 0 121 0 0 0 0 40 
0 2 0 0 487 1517 371 2295 5202 0 1827 0 0 5451 0 591 6474 0 0 0 0 0 0 0 0 0 0 0 0 0 0 0 0 4773 30281 1766 15699 180 0 69 0 0 0 0 0 0 0 0 402 0 13893 1174 0 2 99 0 550 0 0 0 0 0 0 0 0 0 0 0 0 0 0 0 0 0 0 0 0 28 0 0 0 0 8253 
0 0 0 0 0 0 0 961 0 1827 0 0 15 3419 0 129 0 27 0 183 0 0 0 0 0 0 0 0 0 0 0 0 0 0 0 0 0 0 0 0 0 0 0 0 0 0 0 0 0 0 19 0 0 0 0 0 18 0 0 0 0 0 0 0 0 0 0 0 0 0 0 0 0 0 0 0 0 0 0 0 0 0 0 
48 0 201 25 0 0 867 2028 0 0 0 0 0 0 0 0 0 0 0 0 0 0 0 0 0 0 0 0 0 0 0 0 0 0 0 0 0 0 3 0 0 1455 0 27 41 0 0 597 83 0 0 0 1 0 0 0 0 0 0 0 0 0 0 0 0 0 0 0 0 0 0 0 0 0 2 0 0 0 0 2 0 0 0 
0 0 0 0 0 0 1232 14938 5 0 15 0 0 139 0 0 0 0 0 37 0 0 0 0 0 0 0 0 0 0 0 0 0 0 0 0 0 0 0 0 0 0 0 0 0 0 0 76 1751 0 0 0 0 0 0 0 0 0 0 0 0 0 0 0 0 0 0 0 0 0 0 0 0 0 0 0 0 0 0 0 0 0 0 
0 0 0 0 0 0 0 4314 0 5451 3419 0 139 0 297 1585 0 3638 0 5443 0 0 0 0 0 0 0 0 0 0 0 0 0 0 0 0 0 0 0 0 0 0 0 0 0 0 0 0 86 0 385 459 0 0 32 0 26 0 23 0 38 0 0 0 0 0 0 0 0 0 0 0 0 0 0 1 0 1 0 0 0 0 0 
0 0 0 0 0 0 0 0 0 0 0 0 0 297 0 0 0 6192 0 9132 1076 0 1 9 3 89 0 0 0 0 0 0 0 0 0 0 0 0 0 122 0 0 0 0 0 0 0 0 0 0 0 0 0 0 0 37 0 0 87 0 1035 809 7 27 50 0 0 0 0 0 0 0 0 0 0 0 0 0 0 0 0 0 0 
5 132 0 0 459 0 101 6 0 591 129 0 0 1585 0 0 5548 6 3208 0 0 0 0 0 0 0 0 0 1 982 11 0 0 1094 10676 374 12759 0 0 48 0 0 0 0 0 0 0 0 0 0 453 934 0 0 13 0 3707 0 383 0 333 0 0 0 0 0 0 0 0 0 0 0 0 0 0 2385 0 643 0 0 0 0 2057 
0 42 0 0 151 19 30 6 3 6474 0 0 0 0 0 5548 0 552 3131 0 0 0 0 0 0 0 0 0 0 1738 2567 262 32 3356 157 0 4804 0 0 0 0 0 0 0 0 0 0 0 0 0 0 0 0 0 0 0 0 0 0 0 0 0 0 0 0 0 0 0 0 0 0 0 0 0 0 0 0 0 0 0 0 0 547 
0 0 0 0 0 0 0 0 0 0 27 0 0 3638 6192 6 552 0 11978 151 2 0 1860 0 3163 38 0 0 13919 11842 2723 5369 73 352 10281 1 2499 6 0 874 0 0 0 0 0 0 0 0 0 0 0 84 0 0 0 816 252 0 8537 5 17016 5551 0 222 6 0 0 0 0 43 553 0 554 273 100 600 0 2170 0 0 0 0 2103 
0 0 0 0 0 0 0 0 0 0 0 0 0 0 0 3208 3131 11978 0 0 0 0 223 0 0 0 0 0 1050 2733 72 56 0 10 0 0 18 0 0 0 0 0 0 0 0 0 0 0 0 0 0 0 0 0 0 0 0 0 0 3 405 0 0 0 0 0 0 0 0 0 35 0 10 0 0 0 0 0 0 0 0 0 4 
0 0 0 0 0 0 0 0 0 0 183 0 37 5443 9132 0 0 151 0 0 100 14 0 828 688 35 0 0 0 0 0 0 0 0 45 0 0 0 0 111 0 0 0 0 0 0 0 0 0 0 0 0 0 0 0 71 0 0 307 0 758 1018 0 0 1 0 0 0 0 0 4 0 0 0 0 0 0 0 0 0 0 0 0 
0 0 0 0 0 0 0 0 0 0 0 0 0 0 1076 0 0 2 0 100 0 1057 0 590 3738 0 0 0 247 0 0 42 0 0 691 0 271 0 0 989 0 0 0 0 0 0 0 0 0 0 0 0 0 0 0 4 0 0 767 0 128 1144 67 16 2 0 0 0 0 0 0 0 3 0 0 0 0 2 0 0 0 0 0 
0 0 0 0 0 0 0 0 0 0 0 0 0 0 0 0 0 0 0 14 1057 0 61 725 5093 66 0 0 268 0 0 26 0 0 778 0 220 0 0 27 0 0 0 0 0 0 0 0 0 0 0 0 0 0 0 0 0 0 0 0 0 0 0 0 0 0 0 0 0 0 1 0 0 0 0 0 0 0 0 0 0 0 0 
0 0 0 0 0 0 0 0 0 0 0 0 0 0 1 0 0 1860 223 0 0 61 0 19 9642 5 0 0 9438 2113 0 5426 0 121 5202 1 1094 0 0 260 0 0 0 0 0 0 0 0 0 0 0 0 0 0 0 0 0 0 1072 111 3103 104 0 5 0 0 0 0 0 15 235 0 460 1 5 3 0 151 0 0 0 0 5 
0 0 0 0 0 0 0 0 0 0 0 0 0 0 9 0 0 0 0 828 590 725 19 0 1590 17 0 0 12 0 0 0 0 0 0 0 0 0 0 6 0 0 0 0 0 0 0 0 0 0 0 0 0 0 0 0 0 0 2 0 2 14 0 0 0 0 0 0 0 0 0 0 0 0 0 0 0 0 0 0 0 0 0 
0 0 0 0 0 0 0 0 0 0 0 0 0 0 3 0 0 3163 0 688 3738 5093 9642 1590 0 116 0 0 609 13 0 0 0 0 527 0 1913 0 0 248 0 0 0 0 0 0 0 0 0 0 0 0 0 0 0 0 0 0 558 8 177 9 0 38 0 0 0 0 0 0 0 0 14 0 0 0 0 8 0 0 0 0 0 
0 0 0 0 0 0 0 0 0 0 0 0 0 0 89 0 0 38 0 35 0 66 5 17 116 0 2 0 0 0 0 0 0 0 0 0 0 0 0 57 0 0 0 0 0 0 0 0 0 0 0 0 0 0 0 0 0 0 22 0 1 43 0 9 0 0 0 0 0 0 0 0 0 0 0 0 0 0 0 0 0 0 0 
0 0 0 0 0 0 0 0 0 0 0 0 0 0 0 0 0 0 0 0 0 0 0 0 0 2 0 1 0 0 0 0 0 0 275 0 667 0 0 816 76 0 0 0 0 0 0 0 0 0 0 0 0 0 0 0 0 0 0 0 0 0 0 0 0 0 0 0 0 0 0 0 0 0 0 0 0 0 0 0 0 0 0 
0 0 154 0 0 0 751 0 0 0 0 0 0 0 0 0 0 0 0 0 0 0 0 0 0 0 1 0 0 0 0 1 0 1115 46 0 435 0 0 19 63 0 0 0 0 0 0 0 0 0 0 0 0 0 0 0 0 0 0 0 0 0 0 0 0 0 0 0 0 0 0 0 0 0 0 0 0 0 0 0 0 0 0 
0 0 0 0 0 0 0 0 0 0 0 0 0 0 0 1 0 13919 1050 0 247 268 9438 12 609 0 0 0 0 3854 0 1572 0 785 26 0 2194 42 0 0 0 0 0 0 0 0 0 0 0 0 0 0 0 0 0 0 0 0 589 142 804 0 0 2 0 0 0 0 0 0 199 0 656 1 10 17 0 422 0 0 0 0 87 
3 0 9 0 0 0 147 0 0 0 0 0 0 0 0 982 1738 11842 2733 0 0 0 2113 0 13 0 0 0 3854 0 635 582 0 124 14 0 1407 0 0 0 0 0 0 0 0 0 0 0 0 0 0 0 0 0 0 0 0 0 354 15 172 8 0 5 0 0 0 0 0 2 139 0 302 0 2 0 0 18 0 0 0 0 81 
0 0 0 0 0 0 0 0 0 0 0 0 0 0 0 11 2567 2723 72 0 0 0 0 0 0 0 0 0 0 635 0 746 0 1 340 0 13 0 0 0 0 0 0 0 0 0 0 0 0 0 0 0 0 0 0 0 0 0 10 0 5 0 0 0 0 0 0 0 0 0 12 0 9 0 0 0 0 0 0 0 0 0 139 
0 0 8 0 0 0 880 0 0 0 0 0 0 0 0 0 262 5369 56 0 42 26 5426 0 0 0 0 1 1572 582 746 0 573 310 230 0 339 0 0 0 0 0 0 0 0 0 0 0 0 0 0 0 0 0 0 0 0 0 30 0 59 2 0 0 0 0 0 0 0 5 141 0 287 0 0 0 0 29 0 0 0 0 92 
0 0 0 0 0 0 0 0 0 0 0 0 0 0 0 0 32 73 0 0 0 0 0 0 0 0 0 0 0 0 0 573 0 2 1 0 0 0 0 0 0 0 0 0 0 0 0 0 0 0 0 0 0 0 0 0 0 0 0 0 2 0 0 0 0 0 0 0 0 0 2 0 5 0 0 0 0 1 0 0 0 0 0 
406 3486 389 5 7063 1830 4223 80 11 4773 0 0 0 0 0 1094 3356 352 10 0 0 0 121 0 0 0 0 1115 785 124 1 310 2 0 5 0 166 0 0 0 0 0 0 0 0 0 0 0 1 0 0 0 0 0 0 0 0 0 1 0 12 0 0 0 0 0 0 0 0 0 12 0 18 0 1 0 0 5 0 0 0 0 71 
0 0 0 0 1122 7 2441 14900 248 30281 0 0 0 0 0 10676 157 10281 0 45 691 778 5202 0 527 0 275 46 26 14 340 230 1 5 0 721 182 9 0 341 132 0 0 0 0 0 0 17 53 0 10 3 0 0 0 0 181 0 121 36 565 8 0 0 0 0 0 0 0 73 529 0 657 81 24 2817 149 2140 4 0 0 0 704 
2 11 1307 52 2627 0 14438 3406 0 1766 0 0 0 0 0 374 0 1 0 0 0 0 1 0 0 0 0 0 0 0 0 0 0 0 721 0 0 5 0 0 0 0 0 0 0 0 0 21 0 0 8 0 0 0 0 0 29 0 0 6 0 0 0 0 0 0 0 0 0 4 10 0 23 0 0 64 4 11 8 0 0 0 95 
2 831 8 0 5837 436 11394 3646 686 15699 0 0 0 0 0 12759 4804 2499 18 0 271 220 1094 0 1913 0 667 435 2194 1407 13 339 0 166 182 0 0 0 0 12 1 0 0 0 0 0 0 0 287 0 0 0 0 0 0 0 0 0 36 10 112 3 0 0 0 0 0 0 0 15 284 0 471 0 3 128 117 995 2 0 0 0 4424 
0 1 0 0 477 0 577 60 0 180 0 0 0 0 0 0 0 6 0 0 0 0 0 0 0 0 0 0 42 0 0 0 0 0 9 5 0 0 0 11 0 0 0 0 0 0 0 0 0 0 0 0 0 0 0 0 0 0 0 1 3 0 0 0 0 0 0 0 0 1 4 0 14 0 0 1 3 11 0 0 0 0 7428 
26 0 110 58 0 0 148 0 0 0 0 3 0 0 0 0 0 0 0 0 0 0 0 0 0 0 0 0 0 0 0 0 0 0 0 0 0 0 0 0 0 0 0 0 0 0 0 0 0 0 0 0 0 0 0 0 0 0 0 0 0 0 0 0 0 0 0 0 0 0 0 0 0 0 0 0 0 0 0 0 0 0 0 
0 0 0 0 0 0 0 0 0 69 0 0 0 0 122 48 0 874 0 111 989 27 260 6 248 57 816 19 0 0 0 0 0 0 341 0 12 11 0 0 32 0 0 0 0 0 0 0 0 0 0 0 0 0 0 0 0 0 93 0 43 381 0 28 0 0 0 0 0 25 4 0 159 0 1 0 0 1285 0 0 0 0 0 
0 0 0 0 0 0 0 0 0 0 0 0 0 0 0 0 0 0 0 0 0 0 0 0 0 0 76 63 0 0 0 0 0 0 132 0 1 0 0 32 0 0 0 0 0 0 0 0 0 0 0 0 0 0 0 0 0 0 0 0 0 0 0 0 0 0 0 0 0 0 0 0 0 0 0 0 0 0 0 0 0 0 0 
11 0 1116 721 0 0 56 0 0 0 0 1455 0 0 0 0 0 0 0 0 0 0 0 0 0 0 0 0 0 0 0 0 0 0 0 0 0 0 0 0 0 0 1290 0 177 2519 0 4803 0 0 0 0 700 0 0 0 0 0 0 0 0 0 0 0 0 0 0 0 25 51 0 0 15 0 670 0 178 913 0 35 0 0 0 
0 0 0 0 0 0 0 0 0 0 0 0 0 0 0 0 0 0 0 0 0 0 0 0 0 0 0 0 0 0 0 0 0 0 0 0 0 0 0 0 0 1290 0 0 0 18 0 0 0 0 0 0 0 0 0 0 0 0 0 0 0 0 0 0 0 0 0 0 0 0 0 0 0 0 161 0 404 4014 11 0 0 0 0 
0 0 4 12 0 0 0 0 0 0 0 27 0 0 0 0 0 0 0 0 0 0 0 0 0 0 0 0 0 0 0 0 0 0 0 0 0 0 0 0 0 0 0 0 41 0 0 0 0 0 0 0 1151 0 0 0 0 0 0 0 0 0 0 0 0 0 0 0 0 0 0 0 0 0 0 0 0 0 0 0 0 0 0 
2 0 73 63 0 0 1 0 0 0 0 41 0 0 0 0 0 0 0 0 0 0 0 0 0 0 0 0 0 0 0 0 0 0 0 0 0 0 0 0 0 177 0 41 0 0 0 219 0 0 0 0 114 0 0 0 0 0 0 0 0 0 0 0 0 0 0 0 0 4 0 0 0 0 57 0 0 0 0 0 0 0 130 
0 0 0 0 0 0 0 0 0 0 0 0 0 0 0 0 0 0 0 0 0 0 0 0 0 0 0 0 0 0 0 0 0 0 0 0 0 0 0 0 0 2519 18 0 0 0 301 19 0 0 0 0 0 0 0 0 0 0 0 0 0 0 0 0 0 0 0 0 0 0 0 0 0 0 2705 0 195 3888 48 0 0 0 11 
0 0 0 0 0 0 0 0 0 0 0 0 0 0 0 0 0 0 0 0 0 0 0 0 0 0 0 0 0 0 0 0 0 0 0 0 0 0 0 0 0 0 0 0 0 301 0 25 4058 288 4526 0 0 0 0 0 23 0 0 0 0 0 0 0 0 0 0 0 0 0 152 0 0 0 2306 0 0 1312 0 0 0 0 0 
7 0 2122 2327 0 0 6061 4864 0 0 0 597 76 0 0 0 0 0 0 0 0 0 0 0 0 0 0 0 0 0 0 0 0 0 17 21 0 0 0 0 0 4803 0 0 219 19 25 0 6762 1409 464 0 653 4 0 0 0 0 0 0 0 0 0 0 0 0 0 0 25 42 0 0 24 0 352 323 20539 11992 606 350 0 0 86 
0 0 4 1 4 86 505 27689 47 402 0 83 1751 86 0 0 0 0 0 0 0 0 0 0 0 0 0 0 0 0 0 0 0 1 53 0 287 0 0 0 0 0 0 0 0 0 4058 6762 0 1051 2229 107 2890 11548 2565 0 35 0 0 0 27 0 0 0 0 0 0 0 0 361 53 0 0 0 1594 17141 2805 22886 138 0 0 0 5 
0 0 0 0 0 0 0 0 0 0 0 0 0 0 0 0 0 0 0 0 0 0 0 0 0 0 0 0 0 0 0 0 0 0 0 0 0 0 0 0 0 0 0 0 0 0 288 1409 1051 0 5978 0 0 0 0 0 52 0 0 0 0 0 0 0 0 0 0 0 0 242 3 0 0 0 0 0 0 119 0 0 0 0 0 
0 0 0 0 0 0 0 2477 0 13893 19 0 0 385 0 453 0 0 0 0 0 0 0 0 0 0 0 0 0 0 0 0 0 0 10 8 0 0 0 0 0 0 0 0 0 0 4526 464 2229 5978 0 983 0 0 1446 0 1224 66 0 0 0 0 0 0 0 0 0 0 0 2471 1576 4 0 0 3412 17579 1374 25476 0 0 0 0 0 
0 0 0 0 0 0 0 230 0 1174 0 0 0 459 0 934 0 84 0 0 0 0 0 0 0 0 0 0 0 0 0 0 0 0 3 0 0 0 0 0 0 0 0 0 0 0 0 0 107 0 983 0 0 0 1604 0 624 0 0 0 9 0 0 0 0 0 0 0 0 0 0 0 0 0 0 0 0 0 0 0 0 0 0 
0 0 0 0 0 0 0 0 0 0 0 1 0 0 0 0 0 0 0 0 0 0 0 0 0 0 0 0 0 0 0 0 0 0 0 0 0 0 0 0 0 700 0 1151 114 0 0 653 2890 0 0 0 0 0 0 0 0 0 0 0 0 0 0 0 0 0 0 0 0 0 0 0 0 0 0 0 0 0 0 0 0 0 0 
0 0 0 0 0 0 0 126 5 2 0 0 0 0 0 0 0 0 0 0 0 0 0 0 0 0 0 0 0 0 0 0 0 0 0 0 0 0 0 0 0 0 0 0 0 0 0 4 11548 0 0 0 0 0 79 0 0 0 0 0 4 0 0 0 0 0 0 0 0 0 0 0 0 0 0 0 0 0 0 0 0 0 0 
0 0 0 0 0 0 0 0 0 99 0 0 0 32 0 13 0 0 0 0 0 0 0 0 0 0 0 0 0 0 0 0 0 0 0 0 0 0 0 0 0 0 0 0 0 0 0 0 2565 0 1446 1604 0 79 0 126 111 0 6 0 1341 0 0 0 0 0 0 0 0 0 0 0 0 0 0 0 0 0 0 0 0 0 0 
0 0 0 0 0 0 0 0 0 0 0 0 0 0 37 0 0 816 0 71 4 0 0 0 0 0 0 0 0 0 0 0 0 0 0 0 0 0 0 0 0 0 0 0 0 0 0 0 0 0 0 0 0 0 126 0 0 0 2 0 4644 447 409 3 288 0 311 0 0 0 0 0 0 0 0 0 0 0 0 0 24 0 0 
0 0 0 0 0 0 0 0 0 550 18 0 0 26 0 3707 0 252 0 0 0 0 0 0 0 0 0 0 0 0 0 0 0 0 181 29 0 0 0 0 0 0 0 0 0 0 23 0 35 52 1224 624 0 0 111 0 0 1479 742 143 5 0 0 10 0 0 0 0 0 4056 3410 9 0 0 5295 6630 91 17487 0 0 0 0 0 
0 0 0 0 0 0 0 0 0 0 0 0 0 0 0 0 0 0 0 0 0 0 0 0 0 0 0 0 0 0 0 0 0 0 0 0 0 0 0 0 0 0 0 0 0 0 0 0 0 0 66 0 0 0 0 0 1479 0 1045 1361 0 0 0 0 0 0 0 0 0 3842 17695 3149 708 26 2154 0 0 3169 0 0 0 0 0 
0 0 0 0 0 0 0 0 0 0 0 0 0 23 87 383 0 8537 0 307 767 0 1072 2 558 22 0 0 589 354 10 30 0 1 121 0 36 0 0 93 0 0 0 0 0 0 0 0 0 0 0 0 0 0 6 2 742 1045 0 9384 241 1 0 1404 0 0 0 0 0 4266 20101 12 7673 802 691 865 0 6019 0 0 0 0 38 
0 0 0 0 0 0 0 0 0 0 0 0 0 0 0 0 0 5 3 0 0 0 111 0 8 0 0 0 142 15 0 0 0 0 36 6 10 1 0 0 0 0 0 0 0 0 0 0 0 0 0 0 0 0 0 0 143 1361 9384 0 766 0 0 1601 0 0 0 0 0 2536 7652 318 51 4 2 14 0 75 0 0 0 0 5 
0 0 0 0 0 0 0 0 0 0 0 0 0 38 1035 333 0 17016 405 758 128 0 3103 2 177 1 0 0 804 172 5 59 2 12 565 0 112 3 0 43 0 0 0 0 0 0 0 0 27 0 0 9 0 4 1341 4644 5 0 241 766 0 435 0 13 0 0 0 0 0 350 2413 0 314 174 34 1 0 712 0 0 0 0 78 
0 0 0 0 0 0 0 0 0 0 0 0 0 0 809 0 0 5551 0 1018 1144 0 104 14 9 43 0 0 0 8 0 2 0 0 8 0 3 0 0 381 0 0 0 0 0 0 0 0 0 0 0 0 0 0 0 447 0 0 1 0 435 0 591 11 126 0 0 0 0 28 15 0 3 0 0 2 0 0 0 0 0 0 0 
0 0 0 0 0 0 0 0 0 0 0 0 0 0 7 0 0 0 0 0 67 0 0 0 0 0 0 0 0 0 0 0 0 0 0 0 0 0 0 0 0 0 0 0 0 0 0 0 0 0 0 0 0 0 0 409 0 0 0 0 0 591 0 99 1303 139 0 0 0 2029 5532 0 878 0 0 5 0 0 0 0 0 0 0 
0 0 0 0 0 0 0 0 0 0 0 0 0 0 27 0 0 222 0 0 16 0 5 0 38 9 0 0 2 5 0 0 0 0 0 0 0 0 0 28 0 0 0 0 0 0 0 0 0 0 0 0 0 0 0 3 10 0 1404 1601 13 11 99 0 208 917 0 0 1 5079 7230 0 4549 0 458 0 0 196 0 0 0 0 0 
0 0 0 0 0 0 0 0 0 0 0 0 0 0 50 0 0 6 0 1 2 0 0 0 0 0 0 0 0 0 0 0 0 0 0 0 0 0 0 0 0 0 0 0 0 0 0 0 0 0 0 0 0 0 0 288 0 0 0 0 0 126 1303 208 0 51 50 0 0 803 242 0 1 0 0 1 0 0 0 0 18 0 0 
0 0 0 0 0 0 0 0 0 0 0 0 0 0 0 0 0 0 0 0 0 0 0 0 0 0 0 0 0 0 0 0 0 0 0 0 0 0 0 0 0 0 0 0 0 0 0 0 0 0 0 0 0 0 0 0 0 0 0 0 0 0 139 917 51 0 22 15 0 3788 1023 0 43 0 0 494 0 1415 9 0 741 0 0 
0 0 0 0 0 0 0 0 0 0 0 0 0 0 0 0 0 0 0 0 0 0 0 0 0 0 0 0 0 0 0 0 0 0 0 0 0 0 0 0 0 0 0 0 0 0 0 0 0 0 0 0 0 0 0 311 0 0 0 0 0 0 0 0 50 22 0 13 0 0 0 0 0 0 0 1 0 0 0 0 36 0 0 
0 0 0 0 0 0 0 0 0 0 0 0 0 0 0 0 0 0 0 0 0 0 0 0 0 0 0 0 0 0 0 0 0 0 0 0 0 0 0 0 0 0 0 0 0 0 0 0 0 0 0 0 0 0 0 0 0 0 0 0 0 0 0 0 0 15 13 0 0 0 0 0 2 0 84 27 0 910 6 0 148 829 0 
0 0 0 0 0 0 0 0 0 0 0 0 0 0 0 0 0 0 0 0 0 0 0 0 0 0 0 0 0 0 0 0 0 0 0 0 0 0 0 0 0 25 0 0 0 0 0 25 0 0 0 0 0 0 0 0 0 0 0 0 0 0 0 1 0 0 0 0 0 0 1 0 839 0 167 0 0 298 30 0 0 64 0 
0 0 0 0 0 0 0 0 0 0 0 0 0 0 0 0 0 43 0 0 0 0 15 0 0 0 0 0 0 2 0 5 0 0 73 4 15 1 0 25 0 51 0 0 4 0 0 42 361 242 2471 0 0 0 0 0 4056 3842 4266 2536 350 28 2029 5079 803 3788 0 0 0 0 635 0 571 0 749 506 0 2093 1 1 742 0 15 
0 0 0 0 0 0 0 0 0 0 0 0 0 0 0 0 0 553 35 4 0 1 235 0 0 0 0 0 199 139 12 141 2 12 529 10 284 4 0 4 0 0 0 0 0 0 152 0 53 3 1576 0 0 0 0 0 3410 17695 20101 7652 2413 15 5532 7230 242 1023 0 0 1 635 0 254 771 6 306 10 0 411 0 0 0 0 198 
0 0 0 0 0 0 0 0 0 0 0 0 0 0 0 0 0 0 0 0 0 0 0 0 0 0 0 0 0 0 0 0 0 0 0 0 0 0 0 0 0 0 0 0 0 0 0 0 0 0 4 0 0 0 0 0 9 3149 12 318 0 0 0 0 0 0 0 0 0 0 254 0 2826 0 0 0 0 1 0 0 0 0 0 
0 0 0 0 0 0 0 0 0 0 0 0 0 0 0 0 0 554 10 0 3 0 460 0 14 0 0 0 656 302 9 287 5 18 657 23 471 14 0 159 0 15 0 0 0 0 0 24 0 0 0 0 0 0 0 0 0 708 7673 51 314 3 878 4549 1 43 0 2 839 571 771 2826 0 277 64 32 0 327 0 0 0 0 315 
0 0 0 0 0 0 0 0 0 0 0 0 0 0 0 0 0 273 0 0 0 0 1 0 0 0 0 0 1 0 0 0 0 0 81 0 0 0 0 0 0 0 0 0 0 0 0 0 0 0 0 0 0 0 0 0 0 26 802 4 174 0 0 0 0 0 0 0 0 0 6 0 277 0 19 0 0 0 0 0 0 0 0 
0 0 2 28 0 0 0 1 0 0 0 2 0 0 0 0 0 100 0 0 0 0 5 0 0 0 0 0 10 2 0 0 0 1 24 0 3 0 0 1 0 670 161 0 57 2705 2306 352 1594 0 3412 0 0 0 0 0 5295 2154 691 2 34 0 0 458 0 0 0 84 167 749 306 0 64 19 0 0 2 1570 0 4 0 0 3 
0 0 0 0 3 2 1 2686 1 0 0 0 0 1 0 2385 0 600 0 0 0 0 3 0 0 0 0 0 17 0 0 0 0 0 2817 64 128 1 0 0 0 0 0 0 0 0 0 323 17141 0 17579 0 0 0 0 0 6630 0 865 14 1 2 5 0 1 494 1 27 0 506 10 0 32 0 0 0 1673 311 2 0 225 6 912 
1 0 78 21 2 1 1 275 0 0 0 0 0 0 0 0 0 0 0 0 0 0 0 0 0 0 0 0 0 0 0 0 0 0 149 4 117 3 0 0 0 178 404 0 0 195 0 20539 2805 0 1374 0 0 0 0 0 91 0 0 0 0 0 0 0 0 0 0 0 0 0 0 0 0 0 2 1673 0 38 0 9 0 0 1050 
0 0 0 0 225 41 58 1170 121 28 0 0 0 1 0 643 0 2170 0 0 2 0 151 0 8 0 0 0 422 18 0 29 1 5 2140 11 995 11 0 1285 0 913 4014 0 0 3888 1312 11992 22886 119 25476 0 0 0 0 0 17487 3169 6019 75 712 0 0 196 0 1415 0 910 298 2093 411 1 327 0 1570 311 38 0 0 0 0 0 3951 
0 0 0 0 0 0 1 11 0 0 0 0 0 0 0 0 0 0 0 0 0 0 0 0 0 0 0 0 0 0 0 0 0 0 4 8 2 0 0 0 0 0 11 0 0 48 0 606 138 0 0 0 0 0 0 0 0 0 0 0 0 0 0 0 0 9 0 6 30 1 0 0 0 0 0 2 0 0 0 0 0 0 7795 
11 0 203 78 0 0 1 0 0 0 0 2 0 0 0 0 0 0 0 0 0 0 0 0 0 0 0 0 0 0 0 0 0 0 0 0 0 0 0 0 0 35 0 0 0 0 0 350 0 0 0 0 0 0 0 0 0 0 0 0 0 0 0 0 0 0 0 0 0 1 0 0 0 0 4 0 9 0 0 0 0 0 1 
0 0 0 0 0 0 0 0 0 0 0 0 0 0 0 0 0 0 0 0 0 0 0 0 0 0 0 0 0 0 0 0 0 0 0 0 0 0 0 0 0 0 0 0 0 0 0 0 0 0 0 0 0 0 0 24 0 0 0 0 0 0 0 0 18 741 36 148 0 742 0 0 0 0 0 225 0 0 0 0 0 0 0 
0 0 0 0 0 0 0 0 0 0 0 0 0 0 0 0 0 0 0 0 0 0 0 0 0 0 0 0 0 0 0 0 0 0 0 0 0 0 0 0 0 0 0 0 0 0 0 0 0 0 0 0 0 0 0 0 0 0 0 0 0 0 0 0 0 0 0 829 64 0 0 0 0 0 0 6 0 0 0 0 0 0 0 
43 0 0 0 387 0 131 338 40 8253 0 0 0 0 0 2057 547 2103 4 0 0 0 5 0 0 0 0 0 87 81 139 92 0 71 704 95 4424 7428 0 0 0 0 0 0 130 11 0 86 5 0 0 0 0 0 0 0 0 0 38 5 78 0 0 0 0 0 0 0 0 15 198 0 315 0 3 912 1050 3951 7795 1 0 0 0 
