0 278 109 862 7 0 346 0 0 0 0 0 0 0 0 0 0 0 0 0 0 0 0 0 0 0 0 0 0 0 0 0 0 274 0 1 0 0 95 0 0 0 0 0 0 0 0 0 0 0 0 0 0 0 0 0 0 0 0 0 0 0 0 0 0 0 0 0 0 0 0 0 0 0 0 0 0 0 0 0 0 0 0 
278 0 0 0 11 0 0 0 0 0 0 0 0 0 0 0 0 0 0 0 0 0 0 0 0 0 0 0 0 0 0 3 0 5116 0 0 5 0 0 0 0 0 0 0 0 0 0 0 0 0 0 0 0 0 0 0 0 0 0 0 0 0 0 0 0 0 0 0 0 0 0 0 0 0 0 0 0 0 0 0 0 0 0 
109 0 0 4 0 0 78 0 0 0 0 0 0 0 0 0 0 0 0 0 0 0 0 0 0 0 0 230 0 0 0 901 0 2873 71 2732 1639 330 0 0 0 0 0 0 0 0 0 0 0 0 0 0 0 0 0 0 0 0 0 0 0 0 0 0 0 0 0 0 0 0 0 0 0 0 0 0 0 0 0 0 0 0 0 
862 0 4 0 0 0 340 11 0 0 0 527 0 0 0 0 0 0 0 0 0 0 0 0 0 0 0 0 0 0 0 1 0 1697 22 6895 230 23 445 0 0 219 0 67 1 0 0 12011 96 0 0 0 3 0 0 0 0 0 0 0 0 0 0 0 0 0 0 0 0 0 0 0 0 0 0 0 0 0 0 0 0 0 0 
7 11 0 0 0 597 284 685 0 259 0 0 0 0 0 0 0 0 0 0 0 0 0 0 0 0 0 0 0 0 0 8 0 2903 809 23 1797 138 0 0 0 0 0 0 0 0 0 0 0 0 0 0 0 0 0 0 0 0 0 0 0 0 0 0 0 0 0 0 0 0 0 0 0 0 0 0 0 0 0 0 0 0 0 
0 0 0 0 597 0 509 375 50 2863 0 0 0 0 0 0 0 0 0 0 0 0 0 0 0 0 0 0 0 0 0 0 0 815 0 0 796 0 0 0 0 0 0 0 0 0 0 0 0 0 0 0 0 0 0 0 0 0 0 0 0 0 0 0 0 0 0 0 0 0 0 0 0 0 0 0 0 0 0 0 0 0 0 
346 0 78 340 284 509 0 6668 3625 35 0 0 0 0 0 0 0 0 0 0 0 0 0 0 0 0 0 158 0 0 0 1322 0 5448 2102 2829 4053 355 0 0 0 0 0 0 0 0 0 1 58 0 0 0 0 0 0 0 0 0 0 0 0 0 0 0 0 0 0 0 0 0 0 0 0 0 0 0 0 0 0 0 0 0 0 
0 0 0 11 685 375 6668 0 991 3023 656 510 11820 12710 0 0 189 0 0 0 0 0 0 0 0 0 0 0 0 1 1 66 0 0 36742 5808 2695 52 0 0 0 0 0 0 0 0 0 478 27601 0 523 4168 0 2 2744 19 0 0 0 0 205 0 0 0 0 0 0 0 0 0 0 0 0 0 0 0 0 0 0 0 0 0 213 
0 0 0 0 0 50 3625 991 0 369 0 0 0 0 0 0 221 0 0 0 0 0 0 0 0 0 0 0 1 667 105 908 0 0 46 0 15 0 0 0 0 0 0 0 0 0 0 0 0 0 0 0 0 0 0 0 0 0 0 0 0 0 0 0 0 0 0 0 0 0 0 0 0 0 0 0 0 0 0 0 0 0 11 
0 0 0 0 259 2863 35 3023 369 0 585 0 404 4955 0 6083 3046 259 7 4 0 0 0 0 0 0 0 1 4496 6227 252 2139 0 388 14525 2312 3865 2 0 4 0 0 0 0 0 0 0 0 0 0 129 32 0 0 2793 1 0 0 0 0 1402 0 0 0 0 0 0 0 0 0 0 0 0 0 0 0 0 0 0 0 0 0 2335 
0 0 0 0 0 0 0 656 0 585 0 0 238 561 0 153 0 68 0 25 0 0 0 0 0 0 0 0 0 0 0 0 0 0 0 0 0 0 0 0 0 0 0 0 0 0 0 0 0 0 0 0 0 0 0 0 0 0 0 0 0 0 0 0 0 0 0 0 0 0 0 0 0 0 0 0 0 0 0 0 0 0 0 
0 0 0 527 0 0 0 510 0 0 0 0 57 0 0 0 0 0 0 0 0 0 0 0 0 0 0 0 0 0 0 0 0 0 0 1 0 0 0 0 0 0 0 5 0 0 0 1574 253 0 0 0 0 9 1 0 0 0 0 0 0 0 0 0 0 0 0 0 0 0 0 0 0 0 0 0 0 0 0 0 0 0 0 
0 0 0 0 0 0 0 11820 0 404 238 57 0 496 208 153 0 330 0 1869 4 0 0 0 0 0 0 0 0 0 0 0 0 0 0 0 0 0 0 0 0 0 0 0 0 0 0 9 541 0 0 0 0 22 8 1 0 0 0 0 0 0 0 0 0 0 0 0 0 0 0 0 0 0 0 0 0 0 0 0 0 0 0 
0 0 0 0 0 0 0 12710 0 4955 561 0 496 0 871 1116 0 3842 0 7928 33 0 0 0 0 0 0 0 0 0 0 0 0 0 302 8 0 0 0 0 0 0 0 0 0 0 0 0 0 0 0 47 0 0 0 0 0 0 0 0 0 0 0 0 0 0 0 0 0 0 0 0 0 0 0 0 0 0 0 0 0 0 0 
0 0 0 0 0 0 0 0 0 0 0 0 208 871 0 0 0 1960 0 4868 24 114 1126 33 0 82 0 0 3 0 0 0 0 0 136 0 0 0 0 237 0 0 0 0 0 0 0 0 0 0 0 0 0 0 0 0 0 0 0 0 15 1 0 0 0 0 0 0 0 0 0 0 0 0 0 0 0 0 0 0 0 0 0 
0 0 0 0 0 0 0 0 0 6083 153 0 153 1116 0 0 3060 29 580 2 0 0 0 0 0 0 0 0 1159 1039 57 1189 275 155 3018 510 1099 0 0 10 0 0 0 0 0 0 0 0 0 0 0 0 0 0 855 408 0 0 0 0 79 0 0 0 0 0 0 0 0 0 0 0 0 0 0 0 0 0 0 0 0 0 1122 
0 0 0 0 0 0 0 189 221 3046 0 0 0 0 0 3060 0 257 723 0 0 0 0 0 0 0 0 0 2466 4623 483 263 69 54 572 0 1226 0 0 13 0 0 0 0 0 0 0 0 0 0 0 0 0 0 0 0 0 0 0 0 0 0 0 0 0 0 0 0 0 0 0 0 0 0 0 0 0 0 0 0 0 0 1545 
0 0 0 0 0 0 0 0 0 259 68 0 330 3842 1960 29 257 0 7354 1238 362 1032 1717 760 75 2 0 11 4496 1244 68 3829 41 830 2773 5 1840 124 0 50 0 0 0 0 0 0 0 0 0 0 0 0 0 0 106 5324 0 0 0 0 6134 7 0 0 0 0 0 0 0 0 0 0 0 0 0 0 0 0 0 0 0 0 479 
0 0 0 0 0 0 0 0 0 7 0 0 0 0 0 580 723 7354 0 0 0 0 1011 13 1466 0 0 38 7168 5011 103 5342 0 343 0 0 227 2 0 229 0 0 0 0 0 0 0 0 0 0 0 0 0 0 0 0 0 0 0 0 119 0 0 0 0 0 0 0 0 0 0 0 0 0 0 0 0 0 0 0 0 0 0 
0 0 0 0 0 0 0 0 0 4 25 0 1869 7928 4868 2 0 1238 0 0 89 24 678 201 0 53 0 0 1 0 0 0 0 0 7 0 0 1 0 58 0 0 0 0 0 0 0 0 0 0 0 0 0 0 0 735 0 0 0 0 3 2 0 0 0 0 0 0 0 0 22 6 8 3 2 0 0 0 0 0 0 0 0 
0 0 0 0 0 0 0 0 0 0 0 0 4 33 24 0 0 362 0 89 0 424 1 476 0 0 0 0 0 0 0 0 0 0 0 0 0 0 0 0 0 0 0 0 0 0 0 0 0 0 0 0 0 0 0 1 0 0 0 0 2 0 0 0 0 0 0 0 0 0 0 0 0 0 0 0 0 0 0 0 0 0 0 
0 0 0 0 0 0 0 0 0 0 0 0 0 0 114 0 0 1032 0 24 424 0 70 719 0 0 0 0 0 0 0 0 0 0 0 0 0 0 0 3 0 0 0 0 0 0 0 0 0 0 0 0 0 0 0 27 0 0 0 0 139 27 0 0 0 0 0 0 0 0 0 0 0 0 0 0 0 0 0 0 0 0 0 
0 0 0 0 0 0 0 0 0 0 0 0 0 0 1126 0 0 1717 1011 678 1 70 0 1852 2444 4 0 4 304 15 0 3465 0 1293 2 0 5380 113 0 177 0 0 0 0 0 0 0 0 0 0 0 0 0 0 0 343 0 0 0 0 8291 908 0 0 0 0 0 0 0 0 0 0 0 0 0 0 0 0 0 0 0 0 0 
0 0 0 0 0 0 0 0 0 0 0 0 0 0 33 0 0 760 13 201 476 719 1852 0 2 3 0 0 21 0 0 0 0 22 7 0 13 0 0 250 0 0 0 0 0 0 0 0 0 0 0 0 0 0 0 1 0 0 23 0 80 21 1 0 1 0 0 0 0 42 16 10 8 0 0 0 0 0 0 0 0 0 0 
0 0 0 0 0 0 0 0 0 0 0 0 0 0 0 0 0 75 1466 0 0 0 2444 2 0 10 13 74 619 0 0 196 0 13 1 0 8 2 0 435 0 0 0 0 0 0 0 0 0 0 0 0 0 0 0 0 0 0 0 0 62 0 0 0 0 0 0 0 0 0 0 0 0 0 0 0 0 0 0 0 0 0 0 
0 0 0 0 0 0 0 0 0 0 0 0 0 0 82 0 0 2 0 53 0 0 4 3 10 0 6 0 9 0 0 0 0 0 0 0 0 0 0 43 0 0 0 0 0 0 0 0 0 0 0 0 0 0 0 9 0 0 11 0 21 27 1 0 0 0 0 0 0 0 0 0 0 0 0 0 0 0 0 0 0 0 0 
0 0 0 0 0 0 0 0 0 0 0 0 0 0 0 0 0 0 0 0 0 0 0 0 13 6 0 8 11 0 0 0 0 8 0 0 38 0 0 50 17 0 0 0 0 0 0 0 0 0 0 0 0 0 0 1 0 0 0 0 0 0 0 0 0 0 0 0 0 0 0 0 0 0 0 0 0 0 0 0 0 0 0 
0 0 230 0 0 0 158 0 0 1 0 0 0 0 0 0 0 11 38 0 0 0 4 0 74 0 8 0 58 13 0 3 0 278 0 0 1528 86 0 0 0 0 0 0 0 0 0 0 0 0 0 0 0 0 0 0 0 0 0 0 0 0 0 0 0 0 0 0 0 0 0 0 0 0 0 0 0 0 0 0 0 0 0 
0 0 0 0 0 0 0 0 1 4496 0 0 0 0 3 1159 2466 4496 7168 1 0 0 304 21 619 9 11 58 0 645 0 256 0 22 43 0 277 135 0 287 0 0 0 0 0 0 0 0 0 0 0 0 0 0 0 40 0 0 0 0 28 0 0 0 0 0 0 0 0 0 0 0 1 0 0 0 0 0 0 0 0 0 36 
0 0 0 0 0 0 0 1 667 6227 0 0 0 0 0 1039 4623 1244 5011 0 0 0 15 0 0 0 0 13 645 0 71 760 0 1 14 0 8 10 0 14 0 0 0 0 0 0 0 0 0 0 0 0 0 0 0 8 0 0 0 0 18 0 0 0 0 0 0 0 0 0 0 0 1 0 0 0 0 0 0 0 0 0 3 
0 0 0 0 0 0 0 1 105 252 0 0 0 0 0 57 483 68 103 0 0 0 0 0 0 0 0 0 0 71 0 387 0 0 0 0 0 0 0 0 0 0 0 0 0 0 0 0 0 0 0 0 0 0 0 0 0 0 0 0 0 0 0 0 0 0 0 0 0 0 0 0 0 0 0 0 0 0 0 0 0 0 0 
0 3 901 1 8 0 1322 66 908 2139 0 0 0 0 0 1189 263 3829 5342 0 0 0 3465 0 196 0 0 3 256 760 387 0 29 91 421 0 1784 71 0 9 0 0 0 0 0 0 0 0 0 0 0 0 0 0 0 212 0 0 0 0 5 0 0 0 0 0 0 0 0 0 0 0 0 0 0 0 0 0 0 0 0 0 42 
0 0 0 0 0 0 0 0 0 0 0 0 0 0 0 275 69 41 0 0 0 0 0 0 0 0 0 0 0 0 0 29 0 15 0 0 81 0 0 0 0 0 0 0 0 0 0 0 0 0 0 0 0 0 0 0 0 0 0 0 0 0 0 0 0 0 0 0 0 0 0 0 0 0 0 0 0 0 0 0 0 0 0 
274 5116 2873 1697 2903 815 5448 0 0 388 0 0 0 0 0 155 54 830 343 0 0 0 1293 22 13 0 8 278 22 1 0 91 15 0 48 44 760 0 150 2 0 0 0 0 0 0 0 0 0 0 0 0 0 0 0 29 0 0 0 0 2 0 0 0 0 0 0 0 0 0 0 0 0 0 0 0 0 0 0 0 0 0 14 
0 0 71 22 809 0 2102 36742 46 14525 0 0 0 302 136 3018 572 2773 0 7 0 0 2 7 1 0 0 0 43 14 0 421 0 48 0 236 57 35 0 205 29 0 0 0 0 0 0 0 0 0 0 0 0 0 0 2008 0 16 206 0 1035 1104 717 0 25 0 0 0 0 0 22 1 494 6 240 45 2 85 0 0 11 0 376 
1 0 2732 6895 23 0 2829 5808 0 2312 0 1 0 8 0 510 0 5 0 0 0 0 0 0 0 0 0 0 0 0 0 0 0 44 236 0 0 0 1 0 0 9 0 0 0 0 0 106 0 0 0 0 0 0 115 84 0 0 0 0 174 0 0 0 0 0 0 0 0 0 0 0 0 0 0 0 0 0 0 0 0 0 0 
0 5 1639 230 1797 796 4053 2695 15 3865 0 0 0 0 0 1099 1226 1840 227 0 0 0 5380 13 8 0 38 1528 277 8 0 1784 81 760 57 0 0 0 0 100 0 0 0 0 0 0 0 0 0 0 0 0 0 0 0 31 0 0 0 0 640 0 0 0 0 0 0 0 0 0 0 0 1 0 0 0 0 0 0 0 0 0 1462 
0 0 330 23 138 0 355 52 0 2 0 0 0 0 0 0 0 124 2 1 0 0 113 0 2 0 0 86 135 10 0 71 0 0 35 0 0 0 0 8 0 0 0 0 0 0 0 0 0 0 0 0 0 0 0 31 0 0 0 0 201 0 0 0 0 0 0 0 0 0 0 0 0 0 0 0 0 0 0 0 0 0 748 
95 0 0 445 0 0 0 0 0 0 0 0 0 0 0 0 0 0 0 0 0 0 0 0 0 0 0 0 0 0 0 0 0 150 0 1 0 0 0 0 0 1 0 0 0 0 0 2 0 0 0 0 0 0 0 0 0 0 0 0 0 0 0 0 0 0 0 0 0 0 0 0 0 0 0 0 0 0 0 0 0 0 0 
0 0 0 0 0 0 0 0 0 4 0 0 0 0 237 10 13 50 229 58 0 3 177 250 435 43 50 0 287 14 0 9 0 2 205 0 100 8 0 0 30 0 0 0 0 0 0 0 0 0 0 0 0 0 0 288 0 5 816 0 518 1368 299 0 9 0 0 0 0 0 70 15 1920 194 55 0 0 243 0 0 0 0 1 
0 0 0 0 0 0 0 0 0 0 0 0 0 0 0 0 0 0 0 0 0 0 0 0 0 0 17 0 0 0 0 0 0 0 29 0 0 0 0 30 0 0 0 0 0 0 0 0 0 0 0 0 0 0 0 0 0 0 0 0 0 0 0 0 0 0 0 0 0 0 0 0 0 0 0 0 0 0 0 0 0 0 0 
0 0 0 219 0 0 0 0 0 0 0 0 0 0 0 0 0 0 0 0 0 0 0 0 0 0 0 0 0 0 0 0 0 0 0 9 0 0 1 0 0 0 45 22 2486 8 0 228 0 0 0 0 1071 0 0 0 0 0 0 0 0 0 0 0 0 0 0 0 0 0 0 0 1280 0 2449 0 509 370 0 178 0 0 0 
0 0 0 0 0 0 0 0 0 0 0 0 0 0 0 0 0 0 0 0 0 0 0 0 0 0 0 0 0 0 0 0 0 0 0 0 0 0 0 0 0 45 0 0 0 0 0 0 0 0 0 0 0 0 0 0 0 0 0 0 0 0 0 0 0 0 0 0 0 0 0 0 754 0 704 0 535 2425 0 0 0 0 0 
0 0 0 67 0 0 0 0 0 0 0 5 0 0 0 0 0 0 0 0 0 0 0 0 0 0 0 0 0 0 0 0 0 0 0 0 0 0 0 0 0 22 0 0 764 0 0 3 9 0 0 0 717 0 0 0 0 0 0 0 0 0 0 0 0 0 0 0 0 0 0 0 0 0 0 0 0 0 0 0 0 0 0 
0 0 0 1 0 0 0 0 0 0 0 0 0 0 0 0 0 0 0 0 0 0 0 0 0 0 0 0 0 0 0 0 0 0 0 0 0 0 0 0 0 2486 0 764 0 0 0 1122 482 0 0 0 101 6 0 0 0 0 0 0 0 0 0 0 0 0 0 0 0 0 0 0 0 0 10 0 2 2 0 1 0 0 0 
0 0 0 0 0 0 0 0 0 0 0 0 0 0 0 0 0 0 0 0 0 0 0 0 0 0 0 0 0 0 0 0 0 0 0 0 0 0 0 0 0 8 0 0 0 0 141 14 10 0 0 0 0 0 0 0 0 0 0 0 0 0 0 0 0 0 0 0 0 0 0 0 219 0 1999 602 3106 4937 720 0 0 0 31 
0 0 0 0 0 0 0 0 0 0 0 0 0 0 0 0 0 0 0 0 0 0 0 0 0 0 0 0 0 0 0 0 0 0 0 0 0 0 0 0 0 0 0 0 0 141 0 0 1026 109 656 0 0 0 0 0 0 0 0 0 0 0 0 0 0 0 0 0 0 0 0 0 0 0 3893 0 0 337 0 0 0 0 0 
0 0 0 12011 0 0 1 478 0 0 0 1574 9 0 0 0 0 0 0 0 0 0 0 0 0 0 0 0 0 0 0 0 0 0 0 106 0 0 2 0 0 228 0 3 1122 14 0 0 4691 1079 138 0 5124 311 0 0 0 0 0 0 0 0 0 0 0 0 0 0 0 0 0 0 163 0 388 676 11539 2082 503 154 0 0 181 
0 0 0 96 0 0 58 27601 0 0 0 253 541 0 0 0 0 0 0 0 0 0 0 0 0 0 0 0 0 0 0 0 0 0 0 0 0 0 0 0 0 0 0 9 482 10 1026 4691 0 277 6973 0 1710 1011 345 57 22 0 0 0 7 0 0 0 0 0 0 0 0 0 0 0 0 0 1684 3763 12897 11099 976 0 18 0 1592 
0 0 0 0 0 0 0 0 0 0 0 0 0 0 0 0 0 0 0 0 0 0 0 0 0 0 0 0 0 0 0 0 0 0 0 0 0 0 0 0 0 0 0 0 0 0 109 1079 277 0 3555 0 0 0 0 0 0 0 0 0 0 0 0 0 0 0 0 0 0 0 0 0 0 0 28 0 0 5 0 0 0 0 0 
0 0 0 0 0 0 0 523 0 129 0 0 0 0 0 0 0 0 0 0 0 0 0 0 0 0 0 0 0 0 0 0 0 0 0 0 0 0 0 0 0 0 0 0 0 0 656 138 6973 3555 0 442 0 0 0 0 5051 450 244 0 2234 0 0 0 0 0 0 0 0 0 206 252 89 8 7584 6696 2612 12990 1011 0 1633 0 0 
0 0 0 0 0 0 0 4168 0 32 0 0 0 47 0 0 0 0 0 0 0 0 0 0 0 0 0 0 0 0 0 0 0 0 0 0 0 0 0 0 0 0 0 0 0 0 0 0 0 0 442 0 0 0 8 0 16 0 0 0 0 0 0 0 0 0 0 0 0 0 0 0 0 0 510 1256 603 246 3 0 89 0 0 
0 0 0 3 0 0 0 0 0 0 0 0 0 0 0 0 0 0 0 0 0 0 0 0 0 0 0 0 0 0 0 0 0 0 0 0 0 0 0 0 0 1071 0 717 101 0 0 5124 1710 0 0 0 0 10 0 0 0 0 0 0 0 0 0 0 0 0 0 0 0 0 0 0 0 0 1 0 3 2 0 2 0 0 0 
0 0 0 0 0 0 0 2 0 0 0 9 22 0 0 0 0 0 0 0 0 0 0 0 0 0 0 0 0 0 0 0 0 0 0 0 0 0 0 0 0 0 0 0 6 0 0 311 1011 0 0 0 10 0 326 14 0 0 0 0 4 0 0 0 1 0 0 0 0 0 0 0 0 0 0 0 0 0 0 0 0 0 0 
0 0 0 0 0 0 0 2744 0 2793 0 1 8 0 0 855 0 106 0 0 0 0 0 0 0 0 0 0 0 0 0 0 0 0 0 115 0 0 0 0 0 0 0 0 0 0 0 0 345 0 0 8 0 326 0 331 0 0 0 0 1319 0 0 0 21 0 0 0 0 0 0 0 0 0 0 0 0 0 0 0 0 0 0 
0 0 0 0 0 0 0 19 0 1 0 0 1 0 0 408 0 5324 0 735 1 27 343 1 0 9 1 0 40 8 0 212 0 29 2008 84 31 31 0 288 0 0 0 0 0 0 0 0 57 0 0 0 0 14 331 0 0 0 6 0 196 1847 371 0 262 37 64 0 0 40 494 0 13 0 0 0 0 0 0 0 63 0 0 
0 0 0 0 0 0 0 0 0 0 0 0 0 0 0 0 0 0 0 0 0 0 0 0 0 0 0 0 0 0 0 0 0 0 0 0 0 0 0 0 0 0 0 0 0 0 0 0 22 0 5051 16 0 0 0 0 0 1973 1786 0 2174 0 0 0 0 0 0 0 0 14 3432 752 11 1 8671 3007 3 2507 249 0 428 0 0 
0 0 0 0 0 0 0 0 0 0 0 0 0 0 0 0 0 0 0 0 0 0 0 0 0 0 0 0 0 0 0 0 0 0 16 0 0 0 0 5 0 0 0 0 0 0 0 0 0 0 450 0 0 0 0 0 1973 0 541 2 337 0 0 0 0 0 0 0 0 0 4120 2811 321 0 888 0 0 0 0 0 0 0 0 
0 0 0 0 0 0 0 0 0 0 0 0 0 0 0 0 0 0 0 0 0 0 0 23 0 11 0 0 0 0 0 0 0 0 206 0 0 0 0 816 0 0 0 0 0 0 0 0 0 0 244 0 0 0 0 6 1786 541 0 5428 54 119 21 284 0 0 0 0 0 4127 6861 290 186 0 0 0 0 0 0 0 0 0 0 
0 0 0 0 0 0 0 0 0 0 0 0 0 0 0 0 0 0 0 0 0 0 0 0 0 0 0 0 0 0 0 0 0 0 0 0 0 0 0 0 0 0 0 0 0 0 0 0 0 0 0 0 0 0 0 0 0 2 5428 0 3284 238 0 1204 0 1 0 0 0 1242 5388 3005 1 0 0 0 0 0 0 0 0 0 0 
0 0 0 0 0 0 0 205 0 1402 0 0 0 0 15 79 0 6134 119 3 2 139 8291 80 62 21 0 0 28 18 0 5 0 2 1035 174 640 201 0 518 0 0 0 0 0 0 0 0 7 0 2234 0 0 4 1319 196 2174 337 54 3284 0 213 0 157 4 0 0 0 0 2363 6313 3037 1814 506 1912 1147 288 1150 1 0 368 0 9 
0 0 0 0 0 0 0 0 0 0 0 0 0 0 1 0 0 7 0 2 0 27 908 21 0 27 0 0 0 0 0 0 0 0 1104 0 0 0 0 1368 0 0 0 0 0 0 0 0 0 0 0 0 0 0 0 1847 0 0 119 238 213 0 4 467 30 0 0 0 0 263 427 79 136 0 0 2 0 0 0 0 0 0 0 
0 0 0 0 0 0 0 0 0 0 0 0 0 0 0 0 0 0 0 0 0 0 0 1 0 1 0 0 0 0 0 0 0 0 717 0 0 0 0 299 0 0 0 0 0 0 0 0 0 0 0 0 0 0 0 371 0 0 21 0 0 4 0 995 152 14 0 0 0 3040 1755 108 352 0 0 0 0 0 0 0 0 0 0 
0 0 0 0 0 0 0 0 0 0 0 0 0 0 0 0 0 0 0 0 0 0 0 0 0 0 0 0 0 0 0 0 0 0 0 0 0 0 0 0 0 0 0 0 0 0 0 0 0 0 0 0 0 0 0 0 0 0 284 1204 157 467 995 0 73 42 0 0 0 955 536 0 0 0 0 0 0 0 0 0 0 0 0 
0 0 0 0 0 0 0 0 0 0 0 0 0 0 0 0 0 0 0 0 0 0 0 1 0 0 0 0 0 0 0 0 0 0 25 0 0 0 0 9 0 0 0 0 0 0 0 0 0 0 0 0 0 1 21 262 0 0 0 0 4 30 152 73 0 125 0 0 0 13898 3042 2 363 0 0 15 0 0 0 0 0 0 0 
0 0 0 0 0 0 0 0 0 0 0 0 0 0 0 0 0 0 0 0 0 0 0 0 0 0 0 0 0 0 0 0 0 0 0 0 0 0 0 0 0 0 0 0 0 0 0 0 0 0 0 0 0 0 0 37 0 0 0 1 0 0 14 42 125 0 192 6 0 6578 2834 0 108 0 0 70 0 4 0 0 331 2 0 
0 0 0 0 0 0 0 0 0 0 0 0 0 0 0 0 0 0 0 0 0 0 0 0 0 0 0 0 0 0 0 0 0 0 0 0 0 0 0 0 0 0 0 0 0 0 0 0 0 0 0 0 0 0 0 64 0 0 0 0 0 0 0 0 0 192 0 57 0 29 5 0 1 0 0 24 0 0 0 0 23 0 0 
0 0 0 0 0 0 0 0 0 0 0 0 0 0 0 0 0 0 0 0 0 0 0 0 0 0 0 0 0 0 0 0 0 0 0 0 0 0 0 0 0 0 0 0 0 0 0 0 0 0 0 0 0 0 0 0 0 0 0 0 0 0 0 0 0 6 57 0 0 1 0 0 0 0 0 0 0 0 0 0 2 0 0 
0 0 0 0 0 0 0 0 0 0 0 0 0 0 0 0 0 0 0 0 0 0 0 0 0 0 0 0 0 0 0 0 0 0 0 0 0 0 0 0 0 0 0 0 0 0 0 0 0 0 0 0 0 0 0 0 0 0 0 0 0 0 0 0 0 0 0 0 0 0 0 0 0 0 100 0 0 0 0 0 512 614 0 
0 0 0 0 0 0 0 0 0 0 0 0 0 0 0 0 0 0 0 0 0 0 0 42 0 0 0 0 0 0 0 0 0 0 0 0 0 0 0 0 0 0 0 0 0 0 0 0 0 0 0 0 0 0 0 40 14 0 4127 1242 2363 263 3040 955 13898 6578 29 1 0 0 325 0 8 0 0 171 0 0 0 0 8 0 0 
0 0 0 0 0 0 0 0 0 0 0 0 0 0 0 0 0 0 0 22 0 0 0 16 0 0 0 0 0 0 0 0 0 0 22 0 0 0 0 70 0 0 0 0 0 0 0 0 0 0 206 0 0 0 0 494 3432 4120 6861 5388 6313 427 1755 536 3042 2834 5 0 0 325 0 161 887 0 0 369 0 67 0 0 302 24 0 
0 0 0 0 0 0 0 0 0 0 0 0 0 0 0 0 0 0 0 6 0 0 0 10 0 0 0 0 0 0 0 0 0 0 1 0 0 0 0 15 0 0 0 0 0 0 0 0 0 0 252 0 0 0 0 0 752 2811 290 3005 3037 79 108 0 2 0 0 0 0 0 161 0 456 0 0 0 0 0 0 0 0 0 0 
0 0 0 0 0 0 0 0 0 0 0 0 0 0 0 0 0 0 0 8 0 0 0 8 0 0 0 0 1 1 0 0 0 0 494 0 1 0 0 1920 0 1280 754 0 0 219 0 163 0 0 89 0 0 0 0 13 11 321 186 1 1814 136 352 0 363 108 1 0 0 8 887 456 0 67 2012 176 0 2214 133 0 955 725 0 
0 0 0 0 0 0 0 0 0 0 0 0 0 0 0 0 0 0 0 3 0 0 0 0 0 0 0 0 0 0 0 0 0 0 6 0 0 0 0 194 0 0 0 0 0 0 0 0 0 0 8 0 0 0 0 0 1 0 0 0 506 0 0 0 0 0 0 0 0 0 0 0 67 0 19 0 0 0 0 0 0 0 0 
0 0 0 0 0 0 0 0 0 0 0 0 0 0 0 0 0 0 0 2 0 0 0 0 0 0 0 0 0 0 0 0 0 0 240 0 0 0 0 55 0 2449 704 0 10 1999 3893 388 1684 28 7584 510 1 0 0 0 8671 888 0 0 1912 0 0 0 0 0 0 0 100 0 0 0 2012 19 0 0 0 6 0 10 0 0 0 
0 0 0 0 0 0 0 0 0 0 0 0 0 0 0 0 0 0 0 0 0 0 0 0 0 0 0 0 0 0 0 0 0 0 45 0 0 0 0 0 0 0 0 0 0 602 0 676 3763 0 6696 1256 0 0 0 0 3007 0 0 0 1147 2 0 0 15 70 24 0 0 171 369 0 176 0 0 0 6 127 6 0 435 1 676 
0 0 0 0 0 0 0 0 0 0 0 0 0 0 0 0 0 0 0 0 0 0 0 0 0 0 0 0 0 0 0 0 0 0 2 0 0 0 0 0 0 509 535 0 2 3106 0 11539 12897 0 2612 603 3 0 0 0 3 0 0 0 288 0 0 0 0 0 0 0 0 0 0 0 0 0 0 6 0 139 0 0 0 0 153 
0 0 0 0 0 0 0 0 0 0 0 0 0 0 0 0 0 0 0 0 0 0 0 0 0 0 0 0 0 0 0 0 0 0 85 0 0 0 0 243 0 370 2425 0 2 4937 337 2082 11099 5 12990 246 2 0 0 0 2507 0 0 0 1150 0 0 0 0 4 0 0 0 0 67 0 2214 0 6 127 139 0 0 0 67 0 9 
0 0 0 0 0 0 0 0 0 0 0 0 0 0 0 0 0 0 0 0 0 0 0 0 0 0 0 0 0 0 0 0 0 0 0 0 0 0 0 0 0 0 0 0 0 720 0 503 976 0 1011 3 0 0 0 0 249 0 0 0 1 0 0 0 0 0 0 0 0 0 0 0 133 0 0 6 0 0 0 0 0 0 7 
0 0 0 0 0 0 0 0 0 0 0 0 0 0 0 0 0 0 0 0 0 0 0 0 0 0 0 0 0 0 0 0 0 0 0 0 0 0 0 0 0 178 0 0 1 0 0 154 0 0 0 0 2 0 0 0 0 0 0 0 0 0 0 0 0 0 0 0 0 0 0 0 0 0 10 0 0 0 0 0 0 0 0 
0 0 0 0 0 0 0 0 0 0 0 0 0 0 0 0 0 0 0 0 0 0 0 0 0 0 0 0 0 0 0 0 0 0 11 0 0 0 0 0 0 0 0 0 0 0 0 0 18 0 1633 89 0 0 0 63 428 0 0 0 368 0 0 0 0 331 23 2 512 8 302 0 955 0 0 435 0 67 0 0 0 3 0 
0 0 0 0 0 0 0 0 0 0 0 0 0 0 0 0 0 0 0 0 0 0 0 0 0 0 0 0 0 0 0 0 0 0 0 0 0 0 0 0 0 0 0 0 0 0 0 0 0 0 0 0 0 0 0 0 0 0 0 0 0 0 0 0 0 2 0 0 614 0 24 0 725 0 0 1 0 0 0 0 3 0 0 
0 0 0 0 0 0 0 213 11 2335 0 0 0 0 0 1122 1545 479 0 0 0 0 0 0 0 0 0 0 36 3 0 42 0 14 376 0 1462 748 0 1 0 0 0 0 0 31 0 181 1592 0 0 0 0 0 0 0 0 0 0 0 9 0 0 0 0 0 0 0 0 0 0 0 0 0 0 676 153 9 7 0 0 0 0 
