0 1601 1037 123 206 0 3336 0 0 0 0 324 0 0 9 59 0 512 0 63 0 0 0 0 0 0 0 0 0 0 0 0 0 168 4 0 0 0 25 0 0 0 0 0 0 0 0 0 0 0 0 0 0 0 0 0 0 0 0 23 0 0 0 1 0 0 0 0 0 0 0 0 0 0 0 11 0 0 0 0 0 0 0 
1601 0 0 0 86 0 3 7 0 0 0 0 0 1 16 97 0 490 0 96 0 0 0 0 0 0 0 0 0 0 0 6 0 1226 99 0 83 6 0 2 0 0 0 0 0 0 0 0 0 0 0 0 0 0 0 0 0 0 0 30 0 0 0 0 0 0 0 0 0 0 0 0 0 0 0 28 0 0 0 0 0 0 0 
1037 0 0 41 0 0 0 0 0 0 0 251 0 0 0 0 0 0 0 0 0 0 0 0 0 0 0 0 0 0 0 0 0 1 0 1 0 0 116 0 0 3 0 160 29 0 0 518 54 0 0 0 28 0 0 0 0 0 0 0 0 0 0 0 0 0 0 0 0 0 0 0 0 0 12 0 0 0 0 0 0 0 0 
123 0 41 0 0 0 4 235 0 0 0 703 0 0 0 0 0 0 0 0 0 0 0 0 0 0 0 0 0 0 0 0 0 7 0 0 0 0 5 0 0 0 0 29 0 0 0 35 14 0 0 0 32 0 0 0 0 0 0 0 0 0 0 0 0 0 0 0 0 0 0 0 0 0 0 0 0 0 0 0 0 0 0 
206 86 0 0 0 687 384 120 3 1 0 0 3 3 194 50 0 1010 0 326 0 0 0 0 0 0 0 0 0 0 0 24 0 5120 1206 427 3516 313 0 7 0 0 0 0 0 0 0 0 3 0 0 0 0 0 0 0 0 0 0 193 0 0 0 6 0 0 0 0 0 0 0 0 0 0 0 207 0 8 0 0 0 0 0 
0 0 0 0 687 0 608 4262 5579 8215 0 0 16 0 3 462 120 700 0 22 0 0 0 0 0 0 0 0 0 0 2 0 0 852 0 0 523 0 0 0 0 0 0 0 0 0 0 0 309 0 0 0 0 0 0 0 0 0 0 3 0 0 0 0 0 0 0 0 0 0 0 0 0 0 0 18 0 2 0 0 0 0 0 
3336 3 0 4 384 608 0 7138 590 341 0 3190 2607 2 27 5 0 236 0 45 0 0 0 0 0 0 0 0 0 0 0 468 0 6656 1161 12324 5262 827 138 0 0 199 0 1045 41 0 0 13049 15810 8 0 0 18 0 0 0 0 0 0 33 0 0 0 0 0 0 0 0 0 0 0 0 0 0 329 229 32 169 0 0 0 0 4 
0 7 0 235 120 4262 7138 0 2412 364 382 2268 21391 6900 703 11 0 135 0 44 0 0 0 0 0 0 0 0 0 0 0 0 0 338 1562 69 6905 111 0 0 0 0 0 0 0 0 0 643 7835 0 152 6 0 5 0 1 0 0 0 0 0 0 0 0 0 0 0 0 0 0 0 0 0 0 1 100 0 172 0 0 0 0 729 
0 0 0 0 3 5579 590 2412 0 3542 0 0 0 0 0 7 7 124 0 0 0 0 0 0 0 0 0 0 0 0 1 0 0 124 2 0 137 0 0 0 0 0 0 0 0 0 0 0 0 0 0 0 0 0 0 0 0 0 0 0 0 0 0 0 0 0 0 0 0 0 0 0 0 0 0 0 0 0 0 0 0 0 0 
0 0 0 0 1 8215 341 364 3542 0 1540 0 0 3943 0 1770 4643 706 0 0 0 0 0 0 0 0 0 0 152 2388 2004 53 0 4785 11647 316 12201 545 0 484 0 0 0 0 0 0 0 0 2313 0 8898 1455 0 0 39 0 154 0 463 0 99 0 0 0 0 0 0 0 0 0 0 0 0 0 0 0 81 0 0 0 0 0 10072 
0 0 0 0 0 0 0 382 0 1540 0 0 0 2600 0 144 0 0 0 4 0 0 0 0 0 0 0 0 0 0 0 0 0 0 0 0 0 0 0 0 0 0 0 0 0 0 0 0 0 0 449 23 0 0 2 0 17 0 105 0 0 0 0 0 0 0 0 0 0 0 0 0 0 0 0 0 0 0 0 0 0 0 0 
324 0 251 703 0 0 3190 2268 0 0 0 0 391 0 0 0 0 0 0 0 0 0 0 0 0 0 0 0 0 0 0 0 0 30 1 30 5 0 0 0 0 0 0 1 22 0 0 118 1055 0 0 0 0 0 0 0 0 0 0 0 0 0 0 0 0 0 0 0 0 0 0 0 0 0 0 0 0 0 0 0 0 0 0 
0 0 0 0 3 16 2607 21391 0 0 0 391 0 621 549 0 0 17 0 2 0 0 0 0 0 0 0 0 0 0 0 0 0 10 226 46 235 15 0 0 0 0 0 0 0 0 0 67 2742 0 0 0 0 29 0 0 0 0 0 0 0 0 0 0 0 0 0 0 0 0 0 0 0 0 0 0 0 0 0 0 0 0 70 
0 1 0 0 3 0 2 6900 0 3943 2600 0 621 0 2113 50 26 9 0 7915 0 0 0 0 0 0 0 0 0 0 0 0 10 147 237 0 192 0 0 7 0 0 0 0 0 0 0 0 274 0 273 557 0 0 0 0 15 0 73 0 127 0 0 0 0 0 0 0 0 0 0 0 0 0 0 275 21 0 0 0 0 0 298 
9 16 0 0 194 3 27 703 0 0 0 0 549 2113 0 0 374 175 0 3808 178 12 8 16 0 0 1 0 4 5 82 415 364 881 45 0 798 0 0 514 1 0 0 0 0 0 0 0 0 0 0 0 0 0 0 3 0 0 15 0 2 178 27 22 0 0 0 0 0 2 0 0 0 0 0 254 0 7 0 0 55 0 669 
59 97 0 0 50 462 5 11 7 1770 144 0 0 50 0 0 5018 101 2 0 0 0 0 0 0 0 0 0 555 1661 74 7 0 11314 1300 0 8431 1105 0 125 0 0 0 0 0 0 0 0 1 0 0 1 0 0 1 0 0 0 134 0 1 0 0 0 0 0 0 0 0 0 0 0 0 0 0 0 0 0 0 0 0 0 1689 
0 0 0 0 0 120 0 0 7 4643 0 0 0 26 374 5018 0 2698 469 1055 0 0 0 0 0 0 0 0 101 2354 2427 595 0 3147 0 0 0 0 0 0 0 0 0 0 0 0 0 0 0 0 0 0 0 0 0 1 0 0 0 4 0 0 0 0 0 0 0 0 0 0 0 0 0 0 0 118 0 0 0 0 0 0 0 
512 490 0 0 1010 700 236 135 124 706 0 0 17 9 175 101 2698 0 7977 1779 326 90 137 71 21 4 0 0 11334 5743 2895 3126 125 5974 5148 0 4044 164 0 390 0 0 0 0 0 0 0 0 140 0 0 0 0 0 17 1 1 0 713 33 30 1 199 2739 12 0 0 0 0 0 0 0 0 0 0 477 2 39 0 0 0 0 1984 
0 0 0 0 0 0 0 0 0 0 0 0 0 0 0 2 469 7977 0 0 0 0 579 0 308 0 0 0 3932 10749 968 5 0 0 0 0 0 0 0 0 0 0 0 0 0 0 0 0 0 0 0 0 0 0 0 0 0 0 0 0 0 0 0 0 0 0 0 0 0 0 0 0 0 0 0 0 0 0 0 0 0 0 0 
63 96 0 0 326 22 45 44 0 0 4 0 2 7915 3808 0 1055 1779 0 0 559 0 0 5 0 0 0 0 306 552 1229 1114 230 1793 2813 0 1495 3 0 682 0 0 0 0 0 0 0 0 2 0 0 0 0 0 628 5 1 0 2259 2 481 221 178 223 1 0 0 0 0 0 0 0 0 0 0 355 611 1 0 0 17 0 750 
0 0 0 0 0 0 0 0 0 0 0 0 0 0 178 0 0 326 0 559 0 2471 62 907 0 282 0 0 1153 293 0 340 1 29 0 0 0 0 0 243 0 0 0 0 0 0 0 0 0 0 0 0 0 0 5 9 0 0 1845 40 1 743 2243 3300 107 0 0 0 0 0 0 0 0 0 0 297 0 19 0 0 393 0 1 
0 0 0 0 0 0 0 0 0 0 0 0 0 0 12 0 0 90 0 0 2471 0 243 1378 2 159 0 0 152 630 0 1355 3 19 0 0 0 0 0 45 0 0 0 0 0 0 0 0 0 0 0 0 0 0 0 0 0 0 14 2 0 0 398 280 59 0 0 0 0 0 0 0 0 0 0 17 0 4 0 0 60 0 0 
0 0 0 0 0 0 0 0 0 0 0 0 0 0 8 0 0 137 579 0 62 243 0 385 2027 15 0 0 7226 6686 0 1652 4 15 0 0 0 0 0 0 0 0 0 0 0 0 0 0 0 0 0 0 0 0 0 0 0 0 15 3 0 0 50 98 3 0 0 0 0 0 0 0 0 0 0 19 0 0 0 0 1 0 0 
0 0 0 0 0 0 0 0 0 0 0 0 0 0 16 0 0 71 0 5 907 1378 385 0 47 189 2 0 1075 4365 0 2654 1 7 0 0 0 0 0 195 4 0 0 0 0 0 0 0 0 0 0 0 0 0 0 0 0 0 15 6 0 1 135 169 33 0 0 0 0 0 0 0 0 0 0 22 0 2 0 0 165 0 0 
0 0 0 0 0 0 0 0 0 0 0 0 0 0 0 0 0 21 308 0 0 2 2027 47 0 45 0 18 1368 2883 0 125 0 0 0 0 0 0 0 5 0 0 0 0 0 0 0 0 0 0 0 0 0 0 0 0 0 0 0 0 0 0 0 0 0 0 0 0 0 0 0 0 0 0 0 0 0 0 0 0 0 0 0 
0 0 0 0 0 0 0 0 0 0 0 0 0 0 0 0 0 4 0 0 282 159 15 189 45 0 114 6 33 747 0 2007 0 1 0 0 0 0 0 23 212 0 0 0 0 0 0 0 0 0 0 0 0 0 0 0 0 0 0 0 0 0 4 16 1 0 0 0 0 0 0 0 0 0 0 0 0 0 0 0 0 0 0 
0 0 0 0 0 0 0 0 0 0 0 0 0 0 1 0 0 0 0 0 0 0 0 2 0 114 0 2 3 1 0 0 0 0 0 0 0 0 0 0 106 0 0 0 0 0 0 0 0 0 0 0 0 0 0 0 0 0 0 0 0 0 0 0 0 0 0 0 0 0 0 0 0 0 0 0 0 0 0 0 0 0 0 
0 0 0 0 0 0 0 0 0 0 0 0 0 0 0 0 0 0 0 0 0 0 0 0 18 6 2 0 45 0 0 1 0 11 0 0 368 94 0 40 369 0 0 0 0 0 0 0 0 0 0 0 0 0 0 0 0 0 0 0 0 0 0 0 0 0 0 0 0 0 0 0 0 0 0 0 0 0 0 0 0 0 0 
0 0 0 0 0 0 0 0 0 152 0 0 0 0 4 555 101 11334 3932 306 1153 152 7226 1075 1368 33 3 45 0 795 4 0 0 0 0 0 0 0 0 2 0 0 0 0 0 0 0 0 0 0 0 0 0 0 0 1 0 0 0 9 0 0 0 0 0 0 0 0 0 0 0 0 0 0 0 118 0 1 0 0 0 0 0 
0 0 0 0 0 0 0 0 0 2388 0 0 0 0 5 1661 2354 5743 10749 552 293 630 6686 4365 2883 747 1 0 795 0 95 518 0 0 0 0 12 0 0 398 14 0 0 0 0 0 0 0 0 0 0 0 0 0 0 0 0 0 0 5 0 0 0 0 0 0 0 0 0 0 0 0 0 0 0 87 0 2 0 0 1 0 0 
0 0 0 0 0 2 0 0 1 2004 0 0 0 0 82 74 2427 2895 968 1229 0 0 0 0 0 0 0 0 4 95 0 161 0 0 0 0 0 0 0 0 0 0 0 0 0 0 0 0 0 0 0 0 0 0 0 11 0 0 0 73 0 0 0 0 0 0 0 0 0 0 0 0 0 0 0 410 0 0 0 0 0 0 1 
0 6 0 0 24 0 468 0 0 53 0 0 0 0 415 7 595 3126 5 1114 340 1355 1652 2654 125 2007 0 1 0 518 161 0 3 571 42 1 3110 127 0 1755 222 0 0 0 0 0 0 0 0 0 0 0 0 0 0 11 0 0 5 242 4 0 0 32 0 0 0 0 0 0 0 0 0 0 0 1029 0 15 0 0 206 0 2 
0 0 0 0 0 0 0 0 0 0 0 0 0 10 364 0 0 125 0 230 1 3 4 1 0 0 0 0 0 0 0 3 0 247 0 0 0 0 0 0 0 0 0 0 0 0 0 0 0 0 0 0 0 0 0 7 0 0 0 156 1 0 0 0 0 0 0 0 0 0 0 0 1 0 0 838 0 8 0 0 2 0 3 
168 1226 1 7 5120 852 6656 338 124 4785 0 30 10 147 881 11314 3147 5974 0 1793 29 19 15 7 0 1 0 11 0 0 0 571 247 0 262 180 209 2 51 5 0 0 0 0 0 0 0 0 145 0 0 0 0 0 0 5 0 0 0 299 9 0 0 18 0 0 0 0 0 0 0 0 0 0 0 1957 12 38 0 0 18 0 3 
4 99 0 0 1206 0 1161 1562 2 11647 0 1 226 237 45 1300 0 5148 0 2813 0 0 0 0 0 0 0 0 0 0 0 42 0 262 0 2386 126 68 6 35 4 0 0 0 0 0 0 1 2320 0 34 68 0 0 20 0 356 0 3212 0 75 0 0 0 0 0 0 0 0 0 0 0 0 0 33 1284 703 116 0 0 0 0 1612 
0 0 1 0 427 0 12324 69 0 316 0 30 46 0 0 0 0 0 0 0 0 0 0 0 0 0 0 0 0 0 0 1 0 180 2386 0 62 0 80 0 0 0 0 0 0 0 0 1 694 0 0 0 0 0 0 0 16 0 52 0 0 0 0 0 0 0 0 0 0 0 0 0 0 0 2 29 15 23 0 0 0 0 100 
0 83 0 0 3516 523 5262 6905 137 12201 0 5 235 192 798 8431 0 4044 0 1495 0 0 0 0 0 0 0 368 0 12 0 3110 0 209 126 62 0 0 2 72 0 0 0 0 0 0 0 0 3833 0 0 0 0 0 0 6 0 0 0 111 1 0 0 0 0 0 0 0 0 0 0 0 1 0 1 3907 159 15 0 0 0 0 3566 
0 6 0 0 313 0 827 111 0 545 0 0 15 0 0 1105 0 164 0 3 0 0 0 0 0 0 0 94 0 0 0 127 0 2 68 0 0 0 0 19 0 0 0 0 0 0 0 0 362 0 0 0 0 0 0 0 0 0 0 0 0 0 0 0 0 0 0 0 0 0 0 0 0 0 1 0 0 3 0 0 0 0 3145 
25 0 116 5 0 0 138 0 0 0 0 0 0 0 0 0 0 0 0 0 0 0 0 0 0 0 0 0 0 0 0 0 0 51 6 80 2 0 0 0 0 0 0 0 0 0 0 0 0 0 0 0 0 0 0 0 0 0 0 0 0 0 0 0 0 0 0 0 0 0 0 0 0 0 0 0 0 0 0 0 0 0 0 
0 2 0 0 7 0 0 0 0 484 0 0 0 7 514 125 0 390 0 682 243 45 0 195 5 23 0 40 2 398 0 1755 0 5 35 0 72 19 0 0 44 0 0 0 0 0 0 0 0 0 0 0 0 0 0 0 0 0 1 0 0 3 4 4 0 0 0 0 0 0 0 0 0 0 0 22 4 0 0 0 1 0 27 
0 0 0 0 0 0 0 0 0 0 0 0 0 0 1 0 0 0 0 0 0 0 0 4 0 212 106 369 0 14 0 222 0 0 4 0 0 0 0 44 0 0 0 0 0 0 0 0 0 0 0 0 0 0 0 0 0 0 0 0 0 0 0 0 0 0 0 0 0 0 0 0 0 0 0 0 0 0 0 0 0 0 8 
0 0 3 0 0 0 199 0 0 0 0 0 0 0 0 0 0 0 0 0 0 0 0 0 0 0 0 0 0 0 0 0 0 0 0 0 0 0 0 0 0 0 1420 0 142 5062 27 5040 10 0 0 0 1180 0 0 0 0 0 0 0 0 0 0 0 0 0 0 0 1 0 0 0 1 0 1540 0 56 0 0 2 0 0 0 
0 0 0 0 0 0 0 0 0 0 0 0 0 0 0 0 0 0 0 0 0 0 0 0 0 0 0 0 0 0 0 0 0 0 0 0 0 0 0 0 0 1420 0 0 0 0 0 0 0 0 0 0 0 0 0 0 0 0 0 0 0 0 0 0 0 0 0 0 0 0 0 0 0 0 1664 0 0 0 0 0 0 0 0 
0 0 160 29 0 0 1045 0 0 0 0 1 0 0 0 0 0 0 0 0 0 0 0 0 0 0 0 0 0 0 0 0 0 0 0 0 0 0 0 0 0 0 0 0 75 0 0 0 0 0 0 0 500 0 0 0 0 0 0 0 0 0 0 0 0 0 0 0 0 0 0 0 0 0 1 0 7 0 0 0 0 0 0 
0 0 29 0 0 0 41 0 0 0 0 22 0 0 0 0 0 0 0 0 0 0 0 0 0 0 0 0 0 0 0 0 0 0 0 0 0 0 0 0 0 142 0 75 0 0 0 0 176 0 0 0 609 0 0 0 0 0 0 0 0 0 0 0 0 0 0 0 0 0 0 0 0 0 22 2 1 1 40 11 0 0 0 
0 0 0 0 0 0 0 0 0 0 0 0 0 0 0 0 0 0 0 0 0 0 0 0 0 0 0 0 0 0 0 0 0 0 0 0 0 0 0 0 0 5062 0 0 0 0 309 189 0 0 0 0 0 0 0 0 0 0 0 0 0 0 0 0 0 0 0 0 0 0 0 0 0 0 861 0 0 0 0 0 0 0 0 
0 0 0 0 0 0 0 0 0 0 0 0 0 0 0 0 0 0 0 0 0 0 0 0 0 0 0 0 0 0 0 0 0 0 0 0 0 0 0 0 0 27 0 0 0 309 0 508 1446 209 1248 0 0 0 0 0 15 2 0 0 0 0 0 0 0 0 0 0 0 0 2 0 114 0 3133 0 0 0 0 0 0 0 0 
0 0 518 35 0 0 13049 643 0 0 0 118 67 0 0 0 0 0 0 0 0 0 0 0 0 0 0 0 0 0 0 0 0 0 1 1 0 0 0 0 0 5040 0 0 0 189 508 0 3905 3444 28 0 237 220 0 0 0 0 2 456 0 0 1 268 25 24 0 0 3 0 0 0 226 0 10806 302 11827 3052 301 1 0 0 2 
0 0 54 14 3 309 15810 7835 0 2313 0 1055 2742 274 0 1 0 140 0 2 0 0 0 0 0 0 0 0 0 0 0 0 0 145 2320 694 3833 362 0 0 0 10 0 0 176 0 1446 3905 0 3952 1545 0 682 7867 5048 0 83 30 0 0 0 0 0 0 0 0 0 0 0 103 131 2 264 0 9895 3802 1583 9339 38 0 0 0 1920 
0 0 0 0 0 0 8 0 0 0 0 0 0 0 0 0 0 0 0 0 0 0 0 0 0 0 0 0 0 0 0 0 0 0 0 0 0 0 0 0 0 0 0 0 0 0 209 3444 3952 0 553 0 0 0 0 0 1 0 0 0 0 0 0 0 0 0 0 0 0 3 12 0 55 0 31 0 0 0 0 0 0 0 0 
0 0 0 0 0 0 0 152 0 8898 449 0 0 273 0 0 0 0 0 0 0 0 0 0 0 0 0 0 0 0 0 0 0 0 34 0 0 0 0 0 0 0 0 0 0 0 1248 28 1545 553 0 11 0 0 1441 0 3104 1056 11 3 109 0 0 0 0 0 0 0 0 240 393 4 1046 0 9476 19398 872 9123 0 0 328 0 1204 
0 0 0 0 0 0 0 6 0 1455 23 0 0 557 0 1 0 0 0 0 0 0 0 0 0 0 0 0 0 0 0 0 0 0 68 0 0 0 0 0 0 0 0 0 0 0 0 0 0 0 11 0 0 12 4981 0 153 0 54 0 983 0 0 0 0 0 0 0 0 0 0 0 0 0 0 36 5 0 0 0 0 0 0 
0 0 28 32 0 0 18 0 0 0 0 0 0 0 0 0 0 0 0 0 0 0 0 0 0 0 0 0 0 0 0 0 0 0 0 0 0 0 0 0 0 1180 0 500 609 0 0 237 682 0 0 0 0 36 1 0 0 0 0 0 0 0 0 0 0 0 0 0 0 0 0 0 0 0 231 3 12 0 0 0 0 0 0 
0 0 0 0 0 0 0 5 0 0 0 0 29 0 0 0 0 0 0 0 0 0 0 0 0 0 0 0 0 0 0 0 0 0 0 0 0 0 0 0 0 0 0 0 0 0 0 220 7867 0 0 12 36 0 55 0 0 0 0 0 0 0 0 0 0 0 0 0 0 0 0 0 0 0 0 0 0 0 0 0 0 0 0 
0 0 0 0 0 0 0 0 0 39 2 0 0 0 0 1 0 17 0 628 5 0 0 0 0 0 0 0 0 0 0 0 0 0 20 0 0 0 0 0 0 0 0 0 0 0 0 0 5048 0 1441 4981 1 55 0 3049 5 0 1281 0 17342 0 0 0 0 0 0 0 4 235 20 0 7 0 0 382 21 0 0 0 0 0 0 
0 0 0 0 0 0 0 1 0 0 0 0 0 0 3 0 1 1 0 5 9 0 0 0 0 0 0 0 1 0 11 11 7 5 0 0 6 0 0 0 0 0 0 0 0 0 0 0 0 0 0 0 0 0 3049 0 0 0 1428 742 6529 504 60 1929 14 0 49 0 16 146 14 1 194 0 0 2580 14 54 0 0 99 0 8 
0 0 0 0 0 0 0 0 0 154 17 0 0 15 0 0 0 1 0 1 0 0 0 0 0 0 0 0 0 0 0 0 0 0 356 16 0 0 0 0 0 0 0 0 0 0 15 0 83 1 3104 153 0 0 5 0 0 6680 2339 3891 571 0 0 0 0 0 0 0 7 1536 834 1 558 0 4081 10612 322 8634 18 0 0 0 7 
0 0 0 0 0 0 0 0 0 0 0 0 0 0 0 0 0 0 0 0 0 0 0 0 0 0 0 0 0 0 0 0 0 0 0 0 0 0 0 0 0 0 0 0 0 0 2 0 30 0 1056 0 0 0 0 0 6680 0 2672 154 0 0 0 0 0 0 0 0 0 362 2108 1331 3605 2 461 2 0 168 0 0 0 0 0 
0 0 0 0 0 0 0 0 0 463 105 0 0 73 15 134 0 713 0 2259 1845 14 15 15 0 0 0 0 0 0 0 5 0 0 3212 52 0 0 0 1 0 0 0 0 0 0 0 2 0 0 11 54 0 0 1281 1428 2339 2672 0 17810 3027 318 531 97 0 2 3 0 687 3744 374 6 3246 0 2 2770 541 25 0 0 57 0 0 
23 30 0 0 193 3 33 0 0 0 0 0 0 0 0 0 4 33 0 2 40 2 3 6 0 0 0 0 9 5 73 242 156 299 0 0 111 0 0 0 0 0 0 0 0 0 0 456 0 0 3 0 0 0 0 742 3891 154 17810 0 2174 0 0 2589 0 47 0 0 679 5044 8999 842 7176 0 100 41 2 635 0 0 9 0 1 
0 0 0 0 0 0 0 0 0 99 0 0 0 127 2 1 0 30 0 481 1 0 0 0 0 0 0 0 0 0 0 4 1 9 75 0 1 0 0 0 0 0 0 0 0 0 0 0 0 0 109 983 0 0 17342 6529 571 0 3027 2174 0 994 30 407 2 0 51 0 38 209 104 3 283 0 0 539 104 10 0 0 655 0 0 
0 0 0 0 0 0 0 0 0 0 0 0 0 0 178 0 0 1 0 221 743 0 0 1 0 0 0 0 0 0 0 0 0 0 0 0 0 0 0 3 0 0 0 0 0 0 0 0 0 0 0 0 0 0 0 504 0 0 318 0 994 0 842 650 75 0 1 0 0 0 0 0 0 0 0 0 0 0 0 0 1 0 0 
0 0 0 0 0 0 0 0 0 0 0 0 0 0 27 0 0 199 0 178 2243 398 50 135 0 4 0 0 0 0 0 0 0 0 0 0 0 0 0 4 0 0 0 0 0 0 0 1 0 0 0 0 0 0 0 60 0 0 531 0 30 842 0 759 36 2 0 0 0 0 0 0 126 0 0 1 0 30 0 0 19 0 0 
1 0 0 0 6 0 0 0 0 0 0 0 0 0 22 0 0 2739 0 223 3300 280 98 169 0 16 0 0 0 0 0 32 0 18 0 0 0 0 0 4 0 0 0 0 0 0 0 268 0 0 0 0 0 0 0 1929 0 0 97 2589 407 650 759 0 10 1674 0 1 633 1244 19 81 7279 347 197 1393 0 2764 135 0 81 0 478 
0 0 0 0 0 0 0 0 0 0 0 0 0 0 0 0 0 12 0 1 107 59 3 33 0 1 0 0 0 0 0 0 0 0 0 0 0 0 0 0 0 0 0 0 0 0 0 25 0 0 0 0 0 0 0 14 0 0 0 0 2 75 36 10 0 742 4 0 7 0 0 0 1261 0 27 7 0 562 0 0 295 0 1 
0 0 0 0 0 0 0 0 0 0 0 0 0 0 0 0 0 0 0 0 0 0 0 0 0 0 0 0 0 0 0 0 0 0 0 0 0 0 0 0 0 0 0 0 0 0 0 24 0 0 0 0 0 0 0 0 0 0 2 47 0 0 2 1674 742 0 0 37 385 662 0 1 966 5 36 0 0 1123 2 0 20 0 0 
0 0 0 0 0 0 0 0 0 0 0 0 0 0 0 0 0 0 0 0 0 0 0 0 0 0 0 0 0 0 0 0 0 0 0 0 0 0 0 0 0 0 0 0 0 0 0 0 0 0 0 0 0 0 0 49 0 0 3 0 51 1 0 0 4 0 0 0 0 0 0 0 0 0 0 0 0 0 0 0 172 0 0 
0 0 0 0 0 0 0 0 0 0 0 0 0 0 0 0 0 0 0 0 0 0 0 0 0 0 0 0 0 0 0 0 0 0 0 0 0 0 0 0 0 0 0 0 0 0 0 0 0 0 0 0 0 0 0 0 0 0 0 0 0 0 0 1 0 37 0 0 5 1 0 0 0 0 0 0 0 0 0 0 0 0 0 
0 0 0 0 0 0 0 0 0 0 0 0 0 0 0 0 0 0 0 0 0 0 0 0 0 0 0 0 0 0 0 0 0 0 0 0 0 0 0 0 0 1 0 0 0 0 0 3 0 0 0 0 0 0 4 16 7 0 687 679 38 0 0 633 7 385 0 5 0 164 0 0 118 0 3 10 0 186 8 0 136 238 0 
0 0 0 0 0 0 0 0 0 0 0 0 0 0 2 0 0 0 0 0 0 0 0 0 0 0 0 0 0 0 0 0 0 0 0 0 0 0 0 0 0 0 0 0 0 0 0 0 103 3 240 0 0 0 235 146 1536 362 3744 5044 209 0 0 1244 0 662 0 1 164 0 1321 0 313 15 280 352 0 983 0 0 0 0 12 
0 0 0 0 0 0 0 0 0 0 0 0 0 0 0 0 0 0 0 0 0 0 0 0 0 0 0 0 0 0 0 0 0 0 0 0 0 0 0 0 0 0 0 0 0 0 2 0 131 12 393 0 0 0 20 14 834 2108 374 8999 104 0 0 19 0 0 0 0 0 1321 0 208 1894 113 263 693 0 507 0 0 0 0 27 
0 0 0 0 0 0 0 0 0 0 0 0 0 0 0 0 0 0 0 0 0 0 0 0 0 0 0 0 0 0 0 0 0 0 0 0 0 0 0 0 0 0 0 0 0 0 0 0 2 0 4 0 0 0 0 1 1 1331 6 842 3 0 0 81 0 1 0 0 0 0 208 0 1275 84 44 137 0 176 0 0 0 0 3 
0 0 0 0 0 0 0 0 0 0 0 0 0 0 0 0 0 0 0 0 0 0 0 0 0 0 0 0 0 0 0 0 1 0 0 0 1 0 0 0 0 1 0 0 0 0 114 226 264 55 1046 0 0 0 7 194 558 3605 3246 7176 283 0 126 7279 1261 966 0 0 118 313 1894 1275 0 351 4168 1207 0 1358 0 0 35 0 16 
0 0 0 0 0 0 0 0 0 0 0 0 0 0 0 0 0 0 0 0 0 0 0 0 0 0 0 0 0 0 0 0 0 0 0 0 0 0 0 0 0 0 0 0 0 0 0 0 0 0 0 0 0 0 0 0 0 2 0 0 0 0 0 347 0 5 0 0 0 15 113 84 351 0 94 5 0 38 0 0 0 0 0 
0 0 12 0 0 0 329 1 0 0 0 0 0 0 0 0 0 0 0 0 0 0 0 0 0 0 0 0 0 0 0 0 0 0 33 2 1 1 0 0 0 1540 1664 1 22 861 3133 10806 9895 31 9476 0 231 0 0 0 4081 461 2 100 0 0 0 197 27 36 0 0 3 280 263 44 4168 94 0 16 636 348 0 45 0 0 13 
11 28 0 0 207 18 229 100 0 0 0 0 0 275 254 0 118 477 0 355 297 17 19 22 0 0 0 0 118 87 410 1029 838 1957 1284 29 3907 0 0 22 0 0 0 0 2 0 0 302 3802 0 19398 36 3 0 382 2580 10612 2 2770 41 539 0 1 1393 7 0 0 0 10 352 693 137 1207 5 16 0 2335 546 151 0 27 1 3682 
0 0 0 0 0 0 32 0 0 81 0 0 0 21 0 0 0 2 0 611 0 0 0 0 0 0 0 0 0 0 0 0 0 12 703 15 159 0 0 4 0 56 0 7 1 0 0 11827 1583 0 872 5 12 0 21 14 322 0 541 2 104 0 0 0 0 0 0 0 0 0 0 0 0 0 636 2335 0 59 44 7 0 0 115 
0 0 0 0 8 2 169 172 0 0 0 0 0 0 7 0 0 39 0 1 19 4 0 2 0 0 0 0 1 2 0 15 8 38 116 23 15 3 0 0 0 0 0 0 1 0 0 3052 9339 0 9123 0 0 0 0 54 8634 168 25 635 10 0 30 2764 562 1123 0 0 186 983 507 176 1358 38 348 546 59 0 2 3 79 0 724 
0 0 0 0 0 0 0 0 0 0 0 0 0 0 0 0 0 0 0 0 0 0 0 0 0 0 0 0 0 0 0 0 0 0 0 0 0 0 0 0 0 0 0 0 40 0 0 301 38 0 0 0 0 0 0 0 18 0 0 0 0 0 0 135 0 2 0 0 8 0 0 0 0 0 0 151 44 2 0 0 111 0 504 
0 0 0 0 0 0 0 0 0 0 0 0 0 0 0 0 0 0 0 0 0 0 0 0 0 0 0 0 0 0 0 0 0 0 0 0 0 0 0 0 0 2 0 0 11 0 0 1 0 0 0 0 0 0 0 0 0 0 0 0 0 0 0 0 0 0 0 0 0 0 0 0 0 0 45 0 7 3 0 0 0 0 0 
0 0 0 0 0 0 0 0 0 0 0 0 0 0 55 0 0 0 0 17 393 60 1 165 0 0 0 0 0 1 0 206 2 18 0 0 0 0 0 1 0 0 0 0 0 0 0 0 0 0 328 0 0 0 0 99 0 0 57 9 655 1 19 81 295 20 172 0 136 0 0 0 35 0 0 27 0 79 111 0 0 0 284 
0 0 0 0 0 0 0 0 0 0 0 0 0 0 0 0 0 0 0 0 0 0 0 0 0 0 0 0 0 0 0 0 0 0 0 0 0 0 0 0 0 0 0 0 0 0 0 0 0 0 0 0 0 0 0 0 0 0 0 0 0 0 0 0 0 0 0 0 238 0 0 0 0 0 0 1 0 0 0 0 0 0 43 
0 0 0 0 0 0 4 729 0 10072 0 0 70 298 669 1689 0 1984 0 750 1 0 0 0 0 0 0 0 0 0 1 2 3 3 1612 100 3566 3145 0 27 8 0 0 0 0 0 0 2 1920 0 1204 0 0 0 0 8 7 0 0 1 0 0 0 478 1 0 0 0 0 12 27 3 16 0 13 3682 115 724 504 0 284 43 0 
