0 378 0 191 1313 0 16 0 0 0 0 640 0 0 0 0 0 158 0 8 600 1175 525 0 0 0 0 113 140 29 0 64 0 1736 0 702 380 1 266 0 0 80 0 8 0 0 0 1742 2 0 0 0 154 0 0 0 0 0 0 0 0 0 0 0 0 0 0 0 0 0 0 0 0 0 0 4 0 0 0 0 0 0 0 
378 0 0 0 202 0 55 0 0 0 0 0 0 0 1 0 0 201 0 89 419 523 252 4 0 0 0 0 28 22 0 5 0 1090 1003 309 6145 427 0 0 0 0 0 0 0 0 0 0 0 0 0 0 0 0 0 0 0 0 0 0 0 0 0 0 0 0 0 0 0 0 0 0 0 0 1 144 0 9 0 0 2 1 15 
0 0 0 96 0 0 0 0 0 0 0 6 0 0 0 0 0 0 0 0 0 0 0 0 0 0 0 0 0 0 0 0 0 0 0 0 0 0 0 0 0 0 0 0 0 0 0 0 0 0 0 0 0 0 0 0 0 0 0 0 0 0 0 0 0 0 0 0 0 0 0 0 0 0 0 0 0 0 0 0 0 0 0 
191 0 96 0 0 0 1 4 0 0 0 93 0 0 1 0 0 0 0 0 0 0 0 0 0 0 0 0 0 0 0 0 0 3 14 0 4 0 0 0 0 0 0 0 0 0 0 0 0 0 3 0 0 0 0 0 0 0 0 0 0 0 0 0 0 0 0 0 0 0 0 0 0 0 0 3 0 0 0 0 0 0 18 
1313 202 0 0 0 6 1611 483 2852 38 0 0 0 0 0 0 0 0 0 0 0 0 0 0 0 0 0 0 0 0 0 0 0 1643 279 32 4712 47 0 0 0 0 0 0 0 0 0 0 0 0 0 0 0 0 0 0 0 0 0 0 0 0 0 0 0 0 0 0 0 0 0 0 0 0 0 0 0 0 0 0 0 0 65 
0 0 0 0 6 0 1828 1469 5844 2584 0 0 0 0 0 0 1585 120 304 0 0 0 0 0 0 0 0 0 0 0 0 0 0 48 0 0 0 0 0 0 0 0 0 0 0 0 0 0 0 0 0 0 0 0 0 0 0 0 0 0 0 0 0 0 0 0 0 0 0 0 0 0 0 0 0 0 0 0 0 0 0 0 0 
16 55 0 1 1611 1828 0 796 2158 0 0 4750 1696 0 4 0 0 20 0 1 1271 625 41 173 11 0 0 91 415 183 0 17 0 815 5895 11944 12288 1333 152 0 0 5 0 58 0 0 0 3342 16822 0 0 0 1173 209 0 0 0 0 0 0 0 0 0 0 0 0 0 0 0 0 0 0 0 0 0 0 0 0 0 0 0 0 268 
0 0 0 4 483 1469 796 0 973 1148 41 679 22962 6435 3 9 0 13 0 11 0 0 0 0 0 0 0 0 0 0 0 0 0 1328 14812 1045 9105 0 0 0 0 0 0 0 0 0 0 0 11018 0 35 0 0 697 248 0 0 0 0 0 0 0 0 0 0 0 0 0 0 0 0 0 0 0 0 0 0 0 0 0 0 0 0 
0 0 0 0 2852 5844 2158 973 0 2692 0 0 0 0 0 0 0 0 0 0 0 0 0 0 0 0 0 0 0 0 0 0 0 152 0 0 6 0 0 0 0 0 0 0 0 0 0 0 0 0 0 0 0 0 0 0 0 0 0 0 0 0 0 0 0 0 0 0 0 0 0 0 0 0 0 0 0 0 0 0 0 0 0 
0 0 0 0 38 2584 0 1148 2692 0 182 0 0 2235 0 647 5437 42 1165 0 0 0 0 0 0 0 0 0 0 0 0 0 0 4911 17921 885 18437 0 0 0 0 0 0 0 0 0 0 0 569 0 590 33 0 0 1770 0 80 0 204 0 19 0 0 0 0 0 0 0 0 0 0 0 0 0 0 0 0 0 0 0 0 0 1656 
0 0 0 0 0 0 0 41 0 182 0 0 1 3525 16 5 0 11 0 22 0 0 0 0 0 0 0 0 0 0 0 0 0 0 85 4 0 0 0 0 0 0 0 0 0 0 0 0 0 0 17 1 0 0 610 0 36 0 81 0 1 0 0 0 0 0 0 0 0 0 0 0 0 0 0 0 0 0 0 0 0 0 0 
640 0 6 93 0 0 4750 679 0 0 0 0 0 0 0 0 0 0 0 0 0 0 0 0 0 0 0 0 0 0 0 0 0 0 0 0 0 0 2 0 0 0 0 0 0 0 0 7 1 0 0 0 5 0 0 0 0 0 0 0 0 0 0 0 0 0 0 0 0 0 0 0 0 0 0 0 0 0 0 0 0 0 0 
0 0 0 0 0 0 1696 22962 0 0 1 0 0 44 0 0 0 0 0 1 0 0 0 0 0 0 0 0 0 0 0 0 0 0 0 0 0 0 0 0 0 0 0 0 0 0 0 0 27 0 0 0 0 2 0 0 0 0 0 0 0 0 0 0 0 0 0 0 0 0 0 0 0 0 0 0 0 0 0 0 0 0 0 
0 0 0 0 0 0 0 6435 0 2235 3525 0 44 0 91 1769 0 602 0 468 0 0 0 0 0 0 0 0 0 0 0 0 0 6 499 1 61 0 0 0 0 0 0 0 0 0 0 0 3 0 6 0 0 0 162 0 0 0 0 0 14 0 0 0 0 0 0 0 0 0 0 0 0 0 0 0 0 0 0 0 0 0 44 
0 1 0 1 0 0 4 3 0 0 16 0 0 91 0 0 0 1108 43 3841 121 40 2 260 0 102 0 0 174 169 48 112 7 56 23 0 362 4 0 40 0 0 0 0 1 0 0 0 0 0 0 0 0 0 0 4 0 0 420 617 237 70 0 11 0 0 0 0 0 6 1 0 20 0 3 3 0 74 4 0 6 5 15 
0 0 0 0 0 0 0 9 0 647 5 0 0 1769 0 0 7117 199 4172 297 0 0 0 0 0 0 0 0 30 976 333 199 9 3108 3520 10 3130 0 0 0 0 0 0 0 0 0 0 0 2 0 0 0 0 0 831 0 9 0 35 1 12 0 0 0 0 0 0 0 0 2 1 0 28 0 1 0 0 19 0 0 2 0 258 
0 0 0 0 0 1585 0 0 0 5437 0 0 0 0 0 7117 0 728 2077 2 0 0 71 0 0 0 0 0 4 466 2954 162 0 2525 0 0 40 0 0 0 0 0 0 0 0 0 0 0 0 0 0 0 0 0 0 0 0 0 0 0 0 0 0 0 0 0 0 0 0 0 0 0 0 0 0 0 0 0 0 0 0 0 0 
158 201 0 0 0 120 20 13 0 42 11 0 0 602 1108 199 728 0 6466 1025 244 2 1130 65 4 0 0 0 328 1189 341 3363 232 364 671 0 1359 0 0 0 0 0 0 0 0 0 0 0 0 0 0 0 0 0 0 5 0 0 531 4466 1 40 1 34 0 0 0 0 0 27 1 0 80 0 6 88 0 817 0 0 8 8 785 
0 0 0 0 0 304 0 0 0 1165 0 0 0 0 43 4172 2077 6466 0 4475 0 0 2069 0 323 0 0 0 971 394 22 5 0 1819 0 0 43 0 0 0 0 0 0 0 4 0 0 0 0 0 0 0 0 0 0 0 0 0 0 152 0 0 0 0 0 0 0 0 0 36 10 1 169 0 13 114 0 981 1 0 29 32 0 
8 89 0 0 0 0 1 11 0 0 22 0 1 468 3841 297 2 1025 4475 0 6 18 70 114 0 0 0 0 3907 3884 499 1319 73 251 459 0 1395 4 0 27 2 0 0 0 0 0 0 0 0 0 0 0 0 0 0 4 0 0 2164 4293 122 3 0 44 0 1 0 0 0 11 1 2 134 0 44 120 0 165 1 0 5 7 751 
600 419 0 0 0 0 1271 0 0 0 0 0 0 0 121 0 0 244 0 6 0 116 651 54 244 0 0 0 1135 94 0 301 0 1115 3 0 20 0 0 0 0 0 0 0 0 0 0 0 0 0 0 0 0 0 0 2 0 0 1933 118 219 170 0 15 0 0 0 0 0 0 0 0 0 0 0 0 0 0 0 0 0 0 0 
1175 523 0 0 0 0 625 0 0 0 0 0 0 0 40 0 0 2 0 18 116 0 169 1082 1157 0 0 0 7830 2860 11 25 0 1068 0 0 0 0 0 0 0 0 0 0 0 0 0 0 0 0 0 0 0 0 0 0 0 0 3 0 0 0 0 4 0 0 0 0 0 0 0 0 0 0 0 0 0 0 0 0 0 0 0 
525 252 0 0 0 0 41 0 0 0 0 0 0 0 2 0 71 1130 2069 70 651 169 0 223 2662 0 0 0 3423 43 0 1450 0 415 0 0 0 0 0 0 0 0 0 0 0 0 0 0 0 0 0 0 0 0 0 3 0 0 37 0 0 21 1 15 0 0 0 0 0 0 0 0 0 0 0 0 0 5 0 0 0 0 0 
0 4 0 0 0 0 173 0 0 0 0 0 0 0 260 0 0 65 0 114 54 1082 223 0 2078 0 0 0 1424 83 0 0 0 117 0 0 0 0 0 2 0 0 0 0 0 0 0 0 0 0 0 0 0 0 0 15 0 0 8 0 0 0 0 1 0 0 0 0 0 0 0 0 0 0 0 0 0 0 0 0 0 0 0 
0 0 0 0 0 0 11 0 0 0 0 0 0 0 0 0 0 4 323 0 244 1157 2662 2078 0 238 7 0 593 10 0 2 0 7 114 0 108 0 0 23 19 0 0 0 0 0 0 0 0 0 0 0 0 0 0 0 0 0 0 0 0 0 0 0 0 0 0 0 0 0 0 0 0 0 0 0 0 1 0 0 0 0 24 
0 0 0 0 0 0 0 0 0 0 0 0 0 0 102 0 0 0 0 0 0 0 0 0 238 0 5 0 154 0 0 0 0 0 6 0 1 0 0 123 0 0 0 0 0 0 0 0 0 0 0 0 0 0 0 0 0 0 0 0 0 0 0 0 0 0 0 0 0 0 0 0 0 0 0 0 0 0 0 0 0 0 0 
0 0 0 0 0 0 0 0 0 0 0 0 0 0 0 0 0 0 0 0 0 0 0 0 7 5 0 0 0 0 0 0 0 0 0 0 0 0 0 128 2 0 0 0 0 0 0 0 0 0 0 0 0 0 0 0 0 0 0 0 0 0 0 0 0 0 0 0 0 0 0 0 0 0 0 0 0 0 0 0 0 0 0 
113 0 0 0 0 0 91 0 0 0 0 0 0 0 0 0 0 0 0 0 0 0 0 0 0 0 0 0 0 0 0 0 0 791 0 0 2 0 0 0 264 0 0 0 0 0 0 0 0 0 0 0 0 0 0 0 0 0 0 0 0 0 0 0 0 0 0 0 0 0 0 0 0 0 0 0 0 0 0 0 0 0 0 
140 28 0 0 0 0 415 0 0 0 0 0 0 0 174 30 4 328 971 3907 1135 7830 3423 1424 593 154 0 0 0 417 61 19 0 1135 359 0 1233 0 0 5 472 0 0 0 0 0 0 0 0 0 0 0 0 0 0 0 0 0 9 2 9 0 0 0 0 0 0 0 0 125 70 4 224 0 10 62 0 203 1 0 30 25 55 
29 22 0 0 0 0 183 0 0 0 0 0 0 0 169 976 466 1189 394 3884 94 2860 43 83 10 0 0 0 417 0 353 127 4 1911 0 0 5 0 0 0 0 0 0 0 0 0 0 0 0 0 0 0 0 0 0 0 0 2 99 0 169 0 0 0 0 0 0 0 0 3 1 4 97 0 17 145 0 92 3 0 28 21 5 
0 0 0 0 0 0 0 0 0 0 0 0 0 0 48 333 2954 341 22 499 0 11 0 0 0 0 0 0 61 353 0 91 0 223 0 0 0 0 0 0 0 0 0 0 0 0 0 0 0 0 0 0 0 0 0 0 0 0 64 0 87 0 0 0 0 0 0 0 0 0 0 0 12 0 7 16 0 21 0 0 0 0 0 
64 5 0 0 0 0 17 0 0 0 0 0 0 0 112 199 162 3363 5 1319 301 25 1450 0 2 0 0 0 19 127 91 0 1320 3010 0 0 0 0 0 0 0 0 0 0 0 0 0 0 0 0 0 0 0 0 0 0 0 1 151 0 237 0 0 0 0 0 0 0 0 0 3 7 252 0 74 602 0 213 2 0 45 34 7 
0 0 0 0 0 0 0 0 0 0 0 0 0 0 7 9 0 232 0 73 0 0 0 0 0 0 0 0 0 4 0 1320 0 0 0 0 0 0 0 0 0 0 0 0 0 0 0 0 0 0 0 0 0 0 0 0 0 0 7 0 5 0 0 0 0 0 0 0 0 0 0 0 10 0 7 11 0 2 0 0 0 0 1 
1736 1090 0 3 1643 48 815 1328 152 4911 0 0 0 6 56 3108 2525 364 1819 251 1115 1068 415 117 7 0 0 791 1135 1911 223 3010 0 0 0 5 364 0 15 0 0 0 0 0 0 0 0 0 1 0 0 0 0 0 0 0 0 1 46 0 78 0 0 0 0 0 0 0 0 1 1 2 155 0 56 404 0 97 0 0 6 5 13 
0 1003 0 14 279 0 5895 14812 0 17921 85 0 0 499 23 3520 0 671 0 459 3 0 0 0 114 6 0 0 359 0 0 0 0 0 0 107 167 92 0 691 5 0 0 0 0 0 0 0 2171 0 28 17 0 0 1283 0 61 2 269 0 211 0 0 0 0 0 0 0 0 0 3 5 112 0 99 2678 3 301 0 0 0 0 150 
702 309 0 0 32 0 11944 1045 0 885 4 0 0 1 0 10 0 0 0 0 0 0 0 0 0 0 0 0 0 0 0 0 0 5 107 0 6 0 0 0 0 0 0 0 0 0 0 2 591 0 4 0 0 0 13 0 4 0 5 0 0 0 0 0 0 0 0 0 0 0 0 0 0 0 0 2 0 0 0 0 0 0 0 
380 6145 0 4 4712 0 12288 9105 6 18437 0 0 0 61 362 3130 40 1359 43 1395 20 0 0 0 108 1 0 2 1233 5 0 0 0 364 167 6 0 0 9 1 0 0 0 0 0 0 0 0 8 0 0 0 0 0 38 0 0 3 235 0 113 0 0 0 0 0 0 0 0 0 1 8 256 0 222 1515 0 384 0 0 15 18 3790 
1 427 0 0 47 0 1333 0 0 0 0 0 0 0 4 0 0 0 0 4 0 0 0 0 0 0 0 0 0 0 0 0 0 0 92 0 0 0 0 0 0 0 0 0 0 0 0 0 0 0 0 0 0 0 0 0 0 0 5 0 4 0 0 0 0 0 0 0 0 0 0 0 11 0 2 40 0 13 0 0 0 0 6488 
266 0 0 0 0 0 152 0 0 0 0 2 0 0 0 0 0 0 0 0 0 0 0 0 0 0 0 0 0 0 0 0 0 15 0 0 9 0 0 0 0 1 0 0 0 0 0 3 0 0 0 0 0 0 0 0 0 0 0 0 0 0 0 0 0 0 0 0 0 0 0 0 0 0 0 0 0 0 0 0 0 0 0 
0 0 0 0 0 0 0 0 0 0 0 0 0 0 40 0 0 0 0 27 0 0 0 2 23 123 128 0 5 0 0 0 0 0 691 0 1 0 0 0 2 0 0 0 0 0 0 0 0 0 0 0 0 0 0 0 0 0 40 0 17 0 0 0 0 0 0 0 0 0 0 2 38 0 46 258 0 48 0 0 0 4 196 
0 0 0 0 0 0 0 0 0 0 0 0 0 0 0 0 0 0 0 2 0 0 0 0 19 0 2 264 472 0 0 0 0 0 5 0 0 0 0 2 0 0 0 0 0 0 0 0 0 0 0 0 0 0 0 0 0 0 0 0 0 0 0 0 0 0 0 0 0 0 0 0 4 0 3 12 0 2 0 0 0 0 123 
80 0 0 0 0 0 5 0 0 0 0 0 0 0 0 0 0 0 0 0 0 0 0 0 0 0 0 0 0 0 0 0 0 0 0 0 0 0 1 0 0 0 1428 0 130 652 0 2104 0 0 0 0 1194 0 0 1 0 1 48 2 7 0 0 2 0 0 0 0 0 2 90 0 474 0 507 0 549 504 0 146 0 0 0 
0 0 0 0 0 0 0 0 0 0 0 0 0 0 0 0 0 0 0 0 0 0 0 0 0 0 0 0 0 0 0 0 0 0 0 0 0 0 0 0 0 1428 0 0 0 48 0 5 0 0 0 0 0 0 0 0 0 0 0 0 0 0 0 0 0 0 0 0 0 0 0 0 55 0 332 0 0 255 0 0 0 0 0 
8 0 0 0 0 0 58 0 0 0 0 0 0 0 0 0 0 0 0 0 0 0 0 0 0 0 0 0 0 0 0 0 0 0 0 0 0 0 0 0 0 0 0 0 30 0 0 0 0 0 0 0 330 0 0 0 0 0 0 0 0 0 0 0 0 0 0 0 0 0 0 0 0 0 0 0 0 0 0 0 0 0 0 
0 0 0 0 0 0 0 0 0 0 0 0 0 0 1 0 0 0 4 0 0 0 0 0 0 0 0 0 0 0 0 0 0 0 0 0 0 0 0 0 0 130 0 30 0 0 0 81 0 0 0 0 4 0 0 1 0 0 0 3 1 0 0 19 0 3 0 0 0 0 0 0 0 0 169 0 0 20 0 2 0 0 5 
0 0 0 0 0 0 0 0 0 0 0 0 0 0 0 0 0 0 0 0 0 0 0 0 0 0 0 0 0 0 0 0 0 0 0 0 0 0 0 0 0 652 48 0 0 0 87 105 0 505 68 0 0 0 0 0 0 1003 0 449 0 0 0 0 0 0 0 0 0 0 344 226 3 0 2945 0 0 898 0 0 0 0 0 
0 0 0 0 0 0 0 0 0 0 0 0 0 0 0 0 0 0 0 0 0 0 0 0 0 0 0 0 0 0 0 0 0 0 0 0 0 0 0 0 0 0 0 0 0 87 0 1 0 495 1456 0 0 0 0 0 0 178 0 124 0 0 0 0 0 0 0 0 0 0 712 712 0 0 9 0 0 0 0 0 0 0 0 
1742 0 0 0 0 0 3342 0 0 0 0 7 0 0 0 0 0 0 0 0 0 0 0 0 0 0 0 0 0 0 0 0 0 0 0 2 0 0 3 0 0 2104 5 0 81 105 1 0 1688 5272 675 0 413 3 0 0 2 214 72 154 4 0 0 0 0 0 0 0 0 0 192 71 1152 0 4644 1079 7757 14538 115 113 0 0 0 
2 0 0 0 0 0 16822 11018 0 569 0 1 27 3 0 2 0 0 0 0 0 0 0 0 0 0 0 0 0 0 0 0 0 1 2171 591 8 0 0 0 0 0 0 0 0 0 0 1688 0 481 880 182 4404 2798 1426 0 213 589 0 604 12 0 0 0 0 0 0 0 0 0 369 387 0 0 219 14586 1667 18013 386 0 0 0 213 
0 0 0 0 0 0 0 0 0 0 0 0 0 0 0 0 0 0 0 0 0 0 0 0 0 0 0 0 0 0 0 0 0 0 0 0 0 0 0 0 0 0 0 0 0 505 495 5272 481 0 955 0 0 0 0 0 19 379 0 75 0 0 0 0 0 0 0 0 0 0 48 57 0 0 4 0 0 919 0 0 0 0 0 
0 0 0 3 0 0 0 35 0 590 17 0 0 6 0 0 0 0 0 0 0 0 0 0 0 0 0 0 0 0 0 0 0 0 28 4 0 0 0 0 0 0 0 0 0 68 1456 675 880 955 0 1150 0 0 419 0 1363 2644 3 84 0 0 0 0 0 0 0 0 0 0 221 316 1 0 194 13938 586 22772 0 0 0 0 316 
0 0 0 0 0 0 0 0 0 33 1 0 0 0 0 0 0 0 0 0 0 0 0 0 0 0 0 0 0 0 0 0 0 0 17 0 0 0 0 0 0 0 0 0 0 0 0 0 182 0 1150 0 0 0 210 0 152 0 3 0 11 0 0 0 0 0 0 0 0 0 0 0 0 0 0 0 0 0 0 0 0 0 1 
154 0 0 0 0 0 1173 0 0 0 0 5 0 0 0 0 0 0 0 0 0 0 0 0 0 0 0 0 0 0 0 0 0 0 0 0 0 0 0 0 0 1194 0 330 4 0 0 413 4404 0 0 0 0 0 0 0 0 0 0 0 0 0 0 0 0 0 0 0 0 0 0 0 0 0 5 0 2 1 0 47 0 0 0 
0 0 0 0 0 0 209 697 0 0 0 0 2 0 0 0 0 0 0 0 0 0 0 0 0 0 0 0 0 0 0 0 0 0 0 0 0 0 0 0 0 0 0 0 0 0 0 3 2798 0 0 0 0 0 54 0 0 0 0 0 0 0 0 0 0 0 0 0 0 0 0 0 0 0 0 0 0 0 0 0 0 0 0 
0 0 0 0 0 0 0 248 0 1770 610 0 0 162 0 831 0 0 0 0 0 0 0 0 0 0 0 0 0 0 0 0 0 0 1283 13 38 0 0 0 0 0 0 0 0 0 0 0 1426 0 419 210 0 54 0 152 39 0 141 0 3663 0 0 0 0 0 0 0 0 0 0 0 0 0 0 2 0 0 0 0 0 0 67 
0 0 0 0 0 0 0 0 0 0 0 0 0 0 4 0 0 5 0 4 2 0 3 15 0 0 0 0 0 0 0 0 0 0 0 0 0 0 0 0 0 1 0 0 1 0 0 0 0 0 0 0 0 0 152 0 0 0 1032 332 2445 943 7 42 2 0 234 0 0 45 5 0 73 0 4 7 0 67 0 0 40 12 0 
0 0 0 0 0 0 0 0 0 80 36 0 0 0 0 9 0 0 0 0 0 0 0 0 0 0 0 0 0 0 0 0 0 0 61 4 0 0 0 0 0 0 0 0 0 0 0 2 213 19 1363 152 0 0 39 0 0 3410 136 211 0 0 0 0 0 0 0 0 0 0 261 166 198 0 1171 3419 37 9962 0 0 0 0 231 
0 0 0 0 0 0 0 0 0 0 0 0 0 0 0 0 0 0 0 0 0 0 0 0 0 0 0 0 0 2 0 1 0 1 2 0 3 0 0 0 0 1 0 0 0 1003 178 214 589 379 2644 0 0 0 0 0 3410 0 1310 3496 1 0 0 0 0 0 0 0 0 0 882 2346 34 0 711 0 0 564 0 0 0 0 1 
0 0 0 0 0 0 0 0 0 204 81 0 0 0 420 35 0 531 0 2164 1933 3 37 8 0 0 0 0 9 99 64 151 7 46 269 5 235 5 0 40 0 48 0 0 0 0 0 72 0 0 3 3 0 0 141 1032 136 1310 0 14167 146 183 10 18 7 0 0 0 0 903 4955 1139 2438 13 2459 3364 24 2720 3 0 23 63 228 
0 0 0 0 0 0 0 0 0 0 0 0 0 0 617 1 0 4466 152 4293 118 0 0 0 0 0 0 0 2 0 0 0 0 0 0 0 0 0 0 0 0 2 0 0 3 449 124 154 604 75 84 0 0 0 0 332 211 3496 14167 0 1617 0 0 1456 0 2250 0 0 0 1274 1408 85 242 0 361 309 0 296 0 0 3 9 0 
0 0 0 0 0 0 0 0 0 19 1 0 0 14 237 12 0 1 0 122 219 0 0 0 0 0 0 0 9 169 87 237 5 78 211 0 113 4 0 17 0 7 0 0 1 0 0 4 12 0 0 11 0 0 3663 2445 0 1 146 1617 0 138 0 0 1 0 0 0 0 141 31 8 840 0 119 1162 1 756 24 0 45 66 99 
0 0 0 0 0 0 0 0 0 0 0 0 0 0 70 0 0 40 0 3 170 0 21 0 0 0 0 0 0 0 0 0 0 0 0 0 0 0 0 0 0 0 0 0 0 0 0 0 0 0 0 0 0 0 0 943 0 0 183 0 138 0 471 146 85 0 0 0 0 0 0 0 0 0 0 0 0 0 0 0 0 0 0 
0 0 0 0 0 0 0 0 0 0 0 0 0 0 0 0 0 1 0 0 0 0 1 0 0 0 0 0 0 0 0 0 0 0 0 0 0 0 0 0 0 0 0 0 0 0 0 0 0 0 0 0 0 0 0 7 0 0 10 0 0 471 0 835 813 247 0 18 0 6 0 0 0 0 0 469 0 171 0 0 3 0 0 
0 0 0 0 0 0 0 0 0 0 0 0 0 0 11 0 0 34 0 44 15 4 15 1 0 0 0 0 0 0 0 0 0 0 0 0 0 0 0 0 0 2 0 0 19 0 0 0 0 0 0 0 0 0 0 42 0 0 18 1456 0 146 835 0 15 2326 0 64 2 5290 2242 0 2382 0 116 2143 0 1537 1 0 504 0 0 
0 0 0 0 0 0 0 0 0 0 0 0 0 0 0 0 0 0 0 0 0 0 0 0 0 0 0 0 0 0 0 0 0 0 0 0 0 0 0 0 0 0 0 0 0 0 0 0 0 0 0 0 0 0 0 2 0 0 7 0 1 85 813 15 0 394 4 81 0 103 2 0 3 0 0 3 0 59 0 0 2 0 0 
0 0 0 0 0 0 0 0 0 0 0 0 0 0 0 0 0 0 0 1 0 0 0 0 0 0 0 0 0 0 0 0 0 0 0 0 0 0 0 0 0 0 0 0 3 0 0 0 0 0 0 0 0 0 0 0 0 0 0 2250 0 0 247 2326 394 0 62 14 0 2219 163 0 41 0 23 3 0 139 0 0 3 10 0 
0 0 0 0 0 0 0 0 0 0 0 0 0 0 0 0 0 0 0 0 0 0 0 0 0 0 0 0 0 0 0 0 0 0 0 0 0 0 0 0 0 0 0 0 0 0 0 0 0 0 0 0 0 0 0 234 0 0 0 0 0 0 0 0 4 62 0 19 0 1 0 0 0 0 0 0 0 0 0 0 124 0 0 
0 0 0 0 0 0 0 0 0 0 0 0 0 0 0 0 0 0 0 0 0 0 0 0 0 0 0 0 0 0 0 0 0 0 0 0 0 0 0 0 0 0 0 0 0 0 0 0 0 0 0 0 0 0 0 0 0 0 0 0 0 0 18 64 81 14 19 0 0 0 0 0 0 0 0 0 0 2 0 0 131 1 0 
0 0 0 0 0 0 0 0 0 0 0 0 0 0 0 0 0 0 0 0 0 0 0 0 0 0 0 0 0 0 0 0 0 0 0 0 0 0 0 0 0 0 0 0 0 0 0 0 0 0 0 0 0 0 0 0 0 0 0 0 0 0 0 2 0 0 0 0 0 0 0 0 0 0 247 0 0 8 0 0 0 42 0 
0 0 0 0 0 0 0 0 0 0 0 0 0 0 6 2 0 27 36 11 0 0 0 0 0 0 0 0 125 3 0 0 0 1 0 0 0 0 0 0 0 2 0 0 0 0 0 0 0 0 0 0 0 0 0 45 0 0 903 1274 141 0 6 5290 103 2219 1 0 0 0 279 22 601 0 102 0 0 200 0 0 0 0 0 
0 0 0 0 0 0 0 0 0 0 0 0 0 0 1 1 0 1 10 1 0 0 0 0 0 0 0 0 70 1 0 3 0 1 3 0 1 0 0 0 0 90 0 0 0 344 712 192 369 48 221 0 0 0 0 5 261 882 4955 1408 31 0 0 2242 2 163 0 0 0 279 0 209 1671 0 1288 0 0 85 0 0 0 0 0 
0 0 0 0 0 0 0 0 0 0 0 0 0 0 0 0 0 0 1 2 0 0 0 0 0 0 0 0 4 4 0 7 0 2 5 0 8 0 0 2 0 0 0 0 0 226 712 71 387 57 316 0 0 0 0 0 166 2346 1139 85 8 0 0 0 0 0 0 0 0 22 209 0 461 0 1478 0 0 67 0 0 0 0 2 
0 0 0 0 0 0 0 0 0 0 0 0 0 0 20 28 0 80 169 134 0 0 0 0 0 0 0 0 224 97 12 252 10 155 112 0 256 11 0 38 4 474 55 0 0 3 0 1152 0 0 1 0 0 0 0 73 198 34 2438 242 840 0 0 2382 3 41 0 0 0 601 1671 461 0 382 1836 6 0 26 1 0 6 6 46 
0 0 0 0 0 0 0 0 0 0 0 0 0 0 0 0 0 0 0 0 0 0 0 0 0 0 0 0 0 0 0 0 0 0 0 0 0 0 0 0 0 0 0 0 0 0 0 0 0 0 0 0 0 0 0 0 0 0 13 0 0 0 0 0 0 0 0 0 0 0 0 0 382 0 0 0 0 0 0 0 0 0 0 
0 1 0 0 0 0 0 0 0 0 0 0 0 0 3 1 0 6 13 44 0 0 0 0 0 0 0 0 10 17 7 74 7 56 99 0 222 2 0 46 3 507 332 0 169 2945 9 4644 219 4 194 0 5 0 0 4 1171 711 2459 361 119 0 0 116 0 23 0 0 247 102 1288 1478 1836 0 0 34 0 165 0 2 0 0 114 
4 144 0 3 0 0 0 0 0 0 0 0 0 0 3 0 0 88 114 120 0 0 0 0 0 0 0 0 62 145 16 602 11 404 2678 2 1515 40 0 258 12 0 0 0 0 0 0 1079 14586 0 13938 0 0 0 2 7 3419 0 3364 309 1162 0 469 2143 3 3 0 0 0 0 0 0 6 0 34 0 10 275 43 0 147 91 1086 
0 0 0 0 0 0 0 0 0 0 0 0 0 0 0 0 0 0 0 0 0 0 0 0 0 0 0 0 0 0 0 0 0 0 3 0 0 0 0 0 0 549 0 0 0 0 0 7757 1667 0 586 0 2 0 0 0 37 0 24 0 1 0 0 0 0 0 0 0 0 0 0 0 0 0 0 10 0 0 133 0 0 0 1196 
0 9 0 0 0 0 0 0 0 0 0 0 0 0 74 19 0 817 981 165 0 0 5 0 1 0 0 0 203 92 21 213 2 97 301 0 384 13 0 48 2 504 255 0 20 898 0 14538 18013 919 22772 0 1 0 0 67 9962 564 2720 296 756 0 171 1537 59 139 0 2 8 200 85 67 26 0 165 275 0 0 7 0 0 0 3344 
0 0 0 0 0 0 0 0 0 0 0 0 0 0 4 0 0 0 1 1 0 0 0 0 0 0 0 0 1 3 0 2 0 0 0 0 0 0 0 0 0 0 0 0 0 0 0 115 386 0 0 0 0 0 0 0 0 0 3 0 24 0 0 1 0 0 0 0 0 0 0 0 1 0 0 43 133 7 0 0 0 0 4037 
0 0 0 0 0 0 0 0 0 0 0 0 0 0 0 0 0 0 0 0 0 0 0 0 0 0 0 0 0 0 0 0 0 0 0 0 0 0 0 0 0 146 0 0 2 0 0 113 0 0 0 0 47 0 0 0 0 0 0 0 0 0 0 0 0 0 0 0 0 0 0 0 0 0 2 0 0 0 0 0 0 0 50 
0 2 0 0 0 0 0 0 0 0 0 0 0 0 6 2 0 8 29 5 0 0 0 0 0 0 0 0 30 28 0 45 0 6 0 0 15 0 0 0 0 0 0 0 0 0 0 0 0 0 0 0 0 0 0 40 0 0 23 3 45 0 3 504 2 3 124 131 0 0 0 0 6 0 0 147 0 0 0 0 0 10 47 
0 1 0 0 0 0 0 0 0 0 0 0 0 0 5 0 0 8 32 7 0 0 0 0 0 0 0 0 25 21 0 34 0 5 0 0 18 0 0 4 0 0 0 0 0 0 0 0 0 0 0 0 0 0 0 12 0 0 63 9 66 0 0 0 0 10 0 1 42 0 0 0 6 0 0 91 0 0 0 0 10 0 6 
0 15 0 18 65 0 268 0 0 1656 0 0 0 44 15 258 0 785 0 751 0 0 0 0 24 0 0 0 55 5 0 7 1 13 150 0 3790 6488 0 196 123 0 0 0 5 0 0 0 213 0 316 1 0 0 67 0 231 1 228 0 99 0 0 0 0 0 0 0 0 0 0 2 46 0 114 1086 1196 3344 4037 50 47 6 0 
