0 3534 0 448 26 0 449 7 0 0 0 368 0 0 0 0 0 1 0 0 5 4 0 0 0 0 0 59 3 46 0 75 0 1072 0 983 29 3 204 0 0 2188 0 219 888 0 0 158 0 0 0 0 22 0 0 0 0 0 0 0 0 0 0 0 0 0 0 0 0 0 0 0 0 0 0 0 0 0 0 0 0 0 0 
3534 0 0 0 96 0 116 0 0 0 0 0 0 0 0 0 0 58 0 10 92 258 1 14 7 2 0 264 109 565 0 288 0 1679 260 177 887 136 1 2 0 0 0 0 0 0 0 40 0 0 0 0 0 0 0 13 0 0 0 0 0 0 0 0 0 0 0 0 0 0 0 0 3 0 71 5 2 20 7 0 0 0 53 
0 0 0 554 0 0 4 0 0 0 0 826 0 0 0 0 0 0 0 0 0 0 0 0 0 0 0 0 0 0 0 0 0 0 0 16 0 0 0 0 0 84 0 205 787 0 0 1033 214 0 0 0 1 0 0 0 0 0 0 0 0 0 0 0 0 0 0 0 0 0 0 0 0 0 0 0 0 0 0 0 0 0 0 
448 0 554 0 0 0 7 216 0 4 0 18 0 0 0 0 0 0 0 0 0 0 0 0 0 0 0 0 0 0 0 0 0 3 0 2 0 0 20 0 0 208 0 12 627 0 0 2 0 0 0 0 0 0 0 0 0 0 0 0 0 0 0 0 0 0 0 0 0 0 0 0 0 0 0 0 0 0 0 0 0 0 0 
26 96 0 0 0 136 325 1104 0 69 0 0 3 0 1 191 14 186 43 23 109 286 1 23 5 7 0 81 140 375 0 122 0 6533 575 301 5043 55 2 1 0 3 0 0 0 0 0 184 1742 0 0 0 0 0 0 25 0 0 0 0 0 0 1 0 0 0 0 0 0 0 1 0 22 0 194 15 14 85 18 0 0 0 290 
0 0 0 0 136 0 307 6126 2041 595 0 0 1 0 0 235 2 0 8 0 0 0 0 0 0 0 0 0 0 0 0 0 0 677 0 0 191 0 0 0 0 0 0 0 0 0 185 428 1817 1 0 0 0 0 0 0 0 0 0 0 0 0 0 0 0 0 0 0 0 0 0 0 0 0 37 1 0 64 0 0 0 0 0 
449 116 4 7 325 307 0 7544 123 32 0 2813 620 0 2 32 2 233 18 24 101 1113 12 139 45 18 0 501 414 1191 0 439 0 2384 5513 15651 9004 776 4 27 0 802 0 949 577 0 5 10550 16914 0 0 0 45 81 0 120 0 0 0 0 0 0 0 0 0 0 2 0 0 0 1 0 23 0 409 21 20 163 32 0 2 0 494 
7 0 0 216 1104 6126 7544 0 3124 8394 221 2188 20123 3519 0 45 28 0 70 0 0 0 0 0 0 0 0 0 0 37 0 0 0 1577 3687 55 2532 48 0 452 0 0 0 0 25 0 209 2190 40578 0 2388 92 0 201 421 0 0 0 0 0 0 0 0 0 0 0 0 0 0 0 0 0 0 0 622 29 1 317 1 2 0 0 2605 
0 0 0 0 0 2041 123 3124 0 1387 0 0 0 0 0 0 0 0 0 0 0 0 0 0 0 0 0 0 0 0 0 0 0 0 0 0 0 0 0 0 0 0 0 0 0 0 0 0 0 0 0 0 0 0 0 0 0 0 0 0 0 0 0 0 0 0 0 0 0 0 0 0 0 0 0 0 0 0 0 0 0 0 0 
0 0 0 4 69 595 32 8394 1387 0 2029 1 0 2736 0 3525 11017 0 3834 0 0 0 0 0 0 0 0 0 0 851 0 0 0 8381 19939 2434 5337 684 0 3228 0 0 0 0 1 0 7 11 2097 0 25133 43 0 0 17 0 1 0 0 0 0 0 0 0 0 0 0 0 0 0 0 0 0 0 0 2 174 1 0 0 0 0 9764 
0 0 0 0 0 0 0 221 0 2029 0 0 8 2283 0 503 0 22 0 28 0 0 0 0 0 0 0 0 0 0 0 0 0 0 0 0 0 0 0 0 0 0 0 0 0 0 0 0 29 0 637 2 0 0 164 35 0 0 9 0 10 0 0 0 0 0 0 0 0 0 0 0 0 0 0 0 0 0 0 0 0 0 0 
368 0 826 18 0 0 2813 2188 0 1 0 0 87 10 0 0 0 0 0 0 0 0 0 0 0 0 0 16 0 0 0 2 0 33 0 0 0 0 0 0 0 9 0 0 262 0 0 8 62 0 0 0 2 0 0 0 0 0 0 0 0 0 0 0 0 0 0 0 0 0 0 0 0 0 0 0 0 0 0 0 0 0 0 
0 0 0 0 3 1 620 20123 0 0 8 87 0 585 0 0 0 0 0 0 0 0 0 0 0 0 0 0 0 0 0 0 0 0 0 0 0 0 0 0 0 0 0 0 0 0 0 0 877 0 0 0 0 53 0 0 0 0 0 0 0 0 0 0 0 0 0 0 0 0 0 0 0 0 0 0 0 0 0 0 0 0 0 
0 0 0 0 0 0 0 3519 0 2736 2283 10 585 0 1270 736 0 113 0 3549 0 0 0 0 0 67 0 0 0 0 0 0 0 0 0 0 0 0 0 21 0 0 0 0 0 0 0 0 215 0 138 10 0 0 4 0 0 0 0 0 0 0 0 0 0 0 0 0 0 0 0 0 0 0 0 0 0 0 0 0 0 0 0 
0 0 0 0 1 0 2 0 0 0 0 0 0 1270 0 0 0 162 0 5021 90 14 2 95 80 517 1 0 0 0 5 0 0 0 0 0 2 0 0 85 0 0 0 0 0 0 0 0 0 0 0 0 0 0 0 6 0 0 480 1 147 89 0 4 0 0 0 0 0 0 21 0 31 36 0 904 0 179 9 0 0 0 92 
0 0 0 0 191 235 32 45 0 3525 503 0 0 736 0 0 5596 1140 5480 0 0 0 0 0 0 0 0 0 6 2639 0 0 0 5408 2480 510 3357 28 0 464 0 0 0 0 0 0 1 17 28 0 3075 0 0 0 86 0 16 0 1 0 0 0 0 0 0 0 0 0 0 0 0 0 0 0 0 33 186 2 0 0 0 0 240 
0 0 0 0 14 2 2 28 0 11017 0 0 0 0 0 5596 0 1025 1206 0 0 0 0 0 0 0 0 0 0 1422 2517 125 0 10727 0 0 547 0 0 0 0 0 0 0 0 0 0 5 1 0 0 0 0 0 0 0 0 0 0 0 9 0 0 0 0 0 0 0 0 0 0 0 0 0 0 14 0 0 0 0 0 0 0 
1 58 0 0 186 0 233 0 0 0 22 0 0 113 162 1140 1025 0 14164 488 140 180 3690 3 9 0 0 0 3061 4408 1102 3336 4 2515 5900 172 4367 1343 0 359 0 9 0 0 0 0 0 1203 0 0 4043 1 0 0 32 105 112 0 5428 10 1417 664 33 2587 0 0 0 0 0 1 52 0 685 0 929 2086 495 525 91 0 0 0 734 
0 0 0 0 43 8 18 70 0 3834 0 0 0 0 0 5480 1206 14164 0 6 0 445 4611 0 264 0 0 0 2051 5755 1650 1662 6 822 721 1 2861 143 0 4 0 0 0 0 0 0 3 657 4 0 0 0 0 0 0 0 0 0 0 0 0 0 0 0 0 0 0 0 0 0 0 0 7 0 367 19 55 104 14 1 0 0 85 
0 10 0 0 23 0 24 0 0 0 28 0 0 3549 5021 0 0 488 6 0 246 194 1 189 6 2113 0 0 83 53 12 180 0 192 21 0 218 2 0 17 0 0 0 0 1 0 0 793 0 0 2920 1 0 0 887 209 36 0 4284 22 1848 153 0 157 0 0 0 0 0 3 57 0 553 0 321 4525 88 414 77 1 0 0 102 
5 92 0 0 109 0 101 0 0 0 0 0 0 0 90 0 0 140 0 246 0 747 0 76 0 0 0 0 3866 1233 1 1698 0 987 0 0 6 0 0 0 0 0 0 0 0 0 0 23 1 0 0 0 0 0 0 276 0 0 1159 0 49 471 117 944 48 10 0 0 0 0 1 0 49 0 33 9 0 31 0 0 13 0 0 
4 258 0 0 286 0 1113 0 0 0 0 0 0 0 14 0 0 180 445 194 747 0 327 2266 24 0 0 0 7609 1040 16 3408 0 1168 0 0 109 0 0 0 0 0 0 0 0 0 0 84 0 0 0 0 0 0 0 243 0 0 132 0 0 54 105 489 0 0 0 0 0 0 0 0 66 0 47 7 2 8 0 0 0 0 1 
0 1 0 0 1 0 12 0 0 0 0 0 0 0 2 0 0 3690 4611 1 0 327 0 461 576 0 0 0 4130 481 32 1595 0 709 0 0 203 34 0 0 0 0 0 0 0 0 0 5 0 0 0 0 0 0 0 6 0 0 25 0 0 8 1 53 0 0 0 0 0 0 0 0 1 0 3 4 1 2 0 0 0 0 1 
0 14 0 0 23 0 139 0 0 0 0 0 0 0 95 0 0 3 0 189 76 2266 461 0 663 1 0 0 662 1 0 2 0 1 1 0 21 0 0 5 0 0 0 0 0 0 0 0 0 0 0 0 0 0 0 330 0 0 0 0 0 0 0 0 0 0 0 0 0 0 0 0 0 0 0 0 0 0 0 0 1 0 0 
0 7 0 0 5 0 45 0 0 0 0 0 0 0 80 0 0 9 264 6 0 24 576 663 0 34 0 0 261 262 18 0 0 1 14 0 49 0 0 376 0 0 0 0 0 0 0 0 0 0 0 0 0 0 0 305 0 0 0 0 0 0 0 0 0 0 3 0 0 0 0 0 0 0 0 0 0 0 0 0 13 0 0 
0 2 0 0 7 0 18 0 0 0 0 0 0 67 517 0 0 0 0 2113 0 0 0 1 34 0 300 0 69 0 0 0 0 0 2 0 35 0 0 62 0 0 0 0 0 0 0 0 0 0 0 0 0 0 0 221 0 0 0 0 0 0 0 0 0 0 0 0 0 0 0 0 0 0 0 0 0 0 0 0 4 0 0 
0 0 0 0 0 0 0 0 0 0 0 0 0 0 1 0 0 0 0 0 0 0 0 0 0 300 0 0 0 0 0 0 0 0 0 0 0 0 0 897 0 0 0 0 0 0 0 0 0 0 0 0 0 0 0 0 0 0 0 0 0 0 0 0 0 0 0 0 0 0 0 0 0 0 0 0 0 0 0 0 1 0 0 
59 264 0 0 81 0 501 0 0 0 0 16 0 0 0 0 0 0 0 0 0 0 0 0 0 0 0 0 0 0 0 9 0 328 7 83 1081 401 33 0 106 14 0 0 0 0 0 0 0 0 0 0 3 0 0 0 0 0 0 0 0 0 0 0 0 0 0 0 0 0 0 0 0 0 0 0 0 0 0 0 0 0 0 
3 109 0 0 140 0 414 0 0 0 0 0 0 0 0 6 0 3061 2051 83 3866 7609 4130 662 261 69 0 0 0 3131 11 78 0 145 61 0 1068 58 0 280 2 0 0 0 0 0 0 1 0 0 0 0 0 0 0 2 0 0 46 0 0 0 0 107 0 0 0 0 0 0 0 0 0 0 1 0 0 0 0 0 0 0 0 
46 565 0 0 375 0 1191 37 0 851 0 0 0 0 0 2639 1422 4408 5755 53 1233 1040 481 1 262 0 0 0 3131 0 194 501 0 300 0 24 623 1 3 0 0 0 0 0 0 0 0 6 0 0 0 0 0 0 0 0 0 0 1 0 0 0 0 0 0 0 0 0 0 0 0 0 6 0 9 19 0 1 0 0 0 0 0 
0 0 0 0 0 0 0 0 0 0 0 0 0 0 5 0 2517 1102 1650 12 1 16 32 0 18 0 0 0 11 194 0 82 2 0 0 0 0 0 0 0 0 0 0 0 0 0 0 0 0 0 0 0 0 0 0 0 0 0 1 1 0 0 0 0 0 0 0 0 0 0 0 0 0 0 0 962 0 5 2 0 0 0 6 
75 288 0 0 122 0 439 0 0 0 0 2 0 0 0 0 125 3336 1662 180 1698 3408 1595 2 0 0 0 9 78 501 82 0 410 2812 0 43 161 0 12 0 0 9 0 0 0 0 0 177 0 0 0 0 0 0 0 0 0 0 309 1 0 14 0 180 0 0 0 0 0 0 5 0 295 0 226 218 10 48 12 0 0 0 0 
0 0 0 0 0 0 0 0 0 0 0 0 0 0 0 0 0 4 6 0 0 0 0 0 0 0 0 0 0 0 2 410 0 238 0 0 16 0 0 0 0 0 0 0 0 0 0 0 0 0 0 0 0 0 0 0 0 0 0 0 0 0 0 0 0 0 0 0 0 0 0 0 0 0 0 1 0 0 0 0 0 0 0 
1072 1679 0 3 6533 677 2384 1577 0 8381 0 33 0 0 0 5408 10727 2515 822 192 987 1168 709 1 1 0 0 328 145 300 0 2812 238 0 0 814 175 0 131 0 0 203 0 1 0 0 130 789 291 0 0 0 17 0 0 0 0 0 241 0 0 8 0 109 0 0 0 0 0 0 29 0 642 0 526 19 23 208 18 3 0 0 0 
0 260 0 0 575 0 5513 3687 0 19939 0 0 0 0 0 2480 0 5900 721 21 0 0 0 1 14 2 0 7 61 0 0 0 0 0 0 3916 541 11 0 230 32 1 0 0 0 0 28 399 157 0 237 0 0 0 0 0 2 0 992 0 869 0 0 0 0 0 0 0 0 0 0 0 0 0 36 8250 681 79 42 0 8 0 1075 
983 177 16 2 301 0 15651 55 0 2434 0 0 0 0 0 510 0 172 1 0 0 0 0 0 0 0 0 83 0 24 0 43 0 814 3916 0 779 8 6 0 0 0 0 0 0 0 0 8 0 0 85 0 0 0 0 0 2 0 24 0 0 0 0 0 0 0 0 0 0 0 0 0 0 0 0 384 204 0 0 0 0 0 22 
29 887 0 0 5043 191 9004 2532 0 5337 0 0 0 0 2 3357 547 4367 2861 218 6 109 203 21 49 35 0 1081 1068 623 0 161 16 175 541 779 0 5 1 44 11 10 0 0 3 0 7 1575 301 0 0 0 0 0 0 5 0 0 14 1 73 0 5 0 0 1 0 0 0 0 17 0 445 0 2156 1804 117 1225 246 2 1 0 557 
3 136 0 0 55 0 776 48 0 684 0 0 0 0 0 28 0 1343 143 2 0 0 34 0 0 0 0 401 58 1 0 0 0 0 11 8 5 0 0 8 0 0 0 0 0 0 0 4 0 0 0 0 0 0 0 0 0 0 1 0 0 0 0 0 0 0 0 0 0 0 0 0 0 0 4 12 0 15 6 1 0 0 1381 
204 1 0 20 2 0 4 0 0 0 0 0 0 0 0 0 0 0 0 0 0 0 0 0 0 0 0 33 0 3 0 12 0 131 0 6 1 0 0 0 0 0 0 0 0 0 0 0 0 0 0 0 0 0 0 0 0 0 0 0 0 0 0 0 0 0 0 0 0 0 0 0 0 0 0 0 0 0 0 0 0 0 0 
0 2 0 0 1 0 27 452 0 3228 0 0 0 21 85 464 0 359 4 17 0 0 0 5 376 62 897 0 280 0 0 0 0 0 230 0 44 8 0 0 9 0 0 0 0 0 0 0 0 0 0 0 0 0 0 148 0 0 0 0 0 1 0 0 0 0 1 0 0 0 0 0 0 0 0 3 0 0 0 0 30 0 0 
0 0 0 0 0 0 0 0 0 0 0 0 0 0 0 0 0 0 0 0 0 0 0 0 0 0 0 106 2 0 0 0 0 0 32 0 11 0 0 9 0 0 0 0 0 0 0 0 0 0 0 0 0 0 0 0 0 0 0 0 0 0 0 0 0 0 0 0 0 0 0 0 0 0 0 0 0 0 0 0 0 0 0 
2188 0 84 208 3 0 802 0 0 0 0 9 0 0 0 0 0 9 0 0 0 0 0 0 0 0 0 14 0 0 0 9 0 203 1 0 10 0 0 0 0 0 1492 2 990 298 0 3247 0 0 0 0 1485 0 0 0 0 0 0 0 0 0 0 0 0 0 0 0 0 0 0 0 0 0 667 0 38 2 0 29 0 0 0 
0 0 0 0 0 0 0 0 0 0 0 0 0 0 0 0 0 0 0 0 0 0 0 0 0 0 0 0 0 0 0 0 0 0 0 0 0 0 0 0 0 1492 0 0 0 0 0 0 0 0 0 0 0 0 0 0 0 0 0 0 0 0 60 30 0 0 0 0 0 0 0 0 180 0 2506 0 3 9 0 0 0 0 0 
219 0 205 12 0 0 949 0 0 0 0 0 0 0 0 0 0 0 0 0 0 0 0 0 0 0 0 0 0 0 0 0 0 1 0 0 0 0 0 0 0 2 0 0 480 0 0 0 0 0 0 0 1 0 0 0 0 0 0 0 0 0 0 0 0 0 0 0 0 0 0 0 0 0 103 0 21 0 0 0 0 0 0 
888 0 787 627 0 0 577 25 0 1 0 262 0 0 0 0 0 0 0 1 0 0 0 0 0 0 0 0 0 0 0 0 0 0 0 0 3 0 0 0 0 990 0 480 0 0 0 2 183 0 137 0 426 0 0 0 0 0 0 0 0 0 0 0 0 0 0 0 0 0 0 0 0 0 9 3 7 0 0 3 1 0 0 
0 0 0 0 0 0 0 0 0 0 0 0 0 0 0 0 0 0 0 0 0 0 0 0 0 0 0 0 0 0 0 0 0 0 0 0 0 0 0 0 0 298 0 0 0 0 120 0 0 0 0 0 0 0 0 0 0 0 0 0 0 0 0 1 0 0 0 0 0 0 0 0 6 0 8693 0 15 6 0 0 0 0 0 
0 0 0 0 0 185 5 209 0 7 0 0 0 0 0 1 0 0 3 0 0 0 0 0 0 0 0 0 0 0 0 0 0 130 28 0 7 0 0 0 0 0 0 0 0 120 0 78 7040 9016 6704 0 0 0 0 0 284 2214 2 0 0 0 0 0 0 0 0 0 0 1 5894 2627 401 0 1751 0 0 24 0 0 0 0 1 
158 40 1033 2 184 428 10550 2190 0 11 0 8 0 0 0 17 5 1203 657 793 23 84 5 0 0 0 0 0 1 6 0 177 0 789 399 8 1575 4 0 0 0 3247 0 0 2 0 78 0 7411 1085 0 0 32 0 0 0 0 0 78 0 0 5 2351 1726 36 0 0 0 34 0 0 0 2698 0 14050 546 10939 9575 421 0 0 0 108 
0 0 214 0 1742 1817 16914 40578 0 2097 29 62 877 215 0 28 1 0 4 0 1 0 0 0 0 0 0 0 0 0 0 0 0 291 157 0 301 0 0 0 0 0 0 0 183 0 7040 7411 0 1085 518 164 2102 9032 6688 0 0 0 0 0 0 0 0 0 0 0 0 0 1 0 0 0 0 0 4494 4358 624 7675 339 35 0 0 4749 
0 0 0 0 0 1 0 0 0 0 0 0 0 0 0 0 0 0 0 0 0 0 0 0 0 0 0 0 0 0 0 0 0 0 0 0 0 0 0 0 0 0 0 0 0 0 9016 1085 1085 0 3221 0 0 0 0 0 0 4 0 0 0 0 0 0 0 0 0 0 0 0 0 0 0 0 8 0 0 1 0 0 0 0 0 
0 0 0 0 0 0 0 2388 0 25133 637 0 0 138 0 3075 0 4043 0 2920 0 0 0 0 0 0 0 0 0 0 0 0 0 0 237 85 0 0 0 0 0 0 0 0 137 0 6704 0 518 3221 0 1780 0 0 6280 0 6787 3074 0 0 0 0 0 0 0 0 0 0 0 0 1934 290 258 0 3611 26955 2992 6179 299 1 0 0 11405 
0 0 0 0 0 0 0 92 0 43 2 0 0 10 0 0 0 1 0 1 0 0 0 0 0 0 0 0 0 0 0 0 0 0 0 0 0 0 0 0 0 0 0 0 0 0 0 0 164 0 1780 0 0 0 1017 2 835 0 0 0 0 0 0 0 0 0 0 0 0 0 0 0 0 0 0 0 0 0 0 0 0 0 0 
22 0 1 0 0 0 45 0 0 0 0 2 0 0 0 0 0 0 0 0 0 0 0 0 0 0 0 3 0 0 0 0 0 17 0 0 0 0 0 0 0 1485 0 1 426 0 0 32 2102 0 0 0 0 48 0 0 0 0 0 0 0 0 0 0 0 0 0 0 0 0 0 0 0 0 35 0 0 0 0 0 0 0 0 
0 0 0 0 0 0 81 201 0 0 0 0 53 0 0 0 0 0 0 0 0 0 0 0 0 0 0 0 0 0 0 0 0 0 0 0 0 0 0 0 0 0 0 0 0 0 0 0 9032 0 0 0 48 0 609 0 0 0 0 0 0 0 0 0 0 0 0 0 0 0 0 0 0 0 0 0 0 0 0 0 0 0 0 
0 0 0 0 0 0 0 421 0 17 164 0 0 4 0 86 0 32 0 887 0 0 0 0 0 0 0 0 0 0 0 0 0 0 0 0 0 0 0 0 0 0 0 0 0 0 0 0 6688 0 6280 1017 0 609 0 1140 3512 0 1204 0 4770 3 1 0 0 0 4 0 0 0 17 1 29 112 1 1 0 87 3 0 26 0 6 
0 13 0 0 25 0 120 0 0 0 35 0 0 0 6 0 0 105 0 209 276 243 6 330 305 221 0 0 2 0 0 0 0 0 0 0 5 0 0 148 0 0 0 0 0 0 0 0 0 0 0 2 0 0 1140 0 0 27 500 0 3343 2623 290 128 66 4 394 0 0 67 1982 139 1054 1462 1 1187 0 1226 105 0 13 0 687 
0 0 0 0 0 0 0 0 0 1 0 0 0 0 0 16 0 112 0 36 0 0 0 0 0 0 0 0 0 0 0 0 0 0 2 2 0 0 0 0 0 0 0 0 0 0 284 0 0 0 6787 835 0 0 3512 0 0 6915 54 392 11 0 0 0 0 0 0 0 0 0 2865 352 38 0 1665 742 0 11381 722 0 0 0 3656 
0 0 0 0 0 0 0 0 0 0 0 0 0 0 0 0 0 0 0 0 0 0 0 0 0 0 0 0 0 0 0 0 0 0 0 0 0 0 0 0 0 0 0 0 0 0 2214 0 0 4 3074 0 0 0 0 27 6915 0 2300 144 16 0 0 0 0 0 0 0 0 0 2684 2336 5097 0 375 0 0 923 0 0 0 0 0 
0 0 0 0 0 0 0 0 0 0 9 0 0 0 480 1 0 5428 0 4284 1159 132 25 0 0 0 0 0 46 1 1 309 0 241 992 24 14 1 0 0 0 0 0 0 0 0 2 78 0 0 0 0 0 0 1204 500 54 2300 0 17544 282 822 164 2042 53 4201 2 0 0 4627 11526 941 2001 374 327 3122 20 6263 313 0 0 0 795 
0 0 0 0 0 0 0 0 0 0 0 0 0 0 1 0 0 10 0 22 0 0 0 0 0 0 0 0 0 0 1 1 0 0 0 0 1 0 0 0 0 0 0 0 0 0 0 0 0 0 0 0 0 0 0 0 392 144 17544 0 0 0 0 2586 0 857 0 0 0 4501 7597 2023 1034 47 154 820 0 2791 7 0 0 0 400 
0 0 0 0 0 0 0 0 0 0 10 0 0 0 147 0 9 1417 0 1848 49 0 0 0 0 0 0 0 0 0 0 0 0 0 869 0 73 0 0 0 0 0 0 0 0 0 0 0 0 0 0 0 0 0 4770 3343 11 16 282 0 0 427 0 0 34 0 144 0 0 204 2265 100 314 687 7 948 0 1093 144 0 195 0 716 
0 0 0 0 0 0 0 0 0 0 0 0 0 0 89 0 0 664 0 153 471 54 8 0 0 0 0 0 0 0 0 14 0 8 0 0 0 0 0 1 0 0 0 0 0 0 0 5 0 0 0 0 0 0 3 2623 0 0 822 0 427 0 1160 6 906 33 0 0 0 1 0 0 1 0 155 18 0 76 0 0 34 0 0 
0 0 0 0 1 0 0 0 0 0 0 0 0 0 0 0 0 33 0 0 117 105 1 0 0 0 0 0 0 0 0 0 0 0 0 0 5 0 0 0 0 0 60 0 0 0 0 2351 0 0 0 0 0 0 1 290 0 0 164 0 0 1160 0 5 1078 977 0 0 4 439 171 0 1220 0 1800 229 26 450 0 0 128 0 0 
0 0 0 0 0 0 0 0 0 0 0 0 0 0 4 0 0 2587 0 157 944 489 53 0 0 0 0 0 107 0 0 180 0 109 0 0 0 0 0 0 0 0 30 0 0 1 0 1726 0 0 0 0 0 0 0 128 0 0 2042 2586 0 6 5 0 295 1285 0 0 30 4639 3250 0 5628 0 713 6 12 29 0 0 1 0 0 
0 0 0 0 0 0 0 0 0 0 0 0 0 0 0 0 0 0 0 0 48 0 0 0 0 0 0 0 0 0 0 0 0 0 0 0 0 0 0 0 0 0 0 0 0 0 0 36 0 0 0 0 0 0 0 66 0 0 53 0 34 906 1078 295 0 617 0 0 18 310 3 0 179 0 876 70 0 89 0 0 9 0 0 
0 0 0 0 0 0 0 0 0 0 0 0 0 0 0 0 0 0 0 0 10 0 0 0 0 0 0 0 0 0 0 0 0 0 0 0 1 0 0 0 0 0 0 0 0 0 0 0 0 0 0 0 0 0 0 4 0 0 4201 857 0 33 977 1285 617 0 9 0 1 1462 235 0 121 0 2 332 0 393 1 0 141 0 0 
0 0 0 0 0 0 2 0 0 0 0 0 0 0 0 0 0 0 0 0 0 0 0 0 3 0 0 0 0 0 0 0 0 0 0 0 0 0 0 1 0 0 0 0 0 0 0 0 0 0 0 0 0 0 4 394 0 0 2 0 144 0 0 0 0 9 0 50 0 0 0 0 0 0 0 0 0 0 0 0 446 0 0 
0 0 0 0 0 0 0 0 0 0 0 0 0 0 0 0 0 0 0 0 0 0 0 0 0 0 0 0 0 0 0 0 0 0 0 0 0 0 0 0 0 0 0 0 0 0 0 0 0 0 0 0 0 0 0 0 0 0 0 0 0 0 0 0 0 0 50 0 1 0 0 0 0 0 0 0 0 2 0 0 949 11 0 
0 0 0 0 0 0 0 0 0 0 0 0 0 0 0 0 0 0 0 0 0 0 0 0 0 0 0 0 0 0 0 0 0 0 0 0 0 0 0 0 0 0 0 0 0 0 0 34 1 0 0 0 0 0 0 0 0 0 0 0 0 0 4 30 18 1 0 1 0 2 0 0 0 0 323 19 37 719 11 0 136 18 0 
0 0 0 0 0 0 0 0 0 0 0 0 0 0 0 0 0 1 0 3 0 0 0 0 0 0 0 0 0 0 0 0 0 0 0 0 0 0 0 0 0 0 0 0 0 0 1 0 0 0 0 0 0 0 0 67 0 0 4627 4501 204 1 439 4639 310 1462 0 0 2 0 376 1 27 0 0 111 0 218 0 0 18 0 0 
0 0 0 0 1 0 1 0 0 0 0 0 0 0 21 0 0 52 0 57 1 0 0 0 0 0 0 0 0 0 0 5 0 29 0 0 17 0 0 0 0 0 0 0 0 0 5894 0 0 0 1934 0 0 0 17 1982 2865 2684 11526 7597 2265 0 171 3250 3 235 0 0 0 376 0 522 953 0 1030 0 0 5575 0 0 0 0 0 
0 0 0 0 0 0 0 0 0 0 0 0 0 0 0 0 0 0 0 0 0 0 0 0 0 0 0 0 0 0 0 0 0 0 0 0 0 0 0 0 0 0 0 0 0 0 2627 0 0 0 290 0 0 0 1 139 352 2336 941 2023 100 0 0 0 0 0 0 0 0 1 522 0 497 0 639 0 0 1624 0 0 0 0 0 
0 3 0 0 22 0 23 0 0 0 0 0 0 0 31 0 0 685 7 553 49 66 1 0 0 0 0 0 0 6 0 295 0 642 0 0 445 0 0 0 0 0 180 0 0 6 401 2698 0 0 258 0 0 0 29 1054 38 5097 2001 1034 314 1 1220 5628 179 121 0 0 0 27 953 497 0 6 756 0 13 86 0 0 0 0 0 
0 0 0 0 0 0 0 0 0 0 0 0 0 0 36 0 0 0 0 0 0 0 0 0 0 0 0 0 0 0 0 0 0 0 0 0 0 0 0 0 0 0 0 0 0 0 0 0 0 0 0 0 0 0 112 1462 0 0 374 47 687 0 0 0 0 0 0 0 0 0 0 0 6 0 50 0 0 0 0 0 0 0 0 
0 71 0 0 194 37 409 622 0 0 0 0 0 0 0 0 0 929 367 321 33 47 3 0 0 0 0 0 1 9 0 226 0 526 36 0 2156 4 0 0 0 667 2506 103 9 8693 1751 14050 4494 8 3611 0 35 0 1 1 1665 375 327 154 7 155 1800 713 876 2 0 0 323 0 1030 639 756 50 0 15 669 112 8 11 0 0 3 
0 5 0 0 15 1 21 29 0 2 0 0 0 0 904 33 14 2086 19 4525 9 7 4 0 0 0 0 0 0 19 962 218 1 19 8250 384 1804 12 0 3 0 0 0 0 3 0 0 546 4358 0 26955 0 0 0 1 1187 742 0 3122 820 948 18 229 6 70 332 0 0 19 111 0 0 0 0 15 0 1340 170 214 0 17 75 2225 
0 2 0 0 14 0 20 1 0 174 0 0 0 0 0 186 0 495 55 88 0 2 1 0 0 0 0 0 0 0 0 10 0 23 681 204 117 0 0 0 0 38 3 21 7 15 0 10939 624 0 2992 0 0 0 0 0 0 0 20 0 0 0 26 12 0 0 0 0 37 0 0 0 13 0 669 1340 0 600 23 16 0 0 549 
0 20 0 0 85 64 163 317 0 1 0 0 0 0 179 2 0 525 104 414 31 8 2 0 0 0 0 0 0 1 5 48 0 208 79 0 1225 15 0 0 0 2 9 0 0 6 24 9575 7675 1 6179 0 0 0 87 1226 11381 923 6263 2791 1093 76 450 29 89 393 0 2 719 218 5575 1624 86 0 112 170 600 0 16 3 1 0 608 
0 7 0 0 18 0 32 1 0 0 0 0 0 0 9 0 0 91 14 77 0 0 0 0 0 0 0 0 0 0 2 12 0 18 42 0 246 6 0 0 0 0 0 0 0 0 0 421 339 0 299 0 0 0 3 105 722 0 313 7 144 0 0 0 0 1 0 0 11 0 0 0 0 0 8 214 23 16 0 0 0 0 1490 
0 0 0 0 0 0 0 2 0 0 0 0 0 0 0 0 0 0 1 1 0 0 0 0 0 0 0 0 0 0 0 0 0 3 0 0 2 1 0 0 0 29 0 0 3 0 0 0 35 0 1 0 0 0 0 0 0 0 0 0 0 0 0 0 0 0 0 0 0 0 0 0 0 0 11 0 16 3 0 0 0 0 0 
0 0 0 0 0 0 2 0 0 0 0 0 0 0 0 0 0 0 0 0 13 0 0 1 13 4 1 0 0 0 0 0 0 0 8 0 1 0 0 30 0 0 0 0 1 0 0 0 0 0 0 0 0 0 26 13 0 0 0 0 195 34 128 1 9 141 446 949 136 18 0 0 0 0 0 17 0 1 0 0 0 0 50 
0 0 0 0 0 0 0 0 0 0 0 0 0 0 0 0 0 0 0 0 0 0 0 0 0 0 0 0 0 0 0 0 0 0 0 0 0 0 0 0 0 0 0 0 0 0 0 0 0 0 0 0 0 0 0 0 0 0 0 0 0 0 0 0 0 0 0 11 18 0 0 0 0 0 0 75 0 0 0 0 0 0 0 
0 53 0 0 290 0 494 2605 0 9764 0 0 0 0 92 240 0 734 85 102 0 1 1 0 0 0 0 0 0 0 6 0 0 0 1075 22 557 1381 0 0 0 0 0 0 0 0 1 108 4749 0 11405 0 0 0 6 687 3656 0 795 400 716 0 0 0 0 0 0 0 0 0 0 0 0 0 3 2225 549 608 1490 0 50 0 0 
