0 714 0 37 129 0 229 0 0 0 0 1572 0 0 0 0 0 0 0 0 0 0 0 0 0 0 0 9 0 0 0 1146 0 1455 0 281 212 0 112 0 0 158 0 0 0 0 0 237 0 0 0 0 0 0 0 0 0 0 0 0 0 0 0 0 0 0 0 0 0 0 0 0 0 0 9 0 1 4 0 2 0 0 0 
714 0 0 0 145 0 83 0 0 4 0 0 0 0 0 4 0 25 0 104 0 0 0 0 0 0 0 3 0 0 0 1368 0 3534 0 260 1823 13 0 0 0 144 0 0 0 0 0 37 0 0 0 0 0 0 0 1 0 0 332 3 27 0 0 0 0 33 0 0 0 0 0 0 0 0 50 0 0 49 0 0 13 0 0 
0 0 0 47 0 0 0 0 0 0 0 3 0 0 0 0 0 0 0 0 0 0 0 0 0 0 0 0 0 0 0 0 0 0 0 0 0 0 0 0 0 0 0 0 0 0 0 0 0 0 0 0 0 0 0 0 0 0 0 0 0 0 0 0 0 0 0 0 0 0 0 0 0 0 0 0 0 0 0 0 0 0 0 
37 0 47 0 0 0 66 0 0 0 0 0 0 0 0 0 0 0 0 0 0 0 0 0 0 0 0 0 0 0 0 0 0 2 0 0 0 0 1 0 1 0 0 0 0 0 0 0 0 0 0 0 0 0 0 0 0 0 0 0 0 0 0 0 0 0 0 0 0 0 0 0 0 0 0 0 0 0 0 0 0 0 0 
129 145 0 0 0 7 229 265 1002 62 0 0 0 0 0 0 0 64 0 61 0 0 0 0 0 0 0 0 17 10 0 1 0 2156 0 0 8 0 0 0 0 0 0 0 0 0 0 0 0 0 0 0 0 0 0 0 0 0 0 0 0 0 0 0 0 0 0 0 0 0 0 0 0 0 0 0 0 0 0 0 0 0 0 
0 0 0 0 7 0 57 3861 3243 1678 0 0 0 0 0 26 45 0 0 0 0 0 0 0 0 0 0 0 1871 1563 705 618 0 52 0 0 0 0 0 0 0 0 0 0 0 0 0 0 0 0 0 0 0 0 0 0 0 0 0 0 0 0 0 0 0 0 0 0 0 0 0 0 0 0 0 0 0 0 0 0 0 0 0 
229 83 0 66 229 57 0 1687 4096 124 0 5416 1807 0 2 13 0 878 0 920 0 0 0 0 0 0 0 140 91 99 0 3156 0 2432 20 12247 5560 304 32 0 0 642 0 194 0 0 0 10953 915 0 0 0 219 0 0 7 0 0 662 25 183 0 0 0 0 288 0 0 1 0 0 0 0 0 268 1 0 206 0 0 112 0 111 
0 0 0 0 265 3861 1687 0 313 800 65 1092 13444 4604 67 1 0 0 0 97 0 0 0 0 0 0 0 0 0 0 0 0 0 4945 14052 6448 9582 332 0 24 0 0 0 0 0 0 0 1298 32765 0 0 269 0 461 211 0 0 0 0 0 0 0 0 0 0 0 0 0 0 0 0 0 0 0 0 3 12 0 0 0 0 0 5837 
0 0 0 0 1002 3243 4096 313 0 2774 0 0 0 0 0 0 0 0 0 0 0 0 0 0 0 0 0 0 8 12 0 0 0 1068 154 85 801 40 0 0 0 0 0 0 0 0 0 45 330 0 0 0 0 0 0 0 0 0 0 0 0 0 0 0 0 0 0 0 0 0 0 0 0 0 0 0 0 0 0 0 0 0 665 
0 4 0 0 62 1678 124 800 2774 0 1459 0 0 1503 0 2053 3374 1 442 0 0 0 0 0 0 0 0 0 3044 7294 2984 1815 0 10757 20117 640 9191 913 0 445 0 0 0 0 0 0 0 0 197 0 13 1531 0 0 0 0 3 0 2 0 0 0 0 0 0 0 0 0 0 0 0 0 0 0 0 44 14 0 0 0 0 0 10201 
0 0 0 0 0 0 0 65 0 1459 0 0 0 3376 0 4 0 5 0 4 0 0 0 0 0 0 0 0 0 0 0 0 0 0 73 3 0 0 0 0 0 0 0 0 0 0 0 0 1309 0 0 83 0 90 203 0 6 0 3 0 0 0 0 0 0 0 0 0 0 0 0 0 0 0 0 9 0 0 0 0 0 0 0 
1572 0 3 0 0 0 5416 1092 0 0 0 0 0 0 0 0 0 0 0 0 0 0 0 0 0 0 0 0 0 0 0 0 0 0 0 154 0 0 146 0 0 294 0 5 1 0 0 460 0 0 0 0 0 0 0 0 0 0 0 0 0 0 0 0 0 5 0 0 2 0 0 0 2 0 14 0 7 0 0 14 0 0 0 
0 0 0 0 0 0 1807 13444 0 0 0 0 0 74 365 0 0 0 0 54 0 0 0 0 0 0 0 0 0 0 0 0 0 0 0 0 0 0 0 0 0 0 0 0 0 0 0 604 824 0 0 0 8 1 0 0 0 0 0 0 0 0 0 0 0 0 0 0 0 0 0 0 0 0 0 0 0 0 0 0 0 0 0 
0 0 0 0 0 0 0 4604 0 1503 3376 0 74 0 1307 194 0 13 0 675 0 0 0 2 0 0 0 0 0 0 0 0 0 0 20 10 0 0 0 0 0 0 0 0 0 0 0 0 84 0 0 67 0 0 0 2 0 0 0 0 5 0 0 0 0 0 0 0 0 0 0 0 0 0 0 0 0 0 0 0 0 0 0 
0 0 0 0 0 0 2 67 0 0 0 0 365 1307 0 0 0 473 0 7670 655 0 9 34 0 206 6 0 0 4 0 3 0 1 0 0 100 0 0 9 0 2 0 0 0 0 0 0 0 0 0 0 0 0 0 0 0 0 66 0 246 0 0 1 0 20 0 0 0 0 0 0 0 0 0 0 0 33 3 0 9 0 19 
0 4 0 0 0 26 13 1 0 2053 4 0 0 194 0 0 9928 1927 165 65 0 0 0 0 0 0 0 0 641 667 128 981 0 9218 3598 30 3933 18 0 35 0 0 0 0 0 0 0 0 0 0 71 73 0 0 0 0 99 0 556 0 71 0 0 0 0 0 0 0 0 0 0 0 0 0 0 130 3 0 0 0 0 0 1441 
0 0 0 0 0 45 0 0 0 3374 0 0 0 0 0 9928 0 2875 2672 0 0 0 0 0 0 0 0 0 75 3827 1670 909 1 1260 0 0 0 0 0 0 0 0 0 0 0 0 0 0 0 0 0 0 0 0 0 0 0 0 0 0 0 0 0 0 0 0 0 0 0 0 0 0 0 0 0 0 0 0 0 0 0 0 0 
0 25 0 0 64 0 878 0 0 1 5 0 0 13 473 1927 2875 0 4614 350 35 298 262 1 72 1 0 0 3160 13169 4394 11182 11 3159 572 0 4419 16 0 0 0 119 0 0 0 0 0 203 0 0 0 0 0 0 0 103 0 0 13611 14 709 277 0 2801 0 7 0 0 1 72 133 0 604 0 596 330 0 295 96 0 1 31 357 
0 0 0 0 0 0 0 0 0 442 0 0 0 0 0 165 2672 4614 0 0 0 0 1855 0 830 0 0 0 6373 10176 1365 0 0 0 0 0 0 0 0 0 0 0 0 0 0 0 0 0 0 0 0 0 0 0 0 0 0 0 0 0 0 0 0 0 0 0 0 0 0 0 0 0 0 0 0 0 0 0 0 0 0 0 0 
0 104 0 0 61 0 920 97 0 0 4 0 54 675 7670 65 0 350 0 0 242 4 0 63 0 102 3 0 0 563 22 2927 0 22 0 0 1977 23 0 125 0 265 0 0 1 0 0 154 0 0 0 0 0 0 16 634 0 0 13039 609 3394 10 0 67 1 144 0 0 6 1 0 0 1 0 5 232 0 339 102 0 20 24 14 
0 0 0 0 0 0 0 0 0 0 0 0 0 0 655 0 0 35 0 242 0 733 70 1475 0 0 0 0 2 0 0 0 0 0 0 0 0 0 0 0 0 0 0 0 0 0 0 0 0 0 0 0 0 0 0 2 0 0 657 0 11 3 0 561 79 0 0 0 0 18 33 0 42 0 21 0 0 0 0 0 0 0 0 
0 0 0 0 0 0 0 0 0 0 0 0 0 0 0 0 0 298 0 4 733 0 330 1668 641 2 0 0 969 409 0 2 0 0 0 0 0 0 0 0 0 0 0 0 0 0 0 0 0 0 0 0 0 0 0 0 0 0 0 0 0 0 10 0 2 0 0 0 0 0 0 0 0 0 0 0 0 0 0 0 0 0 0 
0 0 0 0 0 0 0 0 0 0 0 0 0 0 9 0 0 262 1855 0 70 330 0 264 5348 1 0 0 12060 6508 0 58 0 0 0 0 0 0 0 0 0 0 4 0 0 0 0 74 0 0 0 0 0 0 0 0 0 0 751 0 0 0 1 1636 0 0 0 0 0 140 155 0 299 0 609 0 0 0 0 0 0 0 0 
0 0 0 0 0 0 0 0 0 0 0 0 0 2 34 0 0 1 0 63 1475 1668 264 0 251 148 0 0 941 26 0 0 0 0 0 0 0 0 0 1 0 0 0 0 0 0 0 0 0 0 0 0 0 0 0 0 0 0 0 0 0 0 3 0 11 0 0 0 0 0 0 0 0 0 0 0 0 0 0 0 0 0 0 
0 0 0 0 0 0 0 0 0 0 0 0 0 0 0 0 0 72 830 0 0 641 5348 251 0 44 1 0 560 0 0 0 0 0 11 0 0 0 0 4 0 0 0 0 0 0 0 0 0 0 0 0 0 0 0 0 0 0 0 0 0 0 0 0 0 0 0 0 0 0 0 0 0 0 0 0 0 0 0 0 0 0 0 
0 0 0 0 0 0 0 0 0 0 0 0 0 0 206 0 0 1 0 102 0 2 1 148 44 0 2 0 139 0 0 0 0 0 0 0 0 0 0 76 0 0 0 0 0 0 0 0 0 0 0 0 0 0 0 0 0 0 0 0 0 0 0 0 0 1 7 0 0 0 0 0 0 0 0 0 0 0 0 0 1 0 0 
0 0 0 0 0 0 0 0 0 0 0 0 0 0 6 0 0 0 0 3 0 0 0 0 1 2 0 0 0 0 0 0 0 0 0 0 0 0 0 73 0 0 0 0 0 0 0 0 0 0 0 0 0 0 0 0 0 0 0 0 0 0 0 0 0 0 0 0 0 0 0 0 0 0 0 0 0 0 0 0 0 0 0 
9 3 0 0 0 0 140 0 0 0 0 0 0 0 0 0 0 0 0 0 0 0 0 0 0 0 0 0 0 0 0 0 0 0 0 0 460 21 0 25 146 0 0 0 0 0 0 0 0 0 0 0 0 0 0 0 0 0 0 0 0 0 0 0 0 0 0 0 0 0 0 0 0 0 0 0 0 0 0 0 0 0 0 
0 0 0 0 17 1871 91 0 8 3044 0 0 0 0 0 641 75 3160 6373 0 2 969 12060 941 560 139 0 0 0 145 2 0 0 126 157 0 1006 7 0 215 81 7 3 0 0 0 0 23 0 0 0 0 0 0 0 0 0 0 10 0 0 0 0 19 0 0 0 0 0 11 22 0 43 0 176 0 0 4 0 0 0 0 0 
0 0 0 0 10 1563 99 0 12 7294 0 0 0 0 4 667 3827 13169 10176 563 0 409 6508 26 0 0 0 0 145 0 556 35 0 40 262 0 1037 0 0 178 0 358 7 0 0 0 0 610 0 0 0 0 0 0 0 19 0 0 874 48 316 0 0 242 0 44 0 0 1 14 61 0 272 0 2039 2 0 431 0 0 59 0 0 
0 0 0 0 0 705 0 0 0 2984 0 0 0 0 0 128 1670 4394 1365 22 0 0 0 0 0 0 0 0 2 556 0 2 0 109 0 0 0 0 0 0 0 0 0 0 0 0 0 0 0 0 0 0 0 0 0 0 0 0 0 0 0 0 0 0 0 0 0 0 0 0 0 0 0 0 0 0 0 0 0 0 0 0 0 
1146 1368 0 0 1 618 3156 0 0 1815 0 0 0 0 3 981 909 11182 0 2927 0 2 58 0 0 0 0 0 0 35 2 0 336 2262 56 0 2298 7 0 4 0 5911 0 0 0 0 0 968 0 0 0 0 0 0 0 11 0 0 953 163 284 0 0 15 0 37 0 0 3 13 150 0 83 0 4620 0 0 2592 1 0 24 0 1 
0 0 0 0 0 0 0 0 0 0 0 0 0 0 0 0 1 11 0 0 0 0 0 0 0 0 0 0 0 0 0 336 0 13 0 0 0 0 0 0 0 0 0 0 0 0 0 0 0 0 0 0 0 0 0 0 0 0 0 0 0 0 0 0 0 0 0 0 0 0 0 0 0 0 0 0 0 0 0 0 0 0 0 
1455 3534 0 2 2156 52 2432 4945 1068 10757 0 0 0 0 1 9218 1260 3159 0 22 0 0 0 0 0 0 0 0 126 40 109 2262 13 0 3 6 124 3 9 0 0 2196 0 0 0 0 0 350 0 0 0 0 0 0 0 0 0 0 350 0 47 0 0 0 0 1 0 0 0 0 1 0 0 0 649 0 0 547 0 0 0 0 0 
0 0 0 0 0 0 20 14052 154 20117 73 0 0 20 0 3598 0 572 0 0 0 0 0 0 11 0 0 0 157 262 0 56 0 3 0 209 660 199 0 51 535 0 0 0 0 0 0 10 376 0 114 1206 0 0 0 0 80 0 154 0 6 0 0 0 0 121 0 0 0 0 0 0 0 0 0 1389 212 226 103 0 179 56 178 
281 260 0 0 0 0 12247 6448 85 640 3 154 0 10 0 30 0 0 0 0 0 0 0 0 0 0 0 0 0 0 0 0 0 6 209 0 111 59 0 0 2 29 0 0 0 0 0 6 59 0 0 44 0 0 0 0 0 0 0 0 0 0 0 0 0 0 0 0 0 0 0 0 0 0 0 378 176 0 0 0 0 0 544 
212 1823 0 0 8 0 5560 9582 801 9191 0 0 0 0 100 3933 0 4419 0 1977 0 0 0 0 0 0 0 460 1006 1037 0 2298 0 124 660 111 0 38 0 69 2 78 0 0 2 0 0 20 2 0 0 0 0 0 0 14 0 0 264 23 400 0 0 0 0 1054 0 0 3 0 0 0 0 0 36 59 0 1818 482 0 311 81 2769 
0 13 0 0 0 0 304 332 40 913 0 0 0 0 0 18 0 16 0 23 0 0 0 0 0 0 0 21 7 0 0 7 0 3 199 59 38 0 0 3 1 2 0 0 0 0 0 23 4 0 0 0 0 0 0 0 0 0 8 0 2 0 0 0 0 28 0 0 0 0 0 0 0 0 0 0 0 61 10 0 30 1 2277 
112 0 0 1 0 0 32 0 0 0 0 146 0 0 0 0 0 0 0 0 0 0 0 0 0 0 0 0 0 0 0 0 0 9 0 0 0 0 0 0 0 17 0 0 0 0 0 0 0 0 0 0 0 0 0 0 0 0 0 0 0 0 0 0 0 0 0 0 0 0 0 0 0 0 0 0 0 0 0 0 0 0 0 
0 0 0 0 0 0 0 24 0 445 0 0 0 0 9 35 0 0 0 125 0 0 0 1 4 76 73 25 215 178 0 4 0 0 51 0 69 3 0 0 3 0 0 0 0 0 0 0 0 0 0 0 0 0 0 0 0 0 0 0 0 0 0 0 5 1 17 2 0 0 0 0 0 0 0 0 0 1 0 0 6 0 0 
0 0 0 1 0 0 0 0 0 0 0 0 0 0 0 0 0 0 0 0 0 0 0 0 0 0 0 146 81 0 0 0 0 0 535 2 2 1 0 3 0 0 0 0 0 0 0 0 0 0 0 0 0 0 0 0 0 0 0 0 0 0 0 0 0 2 0 0 0 0 0 0 0 0 0 0 0 7 0 0 3 0 0 
158 144 0 0 0 0 642 0 0 0 0 294 0 0 2 0 0 119 0 265 0 0 0 0 0 0 0 0 7 358 0 5911 0 2196 0 29 78 2 17 0 0 0 1409 0 62 1354 0 5158 0 0 0 0 184 0 0 0 0 0 702 1144 0 0 0 300 0 275 0 0 340 378 20 0 11 0 955 0 305 138 0 17 0 0 0 
0 0 0 0 0 0 0 0 0 0 0 0 0 0 0 0 0 0 0 0 0 0 4 0 0 0 0 0 3 7 0 0 0 0 0 0 0 0 0 0 0 1409 0 0 0 3 0 372 0 0 0 0 0 0 0 0 0 0 0 0 0 0 0 3 0 0 0 0 0 0 0 0 0 0 606 0 0 119 0 0 0 0 0 
0 0 0 0 0 0 194 0 0 0 0 5 0 0 0 0 0 0 0 0 0 0 0 0 0 0 0 0 0 0 0 0 0 0 0 0 0 0 0 0 0 0 0 0 0 0 0 0 0 0 0 0 885 0 0 0 0 0 0 0 0 0 0 0 0 0 0 0 0 0 0 0 0 0 0 0 12 0 0 0 0 0 0 
0 0 0 0 0 0 0 0 0 0 0 1 0 0 0 0 0 0 0 1 0 0 0 0 0 0 0 0 0 0 0 0 0 0 0 0 2 0 0 0 0 62 0 0 0 0 0 158 168 0 0 0 240 0 0 0 0 0 2 0 8 0 0 0 0 0 0 0 1 0 0 0 3 0 6 2 4 0 1 11 0 0 3 
0 0 0 0 0 0 0 0 0 0 0 0 0 0 0 0 0 0 0 0 0 0 0 0 0 0 0 0 0 0 0 0 0 0 0 0 0 0 0 0 0 1354 3 0 0 0 6 144 0 0 0 0 0 0 0 0 0 0 0 0 0 0 0 0 0 0 0 0 0 0 0 0 0 0 2423 0 0 0 0 0 0 0 0 
0 0 0 0 0 0 0 0 0 0 0 0 0 0 0 0 0 0 0 0 0 0 0 0 0 0 0 0 0 0 0 0 0 0 0 0 0 0 0 0 0 0 0 0 0 6 0 154 801 983 420 0 0 0 0 0 1 9 0 0 0 0 0 0 0 0 0 0 0 61 1545 87 753 0 424 0 0 0 0 0 0 0 0 
237 37 0 0 0 0 10953 1298 45 0 0 460 604 0 0 0 0 203 0 154 0 0 74 0 0 0 0 0 23 610 0 968 0 350 10 6 20 23 0 0 0 5158 372 0 158 144 154 0 526 5558 1524 0 975 37 0 0 4 0 170 995 0 0 0 7 0 287 0 0 238 35 1 1 7 0 5410 8 11249 7624 108 13 0 0 17 
0 0 0 0 0 0 915 32765 330 197 1309 0 824 84 0 0 0 0 0 0 0 0 0 0 0 0 0 0 0 0 0 0 0 0 376 59 2 4 0 0 0 0 0 0 168 0 801 526 0 5 343 301 861 14295 6256 0 269 80 0 0 0 0 0 0 0 0 0 0 0 148 1020 173 124 0 4250 14595 14390 14688 134 0 0 0 2629 
0 0 0 0 0 0 0 0 0 0 0 0 0 0 0 0 0 0 0 0 0 0 0 0 0 0 0 0 0 0 0 0 0 0 0 0 0 0 0 0 0 0 0 0 0 0 983 5558 5 0 4578 0 0 0 0 0 234 183 0 0 0 0 0 0 0 0 0 0 0 141 2294 513 398 0 60 0 0 31 0 0 0 0 0 
0 0 0 0 0 0 0 0 0 13 0 0 0 0 0 71 0 0 0 0 0 0 0 0 0 0 0 0 0 0 0 0 0 0 114 0 0 0 0 0 0 0 0 0 0 0 420 1524 343 4578 0 654 0 0 9 0 3496 1179 17 57 0 0 0 0 0 0 0 0 0 30 854 1249 962 4 1123 20929 237 11729 0 0 19 0 6189 
0 0 0 0 0 0 0 269 0 1531 83 0 0 67 0 73 0 0 0 0 0 0 0 0 0 0 0 0 0 0 0 0 0 0 1206 44 0 0 0 0 0 0 0 0 0 0 0 0 301 0 654 0 0 276 6190 0 878 0 285 0 41 0 0 0 0 0 0 0 0 0 0 0 0 0 0 4827 3153 0 0 0 0 0 0 
0 0 0 0 0 0 219 0 0 0 0 0 8 0 0 0 0 0 0 0 0 0 0 0 0 0 0 0 0 0 0 0 0 0 0 0 0 0 0 0 0 184 0 885 240 0 0 975 861 0 0 0 0 0 0 0 0 0 0 0 0 0 0 0 0 0 0 0 0 0 0 0 0 0 0 0 0 0 0 1 0 0 0 
0 0 0 0 0 0 0 461 0 0 90 0 1 0 0 0 0 0 0 0 0 0 0 0 0 0 0 0 0 0 0 0 0 0 0 0 0 0 0 0 0 0 0 0 0 0 0 37 14295 0 0 276 0 0 1 0 0 0 0 0 0 0 0 0 0 0 0 0 0 0 0 0 0 0 0 0 0 0 0 0 0 0 0 
0 0 0 0 0 0 0 211 0 0 203 0 0 0 0 0 0 0 0 16 0 0 0 0 0 0 0 0 0 0 0 0 0 0 0 0 0 0 0 0 0 0 0 0 0 0 0 0 6256 0 9 6190 0 1 0 573 0 0 10 0 3156 0 0 0 0 0 0 0 0 0 0 0 0 0 0 0 0 0 0 0 0 0 0 
0 1 0 0 0 0 7 0 0 0 0 0 0 2 0 0 0 103 0 634 2 0 0 0 0 0 0 0 0 19 0 11 0 0 0 0 14 0 0 0 0 0 0 0 0 0 0 0 0 0 0 0 0 0 573 0 0 0 2558 0 10330 21 2 601 11 10 152 9 0 0 0 0 0 0 0 203 0 49 52 0 10 15 3 
0 0 0 0 0 0 0 0 0 3 6 0 0 0 0 99 0 0 0 0 0 0 0 0 0 0 0 0 0 0 0 0 0 0 80 0 0 0 0 0 0 0 0 0 0 0 1 4 269 234 3496 878 0 0 0 0 0 7653 2943 753 0 0 0 0 0 0 0 0 0 95 453 40 1211 1941 2071 5422 15 14694 0 0 0 0 72 
0 0 0 0 0 0 0 0 0 0 0 0 0 0 0 0 0 0 0 0 0 0 0 0 0 0 0 0 0 0 0 0 0 0 0 0 0 0 0 0 0 0 0 0 0 0 9 0 80 183 1179 0 0 0 0 0 7653 0 15 2043 0 0 0 0 0 0 0 0 0 145 2178 5423 3602 234 56 0 0 14 0 0 0 0 0 
0 332 0 0 0 0 662 0 0 2 3 0 0 0 66 556 0 13611 0 13039 657 0 751 0 0 0 0 0 10 874 0 953 0 350 154 0 264 8 0 0 0 702 0 0 2 0 0 170 0 0 17 285 0 0 10 2558 2943 15 0 3154 459 3 33 893 80 112 285 1 59 13 0 0 286 347 277 7275 18 9528 807 0 6 9 1078 
0 3 0 0 0 0 25 0 0 0 0 0 0 0 0 0 0 14 0 609 0 0 0 0 0 0 0 0 0 48 0 163 0 0 0 0 23 0 0 0 0 1144 0 0 0 0 0 995 0 0 57 0 0 0 0 0 753 2043 3154 0 0 0 0 886 0 2869 0 0 7 3190 6129 975 7411 1865 1511 0 0 9938 30 1 2 0 86 
0 27 0 0 0 0 183 0 0 0 0 0 0 5 246 71 0 709 0 3394 11 0 0 0 0 0 0 0 0 316 0 284 0 47 6 0 400 2 0 0 0 0 0 0 8 0 0 0 0 0 0 41 0 0 3156 10330 0 0 459 0 0 6 0 0 144 186 297 34 32 1 0 0 0 0 0 755 0 983 207 0 4 32 118 
0 0 0 0 0 0 0 0 0 0 0 0 0 0 0 0 0 277 0 10 3 0 0 0 0 0 0 0 0 0 0 0 0 0 0 0 0 0 0 0 0 0 0 0 0 0 0 0 0 0 0 0 0 0 0 21 0 0 3 0 6 0 706 421 296 270 45 0 0 0 0 0 0 0 0 0 0 0 0 0 0 0 0 
0 0 0 0 0 0 0 0 0 0 0 0 0 0 0 0 0 0 0 0 0 10 1 3 0 0 0 0 0 0 0 0 0 0 0 0 0 0 0 0 0 0 0 0 0 0 0 0 0 0 0 0 0 0 0 2 0 0 33 0 0 706 0 65 3173 780 84 0 0 0 0 0 0 0 0 0 0 0 0 0 0 0 0 
0 0 0 0 0 0 0 0 0 0 0 0 0 0 1 0 0 2801 0 67 561 0 1636 0 0 0 0 0 19 242 0 15 0 0 0 0 0 0 0 0 0 300 3 0 0 0 0 7 0 0 0 0 0 0 0 601 0 0 893 886 0 421 65 0 333 11081 47 0 0 9048 3255 0 6436 0 730 0 0 167 0 0 1 0 0 
0 0 0 0 0 0 0 0 0 0 0 0 0 0 0 0 0 0 0 1 79 2 0 11 0 0 0 0 0 0 0 0 0 0 0 0 0 0 0 5 0 0 0 0 0 0 0 0 0 0 0 0 0 0 0 11 0 0 80 0 144 296 3173 333 0 172 130 9 0 0 1 0 0 0 0 0 0 0 0 0 2 0 0 
0 33 0 0 0 0 288 0 0 0 0 5 0 0 20 0 0 7 0 144 0 0 0 0 0 1 0 0 0 44 0 37 0 1 121 0 1054 28 0 1 2 275 0 0 0 0 0 287 0 0 0 0 0 0 0 10 0 0 112 2869 186 270 780 11081 172 0 7 51 0 691 48 0 45 58 436 294 20 935 34 0 83 25 74 
0 0 0 0 0 0 0 0 0 0 0 0 0 0 0 0 0 0 0 0 0 0 0 0 0 7 0 0 0 0 0 0 0 0 0 0 0 0 0 17 0 0 0 0 0 0 0 0 0 0 0 0 0 0 0 152 0 0 285 0 297 45 84 47 130 7 0 17 0 0 0 0 0 0 0 0 0 0 0 0 706 2 0 
0 0 0 0 0 0 0 0 0 0 0 0 0 0 0 0 0 0 0 0 0 0 0 0 0 0 0 0 0 0 0 0 0 0 0 0 0 0 0 2 0 0 0 0 0 0 0 0 0 0 0 0 0 0 0 9 0 0 1 0 34 0 0 0 9 51 17 0 0 0 0 0 0 0 0 0 0 113 32 0 54 137 0 
0 0 0 0 0 0 1 0 0 0 0 2 0 0 0 0 0 1 0 6 0 0 0 0 0 0 0 0 0 1 0 3 0 0 0 0 3 0 0 0 0 340 0 0 1 0 0 238 0 0 0 0 0 0 0 0 0 0 59 7 32 0 0 0 0 0 0 0 0 0 0 0 0 0 1017 0 10 9 0 0 0 1 0 
0 0 0 0 0 0 0 0 0 0 0 0 0 0 0 0 0 72 0 1 18 0 140 0 0 0 0 0 11 14 0 13 0 0 0 0 0 0 0 0 0 378 0 0 0 0 61 35 148 141 30 0 0 0 0 0 95 145 13 3190 1 0 0 9048 0 691 0 0 0 0 635 10 1281 74 821 0 0 265 0 0 0 0 0 
0 0 0 0 0 0 0 0 0 0 0 0 0 0 0 0 0 133 0 0 33 0 155 0 0 0 0 0 22 61 0 150 0 1 0 0 0 0 0 0 0 20 0 0 0 0 1545 1 1020 2294 854 0 0 0 0 0 453 2178 0 6129 0 0 0 3255 1 48 0 0 0 635 0 1474 313 8 667 0 0 309 0 0 0 0 0 
0 0 0 0 0 0 0 0 0 0 0 0 0 0 0 0 0 0 0 0 0 0 0 0 0 0 0 0 0 0 0 0 0 0 0 0 0 0 0 0 0 0 0 0 0 0 87 1 173 513 1249 0 0 0 0 0 40 5423 0 975 0 0 0 0 0 0 0 0 0 10 1474 0 1058 0 9 0 0 145 0 0 0 0 0 
0 0 0 0 0 0 0 0 0 0 0 2 0 0 0 0 0 604 0 1 42 0 299 0 0 0 0 0 43 272 0 83 0 0 0 0 0 0 0 0 0 11 0 0 3 0 753 7 124 398 962 0 0 0 0 0 1211 3602 286 7411 0 0 0 6436 0 45 0 0 0 1281 313 1058 0 293 691 0 8 25 0 0 0 0 0 
0 0 0 0 0 0 0 0 0 0 0 0 0 0 0 0 0 0 0 0 0 0 0 0 0 0 0 0 0 0 0 0 0 0 0 0 0 0 0 0 0 0 0 0 0 0 0 0 0 0 4 0 0 0 0 0 1941 234 347 1865 0 0 0 0 0 58 0 0 0 74 8 0 293 0 526 0 0 21 0 0 0 0 0 
9 50 0 0 0 0 268 0 0 0 0 14 0 0 0 0 0 596 0 5 21 0 609 0 0 0 0 0 176 2039 0 4620 0 649 0 0 36 0 0 0 0 955 606 0 6 2423 424 5410 4250 60 1123 0 0 0 0 0 2071 56 277 1511 0 0 0 730 0 436 0 0 1017 821 667 9 691 526 0 0 51 170 0 19 0 0 0 
0 0 0 0 0 0 1 3 0 44 9 0 0 0 0 130 0 330 0 232 0 0 0 0 0 0 0 0 0 2 0 0 0 0 1389 378 59 0 0 0 0 0 0 0 2 0 0 8 14595 0 20929 4827 0 0 0 203 5422 0 7275 0 755 0 0 0 0 294 0 0 0 0 0 0 0 0 0 0 31 49 86 0 89 488 1173 
1 0 0 0 0 0 0 12 0 14 0 7 0 0 0 3 0 0 0 0 0 0 0 0 0 0 0 0 0 0 0 0 0 0 212 176 0 0 0 0 0 305 0 12 4 0 0 11249 14390 0 237 3153 0 0 0 0 15 0 18 0 0 0 0 0 0 20 0 0 10 0 0 0 8 0 51 31 0 14 0 17 0 0 841 
4 49 0 0 0 0 206 0 0 0 0 0 0 0 33 0 0 295 0 339 0 0 0 0 0 0 0 0 4 431 0 2592 0 547 226 0 1818 61 0 1 7 138 119 0 0 0 0 7624 14688 31 11729 0 0 0 0 49 14694 14 9528 9938 983 0 0 167 0 935 0 113 9 265 309 145 25 21 170 49 14 0 0 5 207 0 2850 
0 0 0 0 0 0 0 0 0 0 0 0 0 0 3 0 0 96 0 102 0 0 0 0 0 0 0 0 0 0 0 1 0 0 103 0 482 10 0 0 0 0 0 0 1 0 0 108 134 0 0 0 0 0 0 52 0 0 807 30 207 0 0 0 0 34 0 32 0 0 0 0 0 0 0 86 0 0 0 0 0 0 2843 
2 0 0 0 0 0 0 0 0 0 0 14 0 0 0 0 0 0 0 0 0 0 0 0 0 0 0 0 0 0 0 0 0 0 0 0 0 0 0 0 0 17 0 0 11 0 0 13 0 0 0 0 1 0 0 0 0 0 0 1 0 0 0 0 0 0 0 0 0 0 0 0 0 0 19 0 17 5 0 0 0 0 0 
0 13 0 0 0 0 112 0 0 0 0 0 0 0 9 0 0 1 0 20 0 0 0 0 0 1 0 0 0 59 0 24 0 0 179 0 311 30 0 6 3 0 0 0 0 0 0 0 0 0 19 0 0 0 0 10 0 0 6 2 4 0 0 1 2 83 706 54 0 0 0 0 0 0 0 89 0 207 0 0 0 121 66 
0 0 0 0 0 0 0 0 0 0 0 0 0 0 0 0 0 31 0 24 0 0 0 0 0 0 0 0 0 0 0 0 0 0 56 0 81 1 0 0 0 0 0 0 0 0 0 0 0 0 0 0 0 0 0 15 0 0 9 0 32 0 0 0 0 25 2 137 1 0 0 0 0 0 0 488 0 0 0 0 121 0 48 
0 0 0 0 0 0 111 5837 665 10201 0 0 0 0 19 1441 0 357 0 14 0 0 0 0 0 0 0 0 0 0 0 1 0 0 178 544 2769 2277 0 0 0 0 0 0 3 0 0 17 2629 0 6189 0 0 0 0 3 72 0 1078 86 118 0 0 0 0 74 0 0 0 0 0 0 0 0 0 1173 841 2850 2843 0 66 48 0 
